4 0.412770 0.396290 0.014698 0.026129
2 0.383212 0.360363 0.004574 0.019597
2 0.310499 0.378871 0.006124 0.017419
3 0.323360 0.439839 0.012248 0.021774
3 0.303150 0.442016 0.011023 0.047903
3 0.345406 0.442016 0.031845 0.047903
3 0.377251 0.461613 0.061240 0.074032
1 0.282329 0.401734 0.040418 0.198145
1 0.156884 0.359274 0.225556 0.396290
3 0.060028 0.547621 0.117581 0.341855
9 0.424405 0.437661 0.011023 0.047903
9 0.603838 0.472500 0.019597 0.100161
9 0.625885 0.470323 0.024496 0.113226
1 0.391934 0.424783 0.033464 0.057966
4 0.475165 0.369868 0.019735 0.033559
