9 0.397706 0.303051 0.009439 0.018305
9 0.429454 0.287797 0.007722 0.021356
9 0.511398 0.267203 0.006864 0.016780
9 0.423877 0.282814 0.006864 0.018305
9 0.508824 0.273661 0.010297 0.027458
9 0.547436 0.324000 0.005148 0.024407
9 0.753369 0.253830 0.029174 0.021356
9 0.727627 0.314847 0.012013 0.030508
5 0.492864 0.351610 0.013729 0.032034
2 0.407860 0.339407 0.015445 0.013729
2 0.396705 0.340169 0.015445 0.012203
2 0.387696 0.344746 0.016303 0.021356
2 0.374396 0.368390 0.044619 0.065593
2 0.350371 0.368390 0.022309 0.053390
2 0.342648 0.379830 0.029174 0.094576
2 0.438750 0.436525 0.144153 0.212034
2 0.591340 0.400678 0.033464 0.082373
2 0.658697 0.415424 0.145869 0.204407
2 0.832595 0.494746 0.333496 0.424068
2 0.941854 0.749237 0.114979 0.358475
7 0.223652 0.279806 0.223048 0.390508
2 0.024562 0.368499 0.048051 0.054915
2 0.107656 0.359151 0.037252 0.035660
