2 0.323162 0.338841 0.007041 0.026821
2 0.317127 0.337053 0.005029 0.030397
2 0.503702 0.351358 0.008046 0.030397
2 0.497164 0.350464 0.007041 0.028609
2 0.412678 0.396954 0.005029 0.014305
2 0.475037 0.396060 0.007041 0.019669
2 0.497667 0.421987 0.004023 0.017881
3 0.445366 0.442550 0.012070 0.019669
3 0.463470 0.457748 0.032185 0.035762
3 0.502696 0.480099 0.078452 0.087616
3 0.344786 0.453278 0.030174 0.033974
3 0.247224 0.469371 0.062359 0.073311
3 0.556003 0.458642 0.040232 0.051854
3 0.560529 0.479205 0.031180 0.064371
3 0.629426 0.464007 0.110637 0.119801
3 0.681225 0.500662 0.119690 0.135894
3 0.866763 0.524053 0.265468 0.468768
4 0.447880 0.421987 0.009052 0.017881
4 0.025447 0.278046 0.027156 0.055430
4 0.580645 0.375497 0.015087 0.014305
2 0.581651 0.417517 0.011064 0.016093
2 0.284942 0.421093 0.011064 0.012517
2 0.209837 0.408576 0.015747 0.019669
4 0.292485 0.392483 0.012070 0.008940
9 0.754145 0.437185 0.014081 0.055430
9 0.182853 0.460430 0.018104 0.069735
