4 0.620373 0.500807 0.011023 0.026129
4 0.486258 0.507339 0.019597 0.017419
4 0.346018 0.483387 0.013473 0.026129
3 0.573831 0.537823 0.011023 0.021774
3 0.492994 0.551976 0.011023 0.019597
3 0.469111 0.553065 0.012248 0.017419
3 0.453137 0.557322 0.017249 0.026325
1 0.399233 0.564941 0.100306 0.128269
3 0.219252 0.597702 0.029395 0.063145
3 0.270693 0.599879 0.097984 0.093629
3 0.032470 0.632540 0.064914 0.111048
3 0.530963 0.574839 0.072263 0.104516
3 0.604451 0.551976 0.015922 0.041371
3 0.617311 0.556331 0.017147 0.058790
3 0.635071 0.556331 0.028170 0.063145
3 0.650381 0.562863 0.029395 0.063145
3 0.684063 0.568307 0.069814 0.100161
3 0.761225 0.572661 0.123705 0.187258
3 0.883092 0.625200 0.227813 0.286857
