2 0.025405 0.286493 0.015595 0.085308
2 0.567644 0.433649 0.010797 0.038389
2 0.008204 0.289692 0.016408 0.083175
2 0.556247 0.434715 0.007198 0.036256
2 0.181958 0.581872 0.014396 0.019194
2 0.682810 0.430450 0.013196 0.049052
7 0.282729 0.606398 0.052784 0.119431
9 0.078189 0.652251 0.015595 0.070379
9 0.162764 0.655450 0.014396 0.072512
9 0.171761 0.647985 0.015595 0.066114
4 0.609032 0.433649 0.047986 0.021327
4 0.597635 0.474170 0.017995 0.034123
4 0.658217 0.509360 0.011996 0.036256
4 0.610831 0.530687 0.020394 0.019194
1 0.539610 0.583128 0.017551 0.016641
3 0.725397 0.617061 0.086374 0.115166
9 0.794377 0.595734 0.020394 0.081043
3 0.625227 0.650118 0.154754 0.219668
3 0.858500 0.678909 0.283000 0.349763
3 0.416489 0.645853 0.313107 0.394550
