9 0.524609 0.447978 0.010723 0.036393
9 0.286269 0.466175 0.005849 0.031194
9 0.547517 0.515276 0.007798 0.031194
9 0.575787 0.432959 0.009748 0.043325
9 0.698125 0.510655 0.008773 0.041592
9 0.718596 0.553113 0.014622 0.029461
9 0.139398 0.481483 0.011698 0.036393
2 0.065312 0.749519 0.130624 0.331001
2 0.476031 0.612613 0.013647 0.022529
2 0.497477 0.642940 0.044841 0.065854
2 0.634762 0.629076 0.059463 0.086650
2 0.565713 0.681932 0.120876 0.136906
2 0.407145 0.681066 0.159868 0.239153
5 0.305115 0.620411 0.066287 0.110911
