2 0.436714 0.159435 0.019496 0.072786
2 0.418680 0.152503 0.016572 0.072786
2 0.614616 0.348331 0.024370 0.034660
2 0.980657 0.082317 0.037043 0.074519
4 0.621440 0.240886 0.041917 0.017330
4 0.597070 0.299808 0.032169 0.024262
9 0.367990 0.463575 0.022421 0.084917
3 0.426381 0.434114 0.009748 0.019063
3 0.434667 0.433248 0.008773 0.013864
3 0.453188 0.435847 0.008773 0.019063
3 0.445390 0.437580 0.016572 0.025995
3 0.475121 0.435847 0.013647 0.029461
3 0.488769 0.441913 0.029244 0.031194
3 0.490231 0.454044 0.028269 0.034660
3 0.510702 0.470507 0.053614 0.074519
7 0.407372 0.430648 0.034118 0.050257
3 0.368650 0.449134 0.038018 0.053723
3 0.330632 0.464731 0.055564 0.077985
3 0.239488 0.469930 0.027295 0.077985
3 0.201470 0.456066 0.048740 0.029461
3 0.273606 0.477728 0.089682 0.107445
3 0.176125 0.496791 0.105279 0.097048
3 0.400819 0.460398 0.043866 0.079718
3 0.511459 0.470796 0.054589 0.072786
3 0.723967 0.482927 0.348981 0.228755
4 0.805851 0.308473 0.017547 0.062388
