4 0.102842 0.301541 0.022421 0.045058
3 0.077985 0.394256 0.050690 0.036393
3 0.126238 0.378659 0.043866 0.025995
4 0.619003 0.194962 0.040942 0.057189
4 0.616566 0.253883 0.032169 0.043325
4 0.596582 0.128241 0.033143 0.041592
4 0.597557 0.055456 0.038992 0.034660
2 0.147196 0.165501 0.017547 0.067587
2 0.735493 0.269480 0.014622 0.022529
2 0.661407 0.265148 0.016572 0.024262
7 0.945564 0.367394 0.107229 0.339666
1 0.865629 0.369127 0.105279 0.266881
3 0.645323 0.464442 0.270997 0.374326
3 0.355317 0.499968 0.451336 0.511233
2 0.382125 0.233954 0.011698 0.024262
3 0.793679 0.426206 0.053016 0.084548
4 0.100925 0.017461 0.175129 0.032990
3 0.536428 0.329833 0.051031 0.080412
