3 0.341719 0.481750 0.018562 0.034500
3 0.232875 0.481750 0.037125 0.031500
3 0.199547 0.481750 0.029531 0.049500
3 0.167062 0.478750 0.038812 0.052500
3 0.108844 0.484750 0.048937 0.055500
3 0.050203 0.492000 0.081844 0.054000
3 0.448172 0.489750 0.044719 0.067500
3 0.495844 0.516000 0.065812 0.102000
3 0.544078 0.535750 0.107156 0.133500
3 0.689625 0.598000 0.290250 0.300000
3 0.388125 0.503250 0.092812 0.145500
2 0.243000 0.388750 0.013500 0.019500
2 0.380531 0.306250 0.008438 0.040500
2 0.394875 0.299000 0.010125 0.039000
4 0.242578 0.425250 0.014344 0.024000
4 0.490219 0.399750 0.018562 0.018000
4 0.493172 0.308250 0.017719 0.009000
4 0.023203 0.340500 0.026156 0.046500
3 0.317250 0.480000 0.028687 0.034500
