2 0.543943 0.230488 0.011698 0.055456
2 0.522984 0.230488 0.010723 0.045058
2 0.386999 0.137773 0.013647 0.074519
2 0.352880 0.131707 0.009748 0.062388
2 0.370427 0.132574 0.019496 0.077985
2 0.533220 0.231354 0.009748 0.053723
2 0.028757 0.246951 0.047766 0.053723
2 0.673592 0.409853 0.013647 0.022529
4 0.712097 0.414185 0.016572 0.027728
4 0.269534 0.092715 0.094556 0.067587
4 0.068237 0.166367 0.070186 0.107445
4 0.082859 0.023395 0.042892 0.046791
3 0.520547 0.480039 0.015597 0.048524
3 0.546380 0.486104 0.049715 0.064121
3 0.341183 0.526829 0.054589 0.048524
3 0.196911 0.404654 0.079934 0.060655
3 0.130137 0.411586 0.123801 0.084917
3 0.043866 0.407762 0.052640 0.025279
3 0.438664 0.538094 0.148171 0.161168
1 0.867092 0.497369 0.262223 0.190629
9 0.618028 0.486104 0.015597 0.064121
