3 0.925213 0.520122 0.144153 0.212034
3 0.672864 0.428390 0.030032 0.038136
3 0.315486 0.461186 0.037754 0.067119
3 0.342085 0.458136 0.025742 0.048814
3 0.366111 0.451271 0.029174 0.041186
3 0.275157 0.471864 0.070360 0.079322
3 0.411587 0.438305 0.006864 0.024407
3 0.399146 0.442119 0.018019 0.028983
3 0.430035 0.445932 0.035180 0.057966
3 0.448054 0.417712 0.011155 0.022881
3 0.455777 0.415424 0.007722 0.015254
3 0.520560 0.424576 0.005148 0.021356
3 0.525279 0.425339 0.009439 0.019831
3 0.537721 0.427373 0.018877 0.031017
3 0.492244 0.407797 0.006864 0.012203
3 0.497392 0.410847 0.005148 0.015254
7 0.506402 0.413390 0.012871 0.027458
3 0.473367 0.415678 0.010297 0.013729
3 0.481947 0.411864 0.006864 0.012203
3 0.584913 0.437797 0.037754 0.039661
4 0.542440 0.343220 0.016303 0.009153
4 0.598204 0.362034 0.007722 0.009153
3 0.515831 0.417712 0.004290 0.016780
4 0.604211 0.378051 0.006006 0.019831
2 0.393130 0.349068 0.004290 0.016780
2 0.518263 0.342076 0.003432 0.016780
2 0.510111 0.361144 0.004290 0.012203
9 0.078472 0.494769 0.018521 0.081451
