4 0.549387 0.143489 0.016278 0.044855
4 0.804953 0.158682 0.027673 0.020257
4 0.837103 0.084164 0.031742 0.079582
4 0.693448 0.125402 0.013023 0.023151
4 0.651939 0.170257 0.024417 0.043408
4 0.549387 0.190997 0.019534 0.018810
4 0.516831 0.227170 0.011395 0.027492
2 0.413464 0.227274 0.006511 0.018810
2 0.465332 0.230611 0.008139 0.017363
3 0.111888 0.336420 0.223776 0.373463
3 0.014560 0.535621 0.027673 0.268006
3 0.264705 0.331897 0.165223 0.179421
3 0.361242 0.286350 0.018720 0.027492
3 0.350661 0.289968 0.017092 0.037621
3 0.342522 0.295755 0.020348 0.046302
3 0.421197 0.289389 0.011395 0.011576
3 0.408174 0.285772 0.017906 0.018810
3 0.398000 0.287942 0.007325 0.020257
3 0.472473 0.285772 0.022789 0.044855
3 0.481833 0.295177 0.031742 0.046302
3 0.507471 0.298071 0.042323 0.066559
3 0.771176 0.397910 0.227894 0.243087
3 0.855366 0.515871 0.289075 0.463868
3 0.436661 0.281431 0.021162 0.033280
3 0.388233 0.285048 0.026859 0.031833
3 0.574211 0.314710 0.113947 0.149035
