2 0.455723 0.453177 0.004874 0.022529
2 0.460597 0.454044 0.004874 0.020796
2 0.382125 0.493903 0.009748 0.013864
4 0.112103 0.350064 0.027295 0.041592
4 0.389436 0.461842 0.014622 0.008665
4 0.381150 0.455777 0.013647 0.013864
4 0.541506 0.510366 0.006824 0.015597
4 0.556128 0.494769 0.012673 0.008665
2 0.560515 0.514699 0.003899 0.013864
4 0.838725 0.372593 0.048740 0.110911
4 0.851885 0.441913 0.026320 0.031194
3 0.457672 0.528562 0.010723 0.017330
3 0.452798 0.538960 0.010723 0.024262
3 0.415268 0.551091 0.015597 0.038126
3 0.402596 0.555424 0.023395 0.053723
3 0.383587 0.556290 0.034118 0.055456
3 0.355317 0.569288 0.053614 0.077985
3 0.310964 0.581419 0.077985 0.098781
3 0.232004 0.600482 0.142322 0.147304
3 0.528346 0.545892 0.011698 0.020796
9 0.611205 0.543293 0.007798 0.032927
3 0.621440 0.547625 0.016572 0.038126
3 0.654583 0.583152 0.086758 0.112644
3 0.803632 0.558023 0.056539 0.051990
3 0.861633 0.564089 0.043866 0.050257
3 0.903062 0.567555 0.042892 0.039859
3 0.949853 0.571021 0.054589 0.050257
3 0.089525 0.641207 0.179050 0.367394
3 0.986895 0.574833 0.025345 0.043325
3 0.722820 0.624744 0.140372 0.149037
3 0.478533 0.547972 0.043866 0.072786
3 0.442465 0.541907 0.018521 0.025995
7 0.506413 0.525096 0.038018 0.083184
4 0.410882 0.499102 0.012673 0.006932
