4 0.245652 0.141239 0.027295 0.053723
4 0.252475 0.227888 0.013647 0.022529
2 0.404545 0.091849 0.007798 0.058922
2 0.668231 0.175032 0.010723 0.045058
2 0.227618 0.286810 0.014622 0.022529
2 0.419167 0.094448 0.015597 0.053723
2 0.395772 0.095315 0.011698 0.048524
2 0.241265 0.288543 0.010723 0.025995
9 0.140372 0.392120 0.044841 0.132635
9 0.199348 0.364795 0.028269 0.091849
9 0.020471 0.382991 0.021446 0.107445
9 0.045816 0.377792 0.044841 0.107445
9 0.056051 0.383858 0.014622 0.095315
9 0.067749 0.371727 0.014622 0.084917
9 0.089041 0.348619 0.016880 0.075676
9 0.006824 0.376059 0.013647 0.121309
9 0.115027 0.368261 0.015597 0.077985
9 0.272459 0.374326 0.034118 0.103980
9 0.305115 0.367394 0.009748 0.062388
9 0.292442 0.352664 0.011698 0.036393
9 0.244189 0.357863 0.022421 0.067587
9 0.324124 0.350064 0.010723 0.034660
9 0.335821 0.351797 0.010723 0.031194
9 0.344107 0.352664 0.009748 0.036393
9 0.352880 0.351797 0.007798 0.024262
0 0.400646 0.371727 0.017547 0.071053
5 0.400159 0.388190 0.014622 0.048524
9 0.613558 0.368261 0.012504 0.036393
9 0.635575 0.365323 0.011698 0.040916
9 0.654096 0.362195 0.017547 0.051990
3 0.495202 0.419384 0.150120 0.242619
3 0.377738 0.369994 0.038018 0.057189
3 0.419655 0.363062 0.024370 0.043325
3 0.428428 0.363928 0.018521 0.034660
3 0.585860 0.382125 0.027295 0.039859
7 0.564414 0.348331 0.035093 0.065854
7 0.824847 0.372430 0.349300 0.742047
