9 0.530295 0.252150 0.019496 0.067587
9 0.819326 0.433248 0.018521 0.041592
9 0.301216 0.308473 0.015597 0.055456
9 0.144759 0.441913 0.012673 0.024262
9 0.430378 0.454044 0.006824 0.020796
9 0.422092 0.472240 0.009748 0.019063
9 0.397234 0.473973 0.008773 0.015597
9 0.384074 0.448845 0.007798 0.017330
2 0.008286 0.554557 0.016572 0.103980
2 0.934841 0.631675 0.126725 0.244352
2 0.814452 0.611746 0.180339 0.176765
2 0.354830 0.507767 0.007798 0.024262
2 0.347519 0.517298 0.016572 0.046791
2 0.339721 0.519031 0.018521 0.057189
2 0.329485 0.521631 0.019496 0.055456
2 0.303653 0.526829 0.055564 0.055456
2 0.441101 0.682799 0.293417 0.398588
