3 0.055273 0.505619 0.045411 0.053821
3 0.120867 0.543742 0.126142 0.130066
3 0.196552 0.523559 0.085777 0.112126
3 0.036983 0.556076 0.071901 0.163704
3 0.349301 0.507508 0.012849 0.053115
3 0.429284 0.505619 0.011353 0.049336
1 0.473434 0.471981 0.018921 0.035880
1 0.503077 0.485436 0.045411 0.121096
1 0.457666 0.523559 0.058025 0.089701
3 0.381981 0.511225 0.040365 0.056063
3 0.323325 0.512347 0.041627 0.058306
3 0.841768 0.667998 0.314093 0.383471
2 0.472172 0.339468 0.008830 0.040365
2 0.349184 0.302671 0.012614 0.042608
2 0.339092 0.306034 0.015137 0.035880
4 0.142942 0.334066 0.021444 0.020183
4 0.147987 0.316126 0.021444 0.020183
4 0.158710 0.375553 0.030274 0.022425
4 0.189614 0.428252 0.013876 0.015698
4 0.558178 0.415988 0.011353 0.013455
9 0.247238 0.511295 0.012614 0.065033
2 0.461228 0.339089 0.008345 0.029670
3 0.362283 0.505455 0.010729 0.040267
3 0.421888 0.510753 0.008345 0.016954
3 0.413543 0.508634 0.010729 0.016954
3 0.405199 0.509694 0.008345 0.019074
4 0.550517 0.438697 0.014305 0.012716
3 0.530251 0.505455 0.016690 0.031790
9 0.548371 0.521350 0.009537 0.059341
2 0.165703 0.413265 0.014305 0.029670
2 0.561961 0.456711 0.014305 0.019074
