2 0.383544 0.495810 0.008414 0.020568
2 0.377234 0.497680 0.012621 0.024307
2 0.363561 0.505160 0.025242 0.043006
2 0.319912 0.504225 0.017880 0.029917
2 0.360405 0.513574 0.018932 0.044875
2 0.202640 0.521988 0.056795 0.069183
2 0.115168 0.537258 0.091504 0.097230
2 0.257157 0.518560 0.059951 0.082272
2 0.340772 0.518248 0.039967 0.054224
2 0.412818 0.527597 0.068365 0.099100
2 0.848431 0.530011 0.212469 0.157528
9 0.431224 0.140236 0.018932 0.093490
9 0.339721 0.425381 0.004207 0.016828
9 0.317108 0.433795 0.003155 0.014958
9 0.627729 0.358691 0.024191 0.043006
9 0.449280 0.138989 0.015776 0.078532
9 0.409838 0.138054 0.023139 0.091621
9 0.320964 0.435042 0.005259 0.014958
9 0.313602 0.437846 0.005259 0.016828
9 0.385472 0.463089 0.003155 0.014958
9 0.353394 0.462154 0.004207 0.016828
9 0.003155 0.421953 0.006311 0.029917
