2 0.257201 0.232327 0.016259 0.052708
2 0.373949 0.288703 0.021041 0.037406
2 0.521234 0.344811 0.011477 0.037406
2 0.510713 0.346512 0.009564 0.037406
2 0.509279 0.178186 0.016259 0.020403
2 0.507366 0.216442 0.016259 0.022103
2 0.462224 0.388168 0.012433 0.018703
2 0.445009 0.389868 0.008608 0.028904
2 0.374906 0.379666 0.009564 0.025504
2 0.166890 0.355863 0.016259 0.056108
2 0.152066 0.362664 0.011477 0.028904
4 0.144893 0.452267 0.023910 0.040806
4 0.361516 0.471820 0.040168 0.076511
4 0.666127 0.294144 0.041125 0.061209
4 0.821350 0.345151 0.036343 0.037406
4 0.782616 0.346852 0.023910 0.040806
4 0.374236 0.249937 0.021997 0.040806
4 0.256791 0.195529 0.010520 0.017003
4 0.165456 0.319648 0.009564 0.013602
4 0.460025 0.368105 0.005738 0.018703
4 0.379210 0.404660 0.008608 0.017003
