2 0.096504 0.517098 0.121289 0.091875
2 0.063809 0.538661 0.127617 0.075000
2 0.425039 0.498348 0.018984 0.035625
2 0.400781 0.498348 0.021094 0.058125
2 0.374941 0.504375 0.047461 0.069375
2 0.471972 0.502500 0.013711 0.024375
2 0.447715 0.504375 0.039023 0.050625
2 0.501504 0.499687 0.032695 0.041250
2 0.543691 0.502500 0.026367 0.031875
7 0.751992 0.531562 0.216211 0.225000
2 0.940254 0.638437 0.116016 0.296250
9 0.169805 0.415312 0.027422 0.030000
9 0.284238 0.444375 0.007383 0.020625
9 0.341191 0.323437 0.007383 0.030000
9 0.358594 0.319687 0.008437 0.037500
9 0.349629 0.318750 0.007383 0.035625
9 0.515742 0.294375 0.010547 0.050625
9 0.504140 0.297187 0.008437 0.041250
9 0.452461 0.437812 0.006328 0.015000
9 0.498340 0.441562 0.007383 0.015000
2 0.842695 0.495000 0.068555 0.058125
2 0.185098 0.509062 0.081211 0.056250
