3 0.285501 0.503820 0.030274 0.035880
3 0.258381 0.508305 0.039104 0.062791
3 0.226215 0.512790 0.045411 0.067276
3 0.199725 0.520639 0.052980 0.065033
3 0.405336 0.501578 0.020183 0.040365
3 0.513818 0.530731 0.052980 0.067276
3 0.493635 0.492608 0.025228 0.049336
3 0.355510 0.547549 0.122358 0.177159
3 0.146745 0.530731 0.093345 0.080731
3 0.899182 0.544186 0.200566 0.107641
1 0.455162 0.482516 0.079469 0.154734
9 0.573105 0.508305 0.022706 0.071761
9 0.630499 0.496719 0.018921 0.074003
2 0.283279 0.467726 0.007569 0.022425
4 0.918734 0.397300 0.022706 0.024668
4 0.557637 0.365051 0.018921 0.015698
4 0.562683 0.419192 0.018921 0.015698
4 0.559530 0.400130 0.025228 0.013455
4 0.557007 0.382190 0.020183 0.013455
4 0.329321 0.425919 0.013876 0.024668
