3 0.219117 0.539940 0.116231 0.123980
3 0.291869 0.518511 0.089541 0.093367
3 0.346540 0.523868 0.038744 0.048980
3 0.383562 0.513919 0.037022 0.044388
3 0.395185 0.503205 0.036161 0.050510
3 0.425319 0.507031 0.017219 0.024490
3 0.559630 0.507031 0.010332 0.045918
3 0.516438 0.504536 0.010619 0.019499
3 0.484869 0.509184 0.024968 0.039796
3 0.442682 0.507653 0.012915 0.021429
3 0.453875 0.505102 0.009471 0.012245
3 0.518878 0.506633 0.006888 0.018367
3 0.505963 0.505868 0.012054 0.013776
3 0.531792 0.511225 0.017219 0.027551
3 0.617459 0.536225 0.054241 0.061225
1 0.597657 0.484949 0.069739 0.123980
9 0.605405 0.476786 0.014636 0.047449
9 0.646732 0.515051 0.011193 0.050510
9 0.663951 0.515817 0.011193 0.067347
9 0.677296 0.511990 0.010332 0.044388
9 0.694946 0.511225 0.012915 0.045918
9 0.717762 0.512755 0.012054 0.061225
9 0.748326 0.524235 0.012915 0.062755
9 0.785778 0.524235 0.020663 0.081122
9 0.799984 0.514286 0.012915 0.055102
9 0.831840 0.535715 0.019802 0.101020
9 0.709152 0.522904 0.012054 0.084582
9 0.767842 0.524434 0.019228 0.105214
4 0.977775 0.286225 0.041327 0.036735
4 0.978205 0.125510 0.033578 0.070408
4 0.988106 0.337500 0.018941 0.022959
4 0.164158 0.401786 0.017219 0.059694
4 0.664812 0.394898 0.012915 0.027551
4 0.626929 0.370408 0.049075 0.033673
2 0.636687 0.102184 0.019802 0.075000
