9 0.637223 0.341232 0.010797 0.042654
9 0.448279 0.364692 0.009597 0.029858
9 0.608432 0.397749 0.008398 0.023460
9 0.492066 0.394550 0.010797 0.025592
9 0.899991 0.431872 0.015211 0.023460
9 0.628226 0.342298 0.007198 0.044787
9 0.809972 0.315640 0.010797 0.042654
9 0.310920 0.435071 0.015595 0.025592
9 0.285728 0.414810 0.013196 0.014929
9 0.399499 0.389450 0.008787 0.028189
2 0.560217 0.477735 0.040046 0.045763
2 0.918386 0.517331 0.086067 0.066417
2 0.820169 0.547038 0.119964 0.130095
2 0.205951 0.499052 0.100770 0.110900
2 0.095584 0.491587 0.050385 0.083175
2 0.048992 0.511848 0.097983 0.260189
2 0.633079 0.484879 0.040680 0.035636
2 0.990672 0.534592 0.016381 0.045763
9 0.911692 0.431626 0.015211 0.027042
9 0.166942 0.394184 0.016381 0.027042
9 0.181568 0.392104 0.010531 0.022881
