2 0.437876 0.383672 0.007910 0.030469
2 0.499180 0.293437 0.011865 0.051562
4 0.549278 0.416484 0.014502 0.035156
4 0.368003 0.354375 0.015820 0.014062
3 0.399644 0.480937 0.018457 0.079687
3 0.357456 0.466875 0.073828 0.182812
7 0.500498 0.386015 0.088330 0.049219
3 0.485385 0.524230 0.187302 0.279012
7 0.165230 0.366762 0.330460 0.732587
5 0.620469 0.497343 0.048779 0.079687
5 0.626402 0.495000 0.039551 0.075000
5 0.680454 0.510234 0.073828 0.105469
5 0.708140 0.533671 0.055371 0.142969
5 0.701548 0.530156 0.058008 0.135937
5 0.778672 0.523125 0.112060 0.154687
6 0.807628 0.477439 0.030219 0.050257
