3 0.446264 0.453906 0.011865 0.018750
3 0.435717 0.463281 0.011865 0.018750
3 0.468457 0.457422 0.007910 0.035156
7 0.493506 0.453906 0.039551 0.065625
9 0.203467 0.450390 0.013184 0.039844
3 0.030981 0.567968 0.061963 0.342187
9 0.547998 0.471875 0.010547 0.051562
5 0.653686 0.505078 0.051416 0.058594
5 0.852319 0.542578 0.040869 0.086719
6 0.903076 0.514453 0.058008 0.180469
4 0.826611 0.273047 0.055371 0.063281
9 0.312715 0.461562 0.015820 0.050625
9 0.333281 0.469062 0.012656 0.046875
9 0.560039 0.473750 0.012656 0.045000
