2 0.545460 0.086325 0.019891 0.043683
2 0.430208 0.541179 0.009361 0.018721
2 0.530834 0.541179 0.009361 0.018721
2 0.451269 0.573421 0.009361 0.016641
2 0.352398 0.596302 0.008190 0.016641
2 0.581330 0.587635 0.010531 0.018721
1 0.278623 0.609997 0.104136 0.134168
3 0.516878 0.599076 0.011701 0.022881
3 0.527409 0.603236 0.016381 0.027042
3 0.542035 0.617797 0.010531 0.022881
3 0.554906 0.618837 0.022231 0.029122
3 0.590593 0.621957 0.044463 0.056163
3 0.640321 0.621957 0.043293 0.052003
3 0.481191 0.583475 0.014041 0.016641
3 0.471246 0.585555 0.010531 0.020801
3 0.462470 0.589715 0.014041 0.024961
4 0.788920 0.082165 0.147429 0.087365
4 0.959750 0.115447 0.067864 0.112327
9 0.395776 0.611557 0.014041 0.043683
3 0.448868 0.608288 0.014041 0.024961
4 0.499181 0.603088 0.030422 0.052003
