3 0.485369 0.589308 0.020084 0.027204
3 0.506410 0.591858 0.029648 0.022103
3 0.536536 0.601209 0.036343 0.030605
3 0.570488 0.611411 0.048776 0.051008
3 0.624046 0.612261 0.064078 0.083312
3 0.677126 0.636235 0.095639 0.098615
4 0.405032 0.568735 0.010520 0.015302
4 0.526016 0.571285 0.007651 0.017003
2 0.020562 0.152555 0.018171 0.052793
2 0.051167 0.123693 0.025823 0.052708
2 0.006854 0.103715 0.012433 0.054408
2 0.904173 0.499874 0.024866 0.034005
2 0.933866 0.501701 0.015597 0.029461
3 0.432327 0.591383 0.022421 0.027728
