3 0.475839 0.364937 0.013658 0.026709
3 0.488814 0.357653 0.012292 0.026709
3 0.504657 0.346605 0.009560 0.021853
3 0.551777 0.353890 0.013658 0.016996
3 0.439099 0.374528 0.012292 0.043705
3 0.431588 0.375742 0.019121 0.041277
3 0.423393 0.376956 0.010926 0.048561
3 0.410418 0.376956 0.023218 0.058273
3 0.391297 0.383026 0.036876 0.060701
3 0.368079 0.395167 0.036876 0.055845
3 0.336666 0.407307 0.053266 0.070414
3 0.297058 0.415805 0.064192 0.082554
3 0.223306 0.432802 0.110628 0.116547
3 0.463683 0.367244 0.017755 0.033993
3 0.499877 0.364816 0.016389 0.024281
3 0.539484 0.367244 0.019121 0.053417
3 0.514900 0.347820 0.010926 0.024281
1 0.597530 0.330823 0.077850 0.165108
5 0.540850 0.386668 0.013658 0.043705
