2 0.059643 0.553029 0.119286 0.213450
2 0.116557 0.495508 0.033525 0.048511
2 0.734816 0.562731 0.089659 0.085934
2 0.669326 0.544712 0.052236 0.099795
2 0.511447 0.523229 0.023389 0.054055
2 0.532108 0.523229 0.017932 0.040195
2 0.543023 0.535703 0.021050 0.045739
2 0.186335 0.586986 0.219860 0.206519
2 0.428805 0.590452 0.169963 0.227310
2 0.594480 0.571047 0.109930 0.130287
9 0.548870 0.271663 0.018711 0.047125
9 0.659190 0.426899 0.014813 0.030493
9 0.301333 0.462936 0.013254 0.027721
9 0.079524 0.370072 0.032745 0.038809
9 0.481821 0.301463 0.010915 0.048511
9 0.374230 0.363835 0.014034 0.029107
9 0.626835 0.399872 0.009356 0.031879
9 0.470906 0.304928 0.012474 0.044353
9 0.681020 0.425513 0.019491 0.036037
