9 0.923497 0.417156 0.029174 0.045763
9 0.639482 0.412579 0.015445 0.036610
4 0.729577 0.306562 0.018877 0.053390
4 0.458004 0.320291 0.014587 0.019831
4 0.500049 0.356901 0.016303 0.010678
4 0.517210 0.342410 0.009439 0.012203
4 0.514206 0.326393 0.006864 0.013729
4 0.509487 0.375206 0.007722 0.016780
4 0.466585 0.369105 0.012871 0.010678
4 0.214747 0.376732 0.006864 0.013729
4 0.223756 0.396562 0.007722 0.019831
2 0.217750 0.340122 0.006006 0.019831
2 0.280817 0.315715 0.005148 0.022881
2 0.382496 0.338596 0.004290 0.022881
4 0.059010 0.394274 0.012871 0.018305
3 0.074026 0.564359 0.145869 0.300508
3 0.322861 0.487325 0.123559 0.189153
3 0.586712 0.525461 0.230816 0.231864
3 0.910197 0.544528 0.177616 0.224237
3 0.762183 0.484274 0.195636 0.176949
3 0.485891 0.466732 0.082373 0.126610
3 0.250785 0.456054 0.049767 0.074746
3 0.420250 0.437749 0.045477 0.059492
3 0.400944 0.434698 0.015445 0.044237
3 0.395366 0.424020 0.028316 0.050339
3 0.377776 0.424020 0.010297 0.025932
3 0.091616 0.441562 0.026600 0.033559
3 0.125938 0.440037 0.018019 0.018305
3 0.176992 0.427071 0.020593 0.016780
3 0.201018 0.428596 0.022309 0.016780
3 0.238772 0.418681 0.010297 0.024407
