2 0.077305 0.270000 0.019775 0.079687
2 0.381846 0.163359 0.017139 0.072656
2 0.515000 0.252422 0.011865 0.063281
2 0.359434 0.157500 0.025049 0.084375
2 0.499180 0.247734 0.011865 0.058594
2 0.462925 0.337969 0.013184 0.037500
2 0.499180 0.489140 0.011865 0.025781
2 0.300108 0.462187 0.014502 0.028125
2 0.010728 0.448125 0.013184 0.023437
2 0.772739 0.367265 0.021094 0.030469
2 0.786582 0.415312 0.011865 0.037500
2 0.897983 0.469218 0.013184 0.028125
2 0.916440 0.333281 0.010547 0.056250
2 0.932261 0.439922 0.023730 0.035156
2 0.897324 0.498515 0.014502 0.025781
2 0.518296 0.431718 0.007910 0.032812
2 0.033140 0.260625 0.018457 0.056250
2 0.319224 0.398906 0.010547 0.037500
4 0.954673 0.357890 0.036914 0.035156
4 0.893369 0.420000 0.022412 0.028125
4 0.511045 0.448125 0.017139 0.042187
4 0.311314 0.493828 0.015820 0.035156
4 0.063462 0.348515 0.036914 0.058594
4 0.056871 0.408281 0.023730 0.056250
4 0.960605 0.227812 0.048779 0.032812
3 0.706821 0.561796 0.042187 0.053906
3 0.733848 0.554765 0.019775 0.053906
3 0.630357 0.566484 0.044824 0.039844
3 0.664634 0.562968 0.052734 0.046875
3 0.576304 0.568828 0.050098 0.058594
3 0.876700 0.562587 0.039929 0.052326
3 0.407554 0.568828 0.029004 0.035156
3 0.377891 0.562968 0.035596 0.046875
3 0.056121 0.545390 0.112242 0.110156
