2 0.278530 0.309952 0.013196 0.059716
2 0.441082 0.536019 0.009597 0.021327
2 0.455477 0.494431 0.009597 0.044787
2 0.257536 0.307820 0.016795 0.068246
2 0.292326 0.316350 0.009597 0.068246
4 0.381099 0.282227 0.074378 0.034123
4 0.638423 0.115877 0.029991 0.042654
4 0.689408 0.111611 0.055184 0.085308
4 0.659495 0.041232 0.057739 0.081043
9 0.422487 0.606868 0.015595 0.073452
9 0.483069 0.639455 0.038389 0.215403
3 0.578053 0.612796 0.093147 0.076777
3 0.679811 0.594668 0.117565 0.078910
3 0.769443 0.595734 0.085693 0.063981
2 0.604233 0.463507 0.023993 0.038389
2 0.628226 0.461374 0.023993 0.038389
4 0.624027 0.366469 0.022793 0.027725
4 0.629426 0.394194 0.021594 0.010663
3 0.255737 0.596801 0.015595 0.023460
3 0.229344 0.597867 0.013196 0.017062
3 0.216148 0.602132 0.008398 0.017062
3 0.204152 0.606398 0.008398 0.017062
3 0.196954 0.605331 0.010797 0.023460
3 0.173561 0.613862 0.035989 0.040521
3 0.151967 0.611729 0.011996 0.023460
3 0.132773 0.614928 0.021594 0.034123
3 0.085387 0.623459 0.080376 0.102370
3 0.268333 0.591469 0.009597 0.012796
3 0.277930 0.597867 0.009597 0.025592
3 0.282729 0.602132 0.014396 0.034123
9 0.321117 0.621327 0.019194 0.072512
3 0.297218 0.627012 0.043000 0.075351
9 0.987632 0.657656 0.023730 0.459375
