2 0.395608 0.411211 0.009941 0.038066
2 0.389108 0.408924 0.007647 0.029329
2 0.525244 0.437959 0.009941 0.032238
2 0.402046 0.410030 0.007647 0.035347
3 0.430953 0.541767 0.015295 0.033988
3 0.416041 0.551964 0.019118 0.027190
3 0.392305 0.563520 0.027530 0.028550
3 0.442395 0.531571 0.011471 0.019033
3 0.452337 0.532930 0.009941 0.016314
3 0.324245 0.575755 0.044354 0.082931
3 0.264596 0.585272 0.094826 0.107402
3 0.192511 0.611375 0.096356 0.121541
4 0.523256 0.523414 0.006883 0.016314
3 0.498402 0.501662 0.006118 0.019033
2 0.453283 0.495544 0.007647 0.017674
3 0.483563 0.532024 0.013765 0.012689
3 0.517976 0.543483 0.009177 0.019292
3 0.540280 0.545876 0.019118 0.030302
3 0.556979 0.553822 0.029056 0.035257
3 0.503226 0.557359 0.025236 0.044864
3 0.361512 0.575918 0.020972 0.030688
3 0.468744 0.576825 0.068061 0.092447
3 0.897042 0.620393 0.107062 0.193051
9 0.569722 0.568977 0.016824 0.072054
2 0.342780 0.517976 0.011471 0.019033
4 0.358839 0.507779 0.009941 0.014955
3 0.081019 0.645643 0.159828 0.174018
3 0.786480 0.676232 0.322715 0.319486
