4 0.587912 0.512256 0.034058 0.017940
4 0.565837 0.531318 0.078208 0.033638
4 0.355180 0.485666 0.027751 0.017940
4 0.375993 0.526032 0.069378 0.071761
4 0.276341 0.490152 0.029013 0.017940
4 0.293370 0.526032 0.065594 0.058306
4 0.563404 0.622781 0.011353 0.022425
1 0.032887 0.601156 0.061810 0.100914
3 0.058115 0.657540 0.112266 0.060548
3 0.168490 0.647449 0.116051 0.062791
7 0.237868 0.628387 0.103436 0.060548
3 0.263096 0.648570 0.055502 0.047093
3 0.296524 0.655297 0.026490 0.029153
3 0.380408 0.658661 0.030274 0.031395
3 0.410051 0.656419 0.023967 0.022425
3 0.431496 0.656419 0.016398 0.017940
3 0.514118 0.649691 0.015137 0.013455
3 0.520426 0.659782 0.017660 0.020183
3 0.550069 0.672116 0.018921 0.026910
3 0.572234 0.673238 0.034058 0.042608
3 0.594849 0.679965 0.037843 0.042608
3 0.662335 0.697905 0.066855 0.069518
3 0.887589 0.740513 0.200566 0.145764
3 0.483844 0.700148 0.065594 0.096429
3 0.337520 0.700148 0.093345 0.118854
