2 0.690574 0.361607 0.010926 0.016996
2 0.652332 0.365250 0.013658 0.019424
2 0.640040 0.362821 0.013658 0.019424
2 0.392151 0.265699 0.015024 0.024281
4 0.694672 0.370106 0.019121 0.014568
4 0.685111 0.361607 0.016389 0.012140
4 0.395565 0.240204 0.024584 0.016996
4 0.717890 0.299692 0.054631 0.019424
4 0.714475 0.315474 0.053266 0.021853
4 0.978072 0.242633 0.025950 0.050989
4 0.986949 0.281481 0.021853 0.031565
3 0.689208 0.395600 0.019121 0.016996
3 0.681697 0.394386 0.012292 0.019424
3 0.661893 0.393172 0.010926 0.016996
3 0.651649 0.394386 0.015024 0.019424
3 0.640040 0.396814 0.010926 0.019424
3 0.631846 0.401670 0.013658 0.019424
3 0.670087 0.402884 0.013658 0.021853
3 0.716524 0.418667 0.046437 0.087410
3 0.746571 0.422309 0.016389 0.041277
3 0.350494 0.380165 0.065558 0.043705
3 0.296546 0.375309 0.055997 0.043705
3 0.216647 0.352242 0.040974 0.026709
3 0.246012 0.383807 0.055997 0.046133
3 0.206404 0.376523 0.042339 0.060701
3 0.162016 0.352242 0.046437 0.031565
3 0.131969 0.368024 0.054631 0.033993
3 0.148358 0.387449 0.090142 0.072842
3 0.053009 0.386235 0.106019 0.114119
3 0.619554 0.396988 0.016389 0.028790
3 0.605896 0.402884 0.016389 0.021853
3 0.588140 0.408955 0.030047 0.033993
