2 0.504453 0.211406 0.011865 0.046875
2 0.514341 0.207890 0.010547 0.049219
2 0.429966 0.271172 0.013184 0.049219
2 0.654087 0.030703 0.026367 0.061406
2 0.683091 0.022734 0.026367 0.044531
2 0.823496 0.299297 0.011865 0.030469
2 0.522251 0.212578 0.010547 0.049219
2 0.484019 0.212578 0.013184 0.058594
4 0.434580 0.191484 0.027686 0.053906
4 0.439195 0.296953 0.031641 0.082031
4 0.442491 0.350859 0.022412 0.030469
4 0.725938 0.369609 0.011865 0.025781
4 0.717368 0.349687 0.013184 0.018750
4 0.723301 0.314531 0.014502 0.037500
4 0.800425 0.367265 0.010547 0.025781
2 0.995542 0.298125 0.007910 0.032812
2 0.972471 0.357890 0.009229 0.021094
3 0.775376 0.423515 0.023730 0.021094
3 0.759556 0.427031 0.026367 0.037500
3 0.735166 0.425859 0.025049 0.035156
3 0.797129 0.441093 0.046143 0.046875
3 0.916440 0.410625 0.015820 0.023437
3 0.888755 0.414140 0.042187 0.030469
3 0.927646 0.417656 0.022412 0.028125
3 0.954673 0.414140 0.015820 0.025781
3 0.974448 0.410625 0.026367 0.032812
3 0.992905 0.415312 0.013184 0.051562
3 0.995542 0.459843 0.007910 0.121875
1 0.479405 0.410625 0.206982 0.281250
3 0.609263 0.471562 0.166113 0.145312
