4 0.336211 0.410719 0.012673 0.038126
4 0.689969 0.424583 0.015597 0.045058
4 0.172444 0.334467 0.030219 0.093582
4 0.173906 0.391656 0.023395 0.027728
2 0.870406 0.445379 0.018521 0.048524
2 0.628166 0.427182 0.011698 0.039859
2 0.645225 0.408986 0.020471 0.055456
2 0.850812 0.446245 0.019496 0.050257
3 0.220696 0.533761 0.253450 0.242619
3 0.776023 0.570567 0.135022 0.094245
4 0.619003 0.483963 0.017547 0.028019
4 0.683828 0.518165 0.006824 0.034660
4 0.330460 0.411586 0.015597 0.029461
3 0.070018 0.486934 0.140037 0.333680
