2 0.540652 0.371801 0.009597 0.051185
2 0.517259 0.373933 0.010797 0.046919
2 0.529855 0.375000 0.014396 0.049052
2 0.443481 0.454976 0.009597 0.029858
4 0.517859 0.338744 0.009597 0.019194
4 0.537653 0.337677 0.008398 0.017062
4 0.527456 0.337677 0.007198 0.017062
2 0.477071 0.518957 0.004799 0.021327
2 0.396695 0.532820 0.007198 0.019194
3 0.457277 0.575474 0.013196 0.031991
3 0.481869 0.613862 0.038389 0.091706
3 0.441681 0.577606 0.027592 0.036256
1 0.526856 0.533886 0.080376 0.059716
3 0.541852 0.643720 0.139159 0.181279
7 0.219147 0.530687 0.359893 0.428673
7 0.809914 0.499763 0.380172 0.998104
