9 0.214124 0.022204 0.018984 0.044408
9 0.241102 0.028421 0.022981 0.056842
9 0.161667 0.252237 0.009992 0.042632
9 0.521870 0.331283 0.014988 0.026645
9 0.799142 0.172303 0.011990 0.053289
7 0.295180 0.345316 0.045071 0.072473
2 0.806636 0.432533 0.016986 0.051513
2 0.991484 0.424539 0.014988 0.035526
2 0.983572 0.424862 0.023144 0.036171
2 0.962008 0.427204 0.019984 0.037303
2 0.950518 0.429868 0.020983 0.035526
2 0.912049 0.420099 0.059951 0.062171
2 0.835113 0.424539 0.045962 0.056842
7 0.872082 0.416546 0.039967 0.072829
2 0.749683 0.426316 0.092924 0.071053
2 0.384983 0.397895 0.072940 0.120789
