9 0.648235 0.769521 0.016389 0.026709
9 0.743157 0.615340 0.012292 0.048561
9 0.545801 0.617768 0.010926 0.038849
9 0.538972 0.622104 0.008195 0.041277
9 0.282205 0.647689 0.008195 0.034174
9 0.082801 0.710728 0.010926 0.038849
7 0.926172 0.804555 0.143407 0.381205
2 0.210501 0.823459 0.036876 0.058273
2 0.410589 0.828004 0.040974 0.044327
2 0.462488 0.812533 0.024584 0.046133
7 0.326593 0.797444 0.020487 0.029137
7 0.350494 0.799872 0.019121 0.038849
2 0.371664 0.791374 0.012292 0.021853
2 0.382590 0.803514 0.012292 0.026709
2 0.189332 0.833865 0.051900 0.048561
2 0.271279 0.841149 0.081947 0.121403
2 0.370298 0.831437 0.050534 0.053417
2 0.488438 0.824153 0.038242 0.048561
2 0.615456 0.907921 0.259499 0.182104
2 0.443367 0.822939 0.032779 0.050989
2 0.308155 0.799872 0.010926 0.029137
9 0.074555 0.752614 0.017547 0.020796
