9 0.043814 0.285945 0.017938 0.061654
9 0.059958 0.280630 0.023917 0.072283
9 0.075504 0.294449 0.011959 0.061654
9 0.264451 0.445394 0.023917 0.044646
9 0.302121 0.442205 0.027505 0.055276
2 0.448365 0.571434 0.063381 0.048898
7 0.551209 0.555489 0.056206 0.046772
2 0.693517 0.542885 0.025113 0.025816
2 0.795764 0.538785 0.021526 0.017008
2 0.804733 0.535596 0.020330 0.019134
2 0.822671 0.533167 0.010763 0.014882
2 0.402516 0.546986 0.074528 0.110551
2 0.513924 0.516083 0.083711 0.034016
2 0.511831 0.557008 0.033484 0.036142
9 0.761931 0.484512 0.009567 0.019134
