2 0.406033 0.375605 0.003674 0.019597
2 0.327034 0.381048 0.002450 0.021774
2 0.273143 0.399557 0.004899 0.023952
2 0.411545 0.374516 0.004899 0.021774
2 0.467273 0.431129 0.006124 0.017419
4 0.230887 0.372339 0.018372 0.039194
4 0.049617 0.317903 0.035519 0.060968
4 0.979239 0.143710 0.037969 0.034839
4 0.930247 0.188347 0.030620 0.041371
4 0.971890 0.259113 0.050217 0.065323
2 0.042268 0.066411 0.015922 0.084919
3 0.415219 0.442016 0.009798 0.008710
3 0.406646 0.447460 0.012248 0.015242
3 0.391336 0.460524 0.023271 0.037016
3 0.341119 0.450726 0.011023 0.026129
3 0.329484 0.460524 0.017147 0.037016
3 0.437878 0.444194 0.013473 0.017419
9 0.444002 0.459436 0.006124 0.021774
9 0.462987 0.464879 0.007349 0.045726
9 0.477684 0.467057 0.007349 0.041371
3 0.644257 0.471411 0.061240 0.037016
3 0.704272 0.479032 0.058790 0.030484
3 0.745915 0.473589 0.058790 0.045726
1 0.839000 0.462702 0.105333 0.071855
1 0.980464 0.483387 0.035519 0.043548
3 0.369902 0.472500 0.036744 0.047903
3 0.276817 0.453992 0.024496 0.045726
3 0.237011 0.447460 0.008574 0.028306
3 0.251709 0.453992 0.020822 0.032661
3 0.302538 0.460524 0.044093 0.067500
3 0.124330 0.560686 0.246185 0.450726
