9 0.412827 0.360234 0.007910 0.025781
9 0.493907 0.359062 0.009229 0.032812
9 0.520933 0.400078 0.010547 0.021094
2 0.400962 0.421172 0.026367 0.044531
2 0.360752 0.414140 0.035596 0.049219
2 0.317906 0.429375 0.050098 0.070312
2 0.286924 0.423515 0.022412 0.049219
2 0.483360 0.415312 0.030322 0.056250
2 0.586192 0.441093 0.038232 0.051562
2 0.731211 0.451640 0.072510 0.105469
2 0.255943 0.416484 0.044824 0.053906
2 0.520933 0.436406 0.050098 0.079687
2 0.449082 0.443437 0.083057 0.159375
2 0.658701 0.511406 0.185889 0.225000
