9 0.207494 0.418112 0.018941 0.026020
9 0.511047 0.354993 0.006888 0.026020
9 0.604893 0.370299 0.006888 0.029082
9 0.494689 0.427697 0.006888 0.018367
9 0.522240 0.433819 0.005166 0.018367
9 0.598435 0.368003 0.007749 0.030612
9 0.786988 0.430977 0.019802 0.024490
2 0.596283 0.493404 0.015497 0.029082
2 0.616085 0.494935 0.034439 0.050510
2 0.575620 0.484220 0.025829 0.035204
2 0.543764 0.516363 0.068878 0.099490
2 0.334979 0.497996 0.126563 0.188265
2 0.111988 0.536276 0.222991 0.626488
2 0.920500 0.539978 0.156696 0.163776
2 0.813309 0.530795 0.086958 0.096429
2 0.686931 0.554519 0.167028 0.189796
2 0.449119 0.509366 0.197162 0.200510
