2 0.443908 0.151483 0.042188 0.029082
2 0.611367 0.133115 0.046492 0.041327
2 0.847977 0.164493 0.016906 0.039796
2 0.868366 0.313728 0.019802 0.047449
2 0.369943 0.316024 0.018080 0.024490
2 0.594656 0.368830 0.012915 0.029082
2 0.128050 0.406330 0.010332 0.021429
2 0.358359 0.363473 0.012915 0.021429
4 0.267918 0.229544 0.049936 0.044388
4 0.269210 0.297656 0.037022 0.079592
4 0.272653 0.444595 0.016358 0.027551
4 0.274806 0.474442 0.018941 0.029082
4 0.353585 0.400973 0.018080 0.016837
4 0.354876 0.437707 0.008610 0.019898
4 0.425476 0.416279 0.018941 0.038265
4 0.426337 0.443065 0.008610 0.021429
4 0.549886 0.411687 0.011193 0.026020
4 0.532236 0.411687 0.018941 0.022959
4 0.140064 0.333626 0.018080 0.016837
4 0.131454 0.351993 0.012915 0.013776
4 0.140495 0.394085 0.018941 0.055102
4 0.317424 0.345105 0.021524 0.058163
4 0.841794 0.338218 0.044770 0.029082
4 0.838350 0.283116 0.041327 0.078061
4 0.682084 0.349697 0.026690 0.018367
4 0.512473 0.138473 0.047353 0.055102
4 0.516778 0.162197 0.080070 0.038265
4 0.838350 0.047808 0.056824 0.095615
3 0.101594 0.471429 0.027551 0.024490
3 0.051228 0.442163 0.100733 0.073101
4 0.385714 0.341327 0.018941 0.027551
4 0.387436 0.371939 0.018941 0.055102
4 0.680735 0.388214 0.012248 0.039466
