9 0.144492 0.301875 0.010547 0.015000
9 0.211992 0.231562 0.006328 0.024375
9 0.471445 0.221250 0.006328 0.026250
9 0.381797 0.197812 0.006328 0.028125
9 0.205664 0.230625 0.006328 0.030000
9 0.217266 0.232500 0.004219 0.026250
9 0.375469 0.196875 0.006328 0.022500
9 0.389180 0.195937 0.006328 0.020625
9 0.467226 0.220312 0.006328 0.024375
2 0.127762 0.348187 0.031641 0.043125
2 0.087157 0.346312 0.051680 0.043125
2 0.170477 0.341625 0.058008 0.060000
2 0.285438 0.309750 0.011602 0.026250
2 0.528543 0.291000 0.021094 0.022500
2 0.559129 0.329437 0.050625 0.065625
2 0.681855 0.333750 0.239414 0.281250
2 0.237832 0.357187 0.091758 0.166875
2 0.422402 0.471562 0.382851 0.433125
2 0.896484 0.457500 0.204609 0.356250
