2 0.057402 0.489508 0.114803 0.180709
9 0.360554 0.371516 0.010763 0.027638
9 0.403007 0.444862 0.009567 0.012756
9 0.560263 0.389587 0.015546 0.021260
9 0.447254 0.439547 0.009567 0.014882
9 0.756087 0.481004 0.011959 0.025512
2 0.390749 0.469311 0.013155 0.019134
2 0.422739 0.483130 0.015546 0.021260
2 0.435893 0.485256 0.013155 0.029764
2 0.449646 0.494823 0.026309 0.040394
2 0.468780 0.490571 0.009567 0.027638
2 0.405399 0.485256 0.021526 0.025512
2 0.491501 0.530965 0.064577 0.095669
2 0.310327 0.483130 0.020330 0.055276
7 0.350987 0.457618 0.063381 0.119055
7 0.224823 0.417225 0.155463 0.306142
2 0.903733 0.759584 0.188947 0.476221
