2 0.312286 0.271063 0.019134 0.074409
4 0.311090 0.221102 0.014350 0.025512
4 0.483892 0.481536 0.022721 0.031890
4 0.432470 0.474095 0.010763 0.029764
4 0.445625 0.467717 0.010763 0.017008
9 0.689581 0.580394 0.034680 0.114803
9 0.726055 0.583583 0.031093 0.112677
9 0.756898 0.584190 0.029897 0.108425
9 0.769455 0.582064 0.019134 0.104173
9 0.786197 0.584190 0.016742 0.104173
9 0.977187 0.597402 0.040659 0.212598
9 0.944301 0.577205 0.029897 0.091417
4 0.010247 0.429449 0.020494 0.034016
9 0.268636 0.536811 0.015546 0.070157
3 0.390017 0.514488 0.019134 0.017008
3 0.414532 0.547441 0.046639 0.078661
9 0.542109 0.551116 0.018984 0.103125
