2 0.381967 0.459349 0.036812 0.048615
2 0.679441 0.487396 0.054692 0.052355
2 0.717831 0.492071 0.026294 0.046745
2 0.849477 0.514509 0.103073 0.087881
2 0.093607 0.493006 0.155661 0.205679
2 0.391257 0.488331 0.056795 0.076662
2 0.572161 0.483657 0.037864 0.052355
9 0.252950 0.131198 0.013673 0.065443
9 0.668047 0.378636 0.017880 0.031787
9 0.087297 0.340617 0.018932 0.031787
9 0.235070 0.137119 0.019984 0.071053
9 0.265045 0.136184 0.010518 0.057964
9 0.642454 0.378948 0.011569 0.033657
9 0.635984 0.207256 0.015776 0.074792
