9 0.387764 0.221788 0.014665 0.074811
9 0.161736 0.422607 0.005101 0.019270
9 0.167475 0.423740 0.005101 0.019270
9 0.406891 0.224811 0.024866 0.077078
9 0.527503 0.497229 0.020403 0.036272
2 0.129432 0.472103 0.015302 0.015869
2 0.115086 0.476070 0.018490 0.021537
2 0.097552 0.463035 0.017853 0.013602
2 0.079380 0.470970 0.007014 0.020403
2 0.072367 0.473803 0.013389 0.023804
2 0.093726 0.477204 0.026779 0.030605
2 0.216463 0.487405 0.050370 0.030605
2 0.275122 0.542380 0.097552 0.142821
2 0.288193 0.509509 0.026779 0.036272
2 0.328042 0.507808 0.068223 0.062343
2 0.340475 0.570151 0.084162 0.114484
9 0.040806 0.402393 0.005101 0.009068
2 0.858098 0.716826 0.106478 0.099748
2 0.725032 0.710592 0.251212 0.202897
2 0.034518 0.479358 0.068860 0.141688
2 0.180483 0.727594 0.360966 0.479471
2 0.924888 0.752042 0.147284 0.176826
7 0.156636 0.472292 0.061209 0.036272
7 0.106585 0.451889 0.021041 0.031738
