7 0.059555 0.523073 0.117512 0.097122
2 0.132652 0.525501 0.064192 0.063130
2 0.921392 0.669971 0.155699 0.366637
5 0.928221 0.431277 0.142041 0.185472
5 0.424246 0.470870 0.071021 0.084982
9 0.991598 0.279053 0.014760 0.075270
9 0.994461 0.348253 0.009560 0.048561
9 0.958268 0.234134 0.019121 0.111691
9 0.100556 0.322758 0.024584 0.075270
9 0.701501 0.378604 0.010926 0.055845
9 0.719256 0.374962 0.008195 0.048561
9 0.315041 0.413811 0.008993 0.033993
9 0.228257 0.416239 0.006829 0.053417
2 0.739742 0.553424 0.163894 0.167536
2 0.515071 0.542498 0.127018 0.184533
2 0.594969 0.483010 0.024584 0.041277
2 0.400345 0.501221 0.045071 0.053417
2 0.368932 0.501221 0.028681 0.053417
2 0.349811 0.478154 0.031413 0.031565
2 0.463171 0.481796 0.020487 0.053417
2 0.571751 0.493937 0.013658 0.033993
