2 0.268547 0.572849 0.013658 0.036421
2 0.179088 0.597129 0.012292 0.016996
2 0.542387 0.578919 0.012292 0.043705
2 0.386687 0.671185 0.006829 0.024281
4 0.319081 0.642048 0.010926 0.024281
4 0.344348 0.648118 0.009560 0.021853
4 0.368249 0.651761 0.010926 0.024281
2 0.280156 0.576491 0.009560 0.038849
2 0.290400 0.571635 0.008195 0.033993
4 0.542387 0.492723 0.020487 0.036421
4 0.510291 0.628694 0.010926 0.021853
4 0.529412 0.631469 0.016389 0.021853
4 0.486390 0.614472 0.009560 0.026709
4 0.178405 0.623838 0.019121 0.026709
4 0.178405 0.643262 0.019121 0.012140
3 0.325227 0.711248 0.017755 0.012140
3 0.336836 0.727030 0.019121 0.029137
3 0.332739 0.697894 0.016389 0.019424
3 0.299277 0.705178 0.017755 0.014568
3 0.279473 0.725816 0.024584 0.036421
3 0.151090 0.716104 0.035510 0.036421
3 0.121043 0.688181 0.030047 0.029137
3 0.065728 0.689395 0.023218 0.036421
3 0.121043 0.716104 0.051900 0.055845
3 0.033632 0.705178 0.024584 0.033993
3 0.192746 0.701536 0.023218 0.026709
3 0.347080 0.701536 0.015024 0.012140
3 0.348445 0.710034 0.017755 0.014568
3 0.357323 0.728244 0.016389 0.026709
3 0.382590 0.725816 0.020487 0.021853
3 0.250109 0.729458 0.039608 0.053417
3 0.309521 0.737957 0.046437 0.060701
3 0.274693 0.696680 0.023218 0.016996
3 0.375761 0.707606 0.017755 0.019424
3 0.551947 0.662687 0.031413 0.031565
3 0.499365 0.659045 0.043705 0.024281
3 0.426978 0.703964 0.030047 0.041277
3 0.571751 0.632336 0.030047 0.029137
3 0.769107 0.667543 0.080581 0.060701
3 0.592921 0.669971 0.039608 0.031565
3 0.708329 0.598343 0.046437 0.033993
3 0.762278 0.588631 0.039608 0.033993
3 0.648918 0.626266 0.055997 0.036421
3 0.475463 0.701536 0.072387 0.065558
3 0.399662 0.701536 0.021853 0.031565
3 0.650967 0.724602 0.051900 0.063130
