4 0.133549 0.658537 0.021446 0.020796
4 0.143297 0.702728 0.042892 0.025995
4 0.151095 0.736521 0.017547 0.027728
2 0.332897 0.519031 0.022421 0.081451
2 0.661895 0.630809 0.019496 0.058922
2 0.361166 0.518165 0.026320 0.083184
3 0.560027 0.956611 0.012673 0.017330
3 0.546380 0.964410 0.012673 0.022529
3 0.534195 0.969609 0.017547 0.032927
3 0.515186 0.970475 0.026320 0.055456
3 0.489354 0.968742 0.027295 0.058922
3 0.441588 0.966143 0.064337 0.064121
3 0.595608 0.970475 0.017547 0.031194
3 0.615591 0.983473 0.026320 0.022529
3 0.638012 0.985252 0.030219 0.022620
2 0.141835 0.804975 0.016572 0.039859
2 0.980169 0.921085 0.018521 0.032927
