2 0.512113 0.400424 0.014041 0.022881
2 0.680603 0.397304 0.009361 0.033282
2 0.133010 0.445147 0.011701 0.020801
2 0.750222 0.470108 0.008190 0.016641
2 0.689964 0.401464 0.009361 0.037442
2 0.764263 0.468028 0.012871 0.020801
4 0.482861 0.470108 0.016381 0.024961
4 0.585827 0.446187 0.025742 0.027042
4 0.614494 0.428506 0.012871 0.012481
4 0.610984 0.439946 0.019891 0.014561
4 0.485201 0.422265 0.016381 0.029122
4 0.529664 0.452427 0.011701 0.018721
4 0.512698 0.422265 0.010531 0.020801
4 0.595188 0.483629 0.007020 0.018721
2 0.540195 0.473228 0.009361 0.022881
2 0.620344 0.483629 0.008190 0.018721
3 0.629705 0.505470 0.017551 0.033282
3 0.641406 0.508590 0.015211 0.027042
3 0.653691 0.504430 0.021061 0.039522
3 0.672998 0.517951 0.031592 0.029122
3 0.685868 0.499230 0.015211 0.020801
3 0.560086 0.490909 0.016381 0.024961
3 0.528494 0.502350 0.018721 0.022881
3 0.495732 0.500270 0.021061 0.031202
3 0.469990 0.501310 0.018721 0.024961
3 0.278099 0.542913 0.028082 0.079045
3 0.239487 0.527312 0.044463 0.039522
3 0.056371 0.530432 0.047973 0.079045
3 0.324317 0.527312 0.090095 0.097766
3 0.434888 0.510671 0.046803 0.056163
3 0.574712 0.497150 0.012871 0.012481
3 0.131840 0.524191 0.135728 0.099846
3 0.733841 0.617797 0.190721 0.245455
7 0.899406 0.513791 0.198912 0.228814
