3 0.165030 0.535748 0.009567 0.012756
3 0.211070 0.547441 0.025113 0.023386
3 0.140514 0.610158 0.087298 0.097795
3 0.329581 0.554882 0.023917 0.021260
3 0.353498 0.559134 0.021526 0.025512
3 0.360673 0.532559 0.014350 0.014882
3 0.364261 0.537874 0.011959 0.017008
3 0.444512 0.576220 0.025345 0.032927
3 0.075060 0.645116 0.150120 0.148152
3 0.013155 0.545528 0.026309 0.076535
3 0.367503 0.580552 0.029244 0.045058
3 0.332677 0.569302 0.026760 0.043296
3 0.294183 0.566788 0.026309 0.034016
3 0.399419 0.541276 0.016742 0.012756
3 0.402409 0.550843 0.022721 0.014882
3 0.582148 0.557221 0.009567 0.014882
3 0.586333 0.561473 0.015546 0.014882
3 0.597694 0.561473 0.014350 0.014882
3 0.607261 0.560410 0.011959 0.017008
3 0.625199 0.562536 0.019134 0.012756
3 0.746579 0.568914 0.013155 0.017008
3 0.730435 0.567851 0.014350 0.014882
3 0.710703 0.566788 0.015546 0.017008
3 0.650312 0.562536 0.016742 0.021260
3 0.668848 0.562536 0.017938 0.017008
3 0.665261 0.569977 0.020330 0.019134
3 0.530844 0.664602 0.096384 0.136906
3 0.697429 0.573166 0.011959 0.017008
2 0.733903 0.548504 0.005979 0.017008
4 0.362826 0.515551 0.011959 0.014882
4 0.775400 0.587835 0.031093 0.057402
4 0.908739 0.478347 0.041855 0.068032
4 0.970924 0.487914 0.046639 0.065906
4 0.466268 0.529370 0.013155 0.017008
4 0.528453 0.536811 0.008371 0.019134
4 0.569113 0.525118 0.032288 0.042520
3 0.549620 0.567638 0.014350 0.012756
3 0.038866 0.546378 0.034680 0.059528
1 0.101649 0.520866 0.110020 0.114803
3 0.305066 0.519803 0.017938 0.019134
