3 0.435081 0.454675 0.037864 0.046745
3 0.384070 0.469322 0.043122 0.078532
3 0.339370 0.486150 0.079934 0.153324
3 0.258384 0.495499 0.143040 0.186981
3 0.513151 0.454817 0.026867 0.036489
3 0.533947 0.467452 0.035760 0.048615
3 0.559715 0.483345 0.045226 0.072922
3 0.585483 0.493629 0.058899 0.097230
3 0.648063 0.506094 0.118850 0.138366
3 0.122355 0.517937 0.244711 0.534765
2 0.495031 0.399204 0.008414 0.020568
2 0.443495 0.395464 0.010518 0.020568
4 0.513087 0.407618 0.019984 0.011219
3 0.951498 0.810873 0.094659 0.344044
4 0.119025 0.167659 0.024191 0.044875
3 0.466419 0.451542 0.019137 0.016331
3 0.479815 0.441336 0.015310 0.017692
3 0.486322 0.414798 0.013013 0.008165
3 0.486704 0.427727 0.015310 0.017692
