4 0.767285 0.089062 0.039023 0.039375
4 0.708222 0.086250 0.026367 0.045000
4 0.712969 0.185625 0.046406 0.048750
4 0.509559 0.379125 0.010547 0.015000
4 0.503158 0.414750 0.018839 0.041250
2 0.420820 0.426562 0.006328 0.016875
2 0.396562 0.423214 0.006328 0.015000
4 0.467754 0.428571 0.009492 0.022500
4 0.362812 0.430446 0.010547 0.015000
3 0.384433 0.458705 0.007383 0.020625
3 0.373359 0.464330 0.014766 0.028125
3 0.418711 0.452143 0.008437 0.011250
3 0.430840 0.457768 0.013711 0.015000
3 0.396562 0.449330 0.008437 0.013125
3 0.421875 0.474643 0.044297 0.026250
3 0.316406 0.483080 0.040078 0.061875
3 0.281601 0.496205 0.046406 0.069375
3 0.240996 0.505580 0.068555 0.084375
3 0.462480 0.478750 0.053789 0.063750
3 0.150820 0.524375 0.139219 0.120000
