4 0.876467 0.320663 0.042188 0.026020
4 0.842459 0.349745 0.036161 0.035204
4 0.857095 0.428572 0.027551 0.067347
4 0.571802 0.515357 0.008610 0.019898
4 0.484672 0.508470 0.010332 0.006122
4 0.484672 0.517653 0.015497 0.012245
2 0.125906 0.167908 0.030134 0.105612
2 0.511621 0.173265 0.023246 0.113265
2 0.415622 0.513827 0.005166 0.019898
2 0.106104 0.164082 0.012915 0.104082
2 0.485361 0.170969 0.027551 0.105612
9 0.523846 0.581939 0.006027 0.030612
9 0.458240 0.575051 0.006027 0.032143
9 0.508607 0.582704 0.006888 0.026020
9 0.557769 0.590357 0.009471 0.035204
9 0.565603 0.591888 0.010332 0.041327
3 0.065208 0.565868 0.049936 0.032143
3 0.233527 0.568164 0.024968 0.021429
3 0.284755 0.568929 0.015497 0.016837
3 0.776713 0.611786 0.068878 0.081122
3 0.893375 0.616735 0.086958 0.083469
1 0.656091 0.558980 0.136894 0.159184
2 0.881777 0.275000 0.028412 0.055102
