4 0.931916 0.180231 0.081884 0.062388
4 0.611205 0.275546 0.040942 0.051990
4 0.300728 0.167234 0.032169 0.081451
4 0.204710 0.300674 0.019496 0.053723
4 0.927042 0.350064 0.027295 0.072786
1 0.416243 0.377792 0.040942 0.069320
9 0.140860 0.385591 0.043866 0.168100
9 0.212021 0.401188 0.053614 0.188896
9 0.254425 0.396855 0.029244 0.124775
9 0.272459 0.382991 0.030219 0.093582
9 0.284156 0.408120 0.018521 0.098781
9 0.303653 0.403787 0.010723 0.086650
9 0.332897 0.402921 0.016572 0.064121
9 0.317300 0.395989 0.014622 0.081451
9 0.752552 0.504301 0.015597 0.079718
9 0.737442 0.479172 0.010723 0.077985
9 0.713072 0.502568 0.014622 0.083184
9 0.764249 0.501701 0.019496 0.091849
9 0.655071 0.475706 0.013647 0.067587
9 0.644835 0.444512 0.008773 0.019063
3 0.380662 0.424583 0.071161 0.090116
3 0.602431 0.476573 0.042892 0.093582
3 0.887075 0.558023 0.218357 0.180231
3 0.895848 0.686265 0.206659 0.311939
3 0.496665 0.530295 0.205684 0.305007
4 0.468883 0.358729 0.009748 0.010398
2 0.337284 0.340533 0.007798 0.032927
3 0.578548 0.441046 0.026320 0.077985
5 0.701862 0.506034 0.017547 0.062388
