9 0.364707 0.090703 0.014502 0.053906
9 0.549937 0.287578 0.013184 0.035156
9 0.402940 0.291094 0.009229 0.028125
9 0.333726 0.268828 0.010547 0.035156
9 0.106309 0.007500 0.014502 0.014062
2 0.224302 0.349687 0.042187 0.060937
2 0.323179 0.349687 0.015820 0.042187
2 0.308677 0.348515 0.026367 0.063281
2 0.390415 0.355547 0.023730 0.044531
2 0.353501 0.357890 0.047461 0.067969
2 0.273081 0.350859 0.063281 0.086719
2 0.468199 0.382500 0.213574 0.126562
2 0.948740 0.403593 0.101514 0.145312
2 0.016601 0.335545 0.033203 0.038389
