3 0.021313 0.825367 0.041028 0.318076
3 0.017926 0.661473 0.034145 0.092266
2 0.019975 0.537642 0.019121 0.033993
2 0.768424 0.591059 0.016389 0.029137
2 0.751352 0.594098 0.012292 0.030358
2 0.240549 0.458730 0.009560 0.036421
2 0.517803 0.536428 0.004097 0.031565
2 0.528729 0.536428 0.006829 0.021853
2 0.252841 0.467228 0.009560 0.043705
2 0.247378 0.519431 0.009560 0.055845
2 0.523266 0.532786 0.006829 0.038849
4 0.233037 0.520645 0.013658 0.004856
4 0.245329 0.566778 0.021853 0.014568
2 0.228257 0.599557 0.015024 0.016996
9 0.095093 0.637192 0.027316 0.082554
9 0.129920 0.642048 0.017755 0.082554
9 0.006573 0.600771 0.013146 0.058273
9 0.038413 0.634764 0.020487 0.087410
9 0.052070 0.635978 0.012292 0.080126
9 0.157236 0.643262 0.015024 0.060701
9 0.812812 0.685753 0.025950 0.111691
9 0.847639 0.683325 0.032779 0.131115
9 0.872906 0.699108 0.025950 0.094694
3 0.243963 0.650547 0.111994 0.065558
3 0.454977 0.712462 0.187112 0.310792
2 0.043876 0.542498 0.009560 0.024281
3 0.086215 0.635978 0.083313 0.065558
3 0.365518 0.679683 0.051900 0.143256
7 0.605896 0.625052 0.120189 0.174820
7 0.728816 0.646904 0.103800 0.135971
2 0.736328 0.441733 0.015024 0.084982
4 0.777984 0.486652 0.019121 0.029137
4 0.779350 0.514575 0.030047 0.012140
4 0.787545 0.526715 0.021853 0.012140
4 0.748620 0.530358 0.028681 0.019424
1 0.637775 0.693651 0.162866 0.239803
3 0.320037 0.664342 0.036970 0.042632
