2 0.432603 0.469218 0.007910 0.028125
2 0.346250 0.459843 0.009229 0.028125
2 0.327134 0.462187 0.007910 0.032812
4 0.089170 0.414140 0.027686 0.021094
4 0.105650 0.334453 0.023730 0.077344
4 0.916440 0.202031 0.052734 0.234375
4 0.471494 0.455156 0.011865 0.018750
3 0.238145 0.528984 0.051416 0.063281
3 0.385142 0.541875 0.031641 0.056250
3 0.354161 0.520781 0.025049 0.032812
3 0.290220 0.532500 0.063281 0.079687
3 0.424034 0.562968 0.061963 0.093750
3 0.527525 0.568828 0.068555 0.096094
3 0.029185 0.552421 0.058008 0.124219
