3 0.065391 0.513750 0.130781 0.243750
3 0.466699 0.448125 0.013711 0.041250
3 0.513633 0.453750 0.021094 0.033750
3 0.438750 0.450000 0.016875 0.045000
3 0.410273 0.451875 0.046406 0.075000
3 0.406582 0.465000 0.043242 0.075000
3 0.458789 0.447187 0.006328 0.024375
7 0.446133 0.437812 0.023203 0.046875
3 0.753152 0.452812 0.123398 0.088125
3 0.834679 0.454687 0.073828 0.106875
3 0.022148 0.693125 0.044297 0.311250
1 0.250488 0.420625 0.292148 0.461250
3 0.488144 0.456250 0.043242 0.060000
5 0.691242 0.496500 0.044297 0.105000
4 0.593525 0.354844 0.023203 0.013125
4 0.588779 0.342656 0.017930 0.015000
4 0.578760 0.297656 0.023203 0.018750
4 0.694775 0.241406 0.023203 0.033750
4 0.539736 0.368906 0.008437 0.018750
4 0.542900 0.383906 0.008437 0.011250
4 0.791543 0.284687 0.034805 0.024375
4 0.794707 0.323125 0.015820 0.052500
3 0.962402 0.720937 0.072773 0.298125
