9 0.294725 0.019905 0.014396 0.038389
9 0.283928 0.019905 0.011996 0.038389
9 0.321117 0.019550 0.021594 0.039099
9 0.241941 0.309952 0.021594 0.038389
2 0.567044 0.443246 0.016795 0.027725
2 0.553248 0.451777 0.010797 0.014929
2 0.545451 0.448578 0.011996 0.025592
2 0.528656 0.448578 0.016795 0.025592
2 0.586838 0.446445 0.010797 0.021327
2 0.596435 0.452843 0.015595 0.021327
2 0.621850 0.453602 0.032834 0.061233
2 0.636623 0.466706 0.040788 0.057583
9 0.661338 0.418593 0.011865 0.018750
9 0.518296 0.354375 0.007910 0.018750
9 0.593443 0.349687 0.007910 0.018750
