2 0.339799 0.475592 0.004799 0.021327
2 0.278617 0.488388 0.007198 0.021327
2 0.333801 0.474526 0.004799 0.027725
2 0.213237 0.533175 0.010797 0.017062
4 0.129112 0.505907 0.014396 0.014929
4 0.448217 0.521902 0.014396 0.034123
4 0.426623 0.515504 0.009597 0.012796
4 0.409828 0.508040 0.009597 0.027725
3 0.360043 0.565318 0.010797 0.023460
3 0.370240 0.556787 0.007198 0.023460
3 0.379237 0.557853 0.008398 0.021327
3 0.388235 0.562119 0.016795 0.029858
3 0.402630 0.568517 0.016795 0.038389
3 0.419425 0.578114 0.033590 0.040521
3 0.583777 0.583446 0.079176 0.110900
3 0.640282 0.558525 0.043431 0.048262
3 0.697143 0.618635 0.176348 0.164218
3 0.523195 0.605839 0.111567 0.125829
3 0.474009 0.585578 0.025193 0.059716
3 0.878862 0.648493 0.242275 0.326303
3 0.346847 0.568517 0.017995 0.034123
4 0.214415 0.510000 0.011865 0.014062
3 0.210459 0.574453 0.014502 0.021094
