9 0.230055 0.247818 0.013647 0.058922
9 0.853444 0.165501 0.022421 0.077985
9 0.832973 0.174166 0.018521 0.074519
9 0.408932 0.460976 0.004874 0.013864
9 0.471320 0.470507 0.004874 0.015597
9 0.635087 0.493036 0.008773 0.008665
9 0.960673 0.415918 0.014622 0.034660
9 0.974808 0.418518 0.011698 0.029461
9 0.014622 0.398588 0.011698 0.027728
2 0.271484 0.573620 0.108204 0.103980
7 0.347032 0.518165 0.087733 0.159435
2 0.392848 0.552824 0.011698 0.058922
5 0.417218 0.519031 0.066287 0.095315
2 0.465958 0.536361 0.033143 0.043325
2 0.483992 0.534628 0.006824 0.032927
2 0.492278 0.535494 0.009748 0.031194
2 0.529808 0.532895 0.038018 0.050257
2 0.587322 0.530295 0.026320 0.038126
2 0.563926 0.530295 0.016572 0.034660
5 0.643373 0.512966 0.081884 0.051990
5 0.516161 0.502568 0.022421 0.020796
2 0.507387 0.525963 0.008773 0.019063
