3 0.475099 0.544381 0.017219 0.033673
3 0.452714 0.547442 0.029273 0.052041
3 0.594343 0.543615 0.047353 0.065816
3 0.416983 0.545911 0.059407 0.088776
3 0.218960 0.578054 0.260874 0.293878
3 0.050719 0.574993 0.101438 0.101020
4 0.224987 0.438003 0.031856 0.016837
3 0.527187 0.549738 0.092124 0.148469
3 0.761371 0.565303 0.176499 0.239789
3 0.886791 0.613776 0.223836 0.551021
4 0.792324 0.232695 0.046492 0.029082
4 0.818153 0.205144 0.020663 0.022959
4 0.902959 0.210501 0.038744 0.048980
4 0.789311 0.261777 0.026690 0.032143
9 0.371310 0.548767 0.013776 0.061225
9 0.385947 0.544940 0.015497 0.059694
3 0.083316 0.722491 0.164445 0.381123
