2 0.442036 0.311211 0.012789 0.051158
2 0.742189 0.167684 0.011990 0.068211
2 0.920443 0.251908 0.019984 0.088868
2 0.893616 0.284211 0.020880 0.042632
4 0.440438 0.274974 0.009592 0.018474
4 0.919244 0.197526 0.015987 0.025579
4 0.374492 0.346026 0.035970 0.018474
4 0.373293 0.316895 0.035171 0.025579
4 0.372494 0.284211 0.035171 0.028421
4 0.775362 0.373737 0.017586 0.042632
3 0.569132 0.414947 0.105513 0.076737
3 0.276173 0.384395 0.016786 0.015632
3 0.926038 0.399316 0.135089 0.082421
1 0.985589 0.354553 0.027178 0.152053
2 0.676643 0.343895 0.010391 0.025579
