9 0.482367 0.419384 0.012673 0.024262
9 0.382450 0.420250 0.009748 0.019063
9 0.615429 0.445379 0.009748 0.024262
9 0.430215 0.485238 0.009748 0.013864
9 0.330785 0.493036 0.013647 0.015597
9 0.471157 0.481772 0.011698 0.013864
2 0.464009 0.525963 0.009748 0.012131
2 0.456697 0.528562 0.010723 0.013864
2 0.446949 0.529429 0.010723 0.019063
2 0.432327 0.534628 0.018521 0.019063
2 0.483017 0.528562 0.010723 0.020796
2 0.412344 0.532028 0.017547 0.017330
2 0.398209 0.534628 0.012673 0.019063
2 0.384562 0.532895 0.014622 0.019063
2 0.370427 0.532895 0.019496 0.022529
2 0.305602 0.551091 0.053614 0.062388
7 0.580143 0.501448 0.105544 0.143332
9 0.428550 0.507024 0.011698 0.013864
9 0.457794 0.503558 0.007798 0.013864
