2 0.653247 0.560156 0.072510 0.093750
2 0.629516 0.543750 0.048779 0.079687
2 0.608422 0.536718 0.032959 0.065625
2 0.587988 0.527343 0.031641 0.060937
2 0.578100 0.510937 0.038232 0.070312
2 0.516137 0.530859 0.083057 0.142969
2 0.373535 0.524609 0.053613 0.064844
2 0.406582 0.525468 0.023730 0.037500
2 0.446133 0.525468 0.050098 0.065625
2 0.473291 0.516797 0.018457 0.039844
9 0.724306 0.437109 0.015820 0.030469
9 0.565576 0.125391 0.018457 0.096094
9 0.586010 0.125391 0.022412 0.082031
9 0.709936 0.437812 0.014502 0.046875
9 0.054053 0.382031 0.013184 0.056250
