2 0.089906 0.572034 0.179813 0.112327
9 0.058711 0.387943 0.017551 0.064484
9 0.039405 0.451387 0.018721 0.029122
9 0.064561 0.450347 0.019891 0.027042
2 0.272249 0.547766 0.081905 0.085978
2 0.304425 0.518991 0.036272 0.035362
7 0.570031 0.499230 0.036272 0.087365
2 0.566521 0.530432 0.026912 0.062404
9 0.664222 0.255855 0.009361 0.058243
9 0.681773 0.256895 0.014041 0.068644
9 0.651936 0.256895 0.010531 0.052003
9 0.760168 0.423305 0.014041 0.031202
9 0.744957 0.427466 0.011701 0.027042
5 0.480521 0.475309 0.147429 0.309939
2 0.799365 0.578275 0.235184 0.208012
2 0.351228 0.547073 0.087755 0.095686
7 0.387293 0.519685 0.039782 0.068644
