2 0.509807 0.474324 0.082095 0.113108
2 0.713505 0.425980 0.027707 0.031014
9 0.504163 0.291892 0.011288 0.036486
9 0.647623 0.322500 0.012928 0.032812
9 0.702217 0.390405 0.007183 0.018243
9 0.734028 0.386757 0.007183 0.018243
9 0.757630 0.405000 0.009236 0.010946
9 0.761222 0.389493 0.008209 0.012770
9 0.252749 0.294628 0.013340 0.038311
9 0.240948 0.295540 0.012314 0.032838
2 0.250696 0.446047 0.062597 0.067500
2 0.574457 0.433277 0.026681 0.031014
2 0.623200 0.421419 0.021550 0.018243
2 0.344932 0.437578 0.038232 0.035156
2 0.783286 0.411797 0.021094 0.025781
2 0.754282 0.422343 0.018457 0.028125
2 0.695615 0.424687 0.011865 0.023437
2 0.683750 0.418828 0.011865 0.021094
2 0.656065 0.416484 0.011865 0.021094
2 0.595420 0.416484 0.027686 0.030469
2 0.455015 0.431718 0.023730 0.023437
9 0.335704 0.375468 0.014502 0.028125
9 0.511704 0.291094 0.007910 0.042187
