2 0.444708 0.473943 0.025228 0.029153
2 0.466783 0.475065 0.013876 0.031395
2 0.362085 0.469458 0.018921 0.042608
2 0.389836 0.473943 0.046673 0.056063
2 0.335595 0.464973 0.051718 0.069518
2 0.496426 0.472822 0.040365 0.044850
2 0.688792 0.512066 0.220748 0.271345
2 0.845208 0.648860 0.306525 0.531478
9 0.733573 0.279965 0.035320 0.058306
9 0.597970 0.369666 0.021444 0.040365
9 0.443446 0.207083 0.015137 0.065033
9 0.266217 0.131958 0.021444 0.058306
9 0.247926 0.130837 0.020183 0.074003
9 0.426417 0.204840 0.018921 0.065033
9 0.695730 0.292299 0.020183 0.056063
9 0.223959 0.368545 0.010091 0.024668
9 0.212607 0.368545 0.010091 0.029153
9 0.423264 0.454882 0.010091 0.022425
2 0.422633 0.480671 0.013876 0.015698
