9 0.419419 0.340312 0.010547 0.042187
9 0.388438 0.432890 0.009229 0.030469
9 0.630357 0.281719 0.015820 0.046875
9 0.319883 0.484453 0.009229 0.021094
9 0.344932 0.512578 0.009229 0.021094
9 0.735166 0.445781 0.014502 0.023437
9 0.711436 0.362578 0.014502 0.044531
9 0.314610 0.416484 0.011865 0.039844
9 0.350205 0.427031 0.009229 0.037500
9 0.397666 0.434062 0.009229 0.032812
9 0.405576 0.343828 0.011865 0.039844
9 0.464243 0.384843 0.010547 0.042187
9 0.588169 0.377812 0.013184 0.046875
9 0.576963 0.366093 0.009229 0.032812
9 0.618491 0.295781 0.018457 0.051562
9 0.881504 0.183281 0.027686 0.093750
2 0.200572 0.559453 0.068555 0.039844
2 0.122789 0.554765 0.050098 0.025781
2 0.598057 0.548906 0.022412 0.046875
2 0.925010 0.502031 0.032959 0.028125
2 0.875571 0.519609 0.084375 0.072656
2 0.818882 0.518437 0.029004 0.032812
2 0.072600 0.579375 0.145201 0.075000
2 0.751646 0.550078 0.152930 0.133594
2 0.512364 0.647343 0.206982 0.309375
2 0.964560 0.500859 0.038232 0.039844
