3 0.297487 0.545017 0.054510 0.053608
3 0.371134 0.534708 0.025515 0.045361
3 0.086405 0.532165 0.172809 0.138144
3 0.409291 0.532165 0.019716 0.022680
3 0.475400 0.540412 0.017397 0.026804
3 0.499871 0.550722 0.040825 0.063918
3 0.604949 0.565155 0.025515 0.047423
7 0.275451 0.518763 0.068428 0.074227
3 0.442461 0.550172 0.038273 0.063918
3 0.556121 0.564605 0.089304 0.134021
4 0.478299 0.476289 0.048711 0.045361
4 0.423209 0.504124 0.010438 0.030928
4 0.444085 0.503093 0.008119 0.024742
4 0.473660 0.519588 0.006959 0.016495
4 0.745748 0.454433 0.027835 0.049485
4 0.745168 0.552371 0.010438 0.026804
3 0.887265 0.656637 0.219201 0.416495
