9 0.121108 0.329288 0.007124 0.029551
9 0.130013 0.330343 0.008311 0.031662
9 0.369261 0.328232 0.011873 0.048549
9 0.375198 0.385224 0.014248 0.027441
9 0.360356 0.387727 0.010686 0.032446
9 0.501649 0.331398 0.005937 0.025330
9 0.380541 0.329710 0.013061 0.054881
9 0.845620 0.379314 0.021372 0.035884
7 0.206596 0.452771 0.197098 0.189974
2 0.951887 0.529815 0.093799 0.223747
2 0.839870 0.560724 0.198285 0.335620
2 0.570119 0.523131 0.535488 0.415831
9 0.413786 0.340897 0.008311 0.018997
9 0.337203 0.431662 0.011873 0.023219
9 0.349077 0.435884 0.011873 0.027441
