9 0.416498 0.409576 0.003432 0.016780
9 0.421646 0.411864 0.005148 0.021356
9 0.477848 0.413390 0.004290 0.015254
9 0.483426 0.414152 0.006864 0.016780
9 0.485803 0.023811 0.035643 0.047622
2 0.461031 0.462203 0.011155 0.015254
2 0.455453 0.484322 0.010297 0.025932
2 0.433573 0.486610 0.021451 0.045763
2 0.369648 0.486610 0.017161 0.036610
2 0.343907 0.488898 0.024025 0.041186
2 0.316449 0.495000 0.034322 0.053390
2 0.302291 0.502627 0.028316 0.056441
2 0.240083 0.500339 0.099534 0.103729
2 0.401911 0.491186 0.048051 0.079322
2 0.491577 0.488898 0.057489 0.093051
2 0.530619 0.479746 0.017161 0.022881
9 0.513789 0.028488 0.017938 0.046772
9 0.109586 0.341221 0.027505 0.044646
9 0.132906 0.345473 0.023917 0.048898
