2 0.636550 0.528562 0.013647 0.027728
2 0.625339 0.532028 0.016572 0.045058
2 0.612179 0.531162 0.019496 0.057189
2 0.579523 0.538960 0.059463 0.079718
2 0.083346 0.543293 0.166692 0.123042
2 0.683340 0.529429 0.011698 0.025995
7 0.701862 0.517298 0.027295 0.050257
2 0.705761 0.538094 0.027295 0.043325
2 0.731106 0.532028 0.031194 0.058922
2 0.763275 0.538094 0.064337 0.084917
2 0.932404 0.553691 0.131599 0.459243
9 0.366528 0.444512 0.019496 0.025995
9 0.578061 0.283344 0.009748 0.043325
9 0.911933 0.202760 0.012673 0.065854
9 0.886100 0.203627 0.021446 0.071053
