2 0.585319 0.135978 0.020648 0.073414
2 0.566552 0.137764 0.017589 0.087009
2 0.829857 0.401964 0.022177 0.040785
2 0.795062 0.404683 0.013765 0.035347
4 0.556799 0.448640 0.014530 0.013595
4 0.650095 0.445921 0.009941 0.059819
4 0.806712 0.297734 0.039001 0.024471
9 0.110503 0.541767 0.017589 0.099245
9 0.066914 0.517976 0.013000 0.024471
9 0.087179 0.514577 0.015295 0.033988
9 0.033266 0.511178 0.009941 0.021752
9 0.020648 0.516616 0.010706 0.029909
9 0.010324 0.515257 0.011471 0.035347
9 0.737045 0.515257 0.013765 0.078852
9 0.748898 0.511178 0.017589 0.078852
9 0.760369 0.513897 0.016059 0.076133
9 0.826518 0.533610 0.027530 0.126435
9 0.839518 0.500302 0.021412 0.103323
9 0.858254 0.513217 0.025236 0.134592
9 0.860931 0.509139 0.026001 0.129154
9 0.887314 0.505740 0.029824 0.119637
9 0.876990 0.517296 0.024471 0.129154
9 0.909873 0.508459 0.027530 0.125076
9 0.963099 0.508459 0.022942 0.081571
9 0.942451 0.532930 0.039766 0.135952
9 0.991393 0.527492 0.016824 0.144109
3 0.404159 0.491465 0.042060 0.093807
3 0.585705 0.525453 0.022177 0.055740
3 0.610559 0.521375 0.056590 0.072054
3 0.671355 0.529532 0.086414 0.099245
3 0.104246 0.543826 0.055825 0.092447
3 0.171542 0.539747 0.109356 0.092447
7 0.299252 0.477210 0.164417 0.206647
3 0.477051 0.563230 0.194241 0.255589
