2 0.575297 0.857011 0.198912 0.282897
2 0.934973 0.793586 0.127779 0.139406
2 0.103362 0.786287 0.206725 0.178891
2 0.023024 0.693722 0.044463 0.052003
2 0.345963 0.810209 0.208272 0.197612
2 0.221350 0.763406 0.094776 0.087365
2 0.200874 0.711403 0.053823 0.020801
2 0.127160 0.707242 0.063184 0.024961
2 0.337410 0.709726 0.103691 0.054890
2 0.402711 0.712443 0.024571 0.027042
2 0.434303 0.725964 0.040952 0.062404
2 0.488126 0.766526 0.076055 0.106086
2 0.468460 0.726110 0.010082 0.020509
2 0.671242 0.744685 0.070204 0.099846
2 0.808726 0.772766 0.162640 0.126888
2 0.857869 0.736364 0.024571 0.024961
2 0.155241 0.710363 0.035102 0.022881
9 0.359419 0.645879 0.005850 0.031202
9 0.467065 0.594916 0.012871 0.049923
9 0.439569 0.583475 0.009361 0.035362
9 0.668902 0.513791 0.009361 0.045763
9 0.789420 0.463868 0.023401 0.095686
9 0.899406 0.632358 0.016381 0.033282
9 0.867814 0.537712 0.018721 0.064484
9 0.832127 0.576195 0.015211 0.054083
9 0.842073 0.589715 0.009361 0.047843
9 0.319636 0.664600 0.012871 0.027042
9 0.844413 0.672920 0.011701 0.027042
5 0.280069 0.714967 0.052956 0.072829
