9 0.769443 0.646171 0.009229 0.025781
9 0.682432 0.677812 0.006592 0.018750
9 0.673203 0.642656 0.009229 0.018750
9 0.589488 0.677812 0.007910 0.018750
9 0.551255 0.663750 0.010547 0.018750
2 0.654746 0.731718 0.014502 0.023437
2 0.665293 0.731718 0.011865 0.028125
2 0.741099 0.727031 0.010547 0.023437
2 0.763511 0.729374 0.010547 0.018750
2 0.777354 0.731718 0.014502 0.018750
7 0.731870 0.721171 0.023730 0.025781
7 0.557847 0.731718 0.068555 0.103125
2 0.513682 0.755156 0.083057 0.103125
2 0.754282 0.728203 0.015820 0.025781
2 0.616514 0.732890 0.038232 0.058594
2 0.434580 0.786796 0.135791 0.128906
7 0.682432 0.717656 0.030322 0.065625
7 0.861729 0.728203 0.125244 0.171094
