2 0.518865 0.424309 0.008264 0.024486
9 0.019042 0.516657 0.036729 0.334643
9 0.059203 0.510365 0.028167 0.204527
9 0.752029 0.501965 0.006428 0.022854
9 0.746061 0.501965 0.007346 0.032648
9 0.738715 0.504414 0.009182 0.027751
9 0.723105 0.510943 0.009182 0.034281
9 0.703363 0.517473 0.010101 0.040810
9 0.693263 0.511759 0.010101 0.045707
9 0.713464 0.510127 0.011937 0.055502
4 0.738382 0.384432 0.012855 0.024486
4 0.741137 0.414631 0.020201 0.029383
2 0.493996 0.466596 0.006143 0.021221
7 0.522319 0.462515 0.048666 0.045707
7 0.639380 0.487273 0.116030 0.125695
3 0.629572 0.523186 0.044993 0.086518
3 0.476588 0.501399 0.019664 0.049204
3 0.488716 0.513392 0.021119 0.047340
3 0.510753 0.517473 0.037647 0.071826
3 0.845477 0.555866 0.305770 0.426058
3 0.362594 0.549337 0.234360 0.328114
3 0.566088 0.527267 0.112024 0.163241
9 0.128311 0.468734 0.029383 0.087684
1 0.450968 0.455660 0.036254 0.097716
