2 0.026382 0.552336 0.052764 0.206519
2 0.094085 0.529466 0.110710 0.146920
2 0.238710 0.512833 0.066270 0.080390
2 0.363843 0.485113 0.035864 0.066530
2 0.515094 0.474717 0.071727 0.092864
2 0.807981 0.570816 0.357078 0.306314
2 0.561613 0.494584 0.074846 0.087320
2 0.436480 0.514682 0.094337 0.138604
2 0.309397 0.491812 0.086541 0.134446
2 0.385153 0.475410 0.009356 0.030493
2 0.398017 0.475410 0.019491 0.033265
2 0.370340 0.456699 0.018711 0.026335
9 0.451943 0.396406 0.004678 0.016632
9 0.455841 0.397099 0.004678 0.018018
9 0.365792 0.397099 0.003898 0.018018
9 0.361114 0.395713 0.003898 0.015246
