3 0.025345 0.591817 0.046791 0.247818
3 0.135986 0.577086 0.213483 0.218357
3 0.278795 0.555424 0.070186 0.143838
3 0.332897 0.551958 0.053614 0.091849
3 0.377738 0.535494 0.034118 0.058922
3 0.406495 0.524230 0.021446 0.043325
3 0.429403 0.523364 0.026320 0.045058
3 0.456697 0.512966 0.022421 0.031194
3 0.697475 0.520764 0.143297 0.157702
3 0.622902 0.525096 0.029244 0.062388
3 0.597557 0.506900 0.029244 0.046791
3 0.571725 0.498235 0.016572 0.036393
3 0.561002 0.499102 0.012673 0.031194
3 0.873915 0.578819 0.246626 0.305007
3 0.472782 0.509500 0.009748 0.027728
3 0.485942 0.505167 0.014622 0.008665
2 0.501539 0.456643 0.008773 0.022529
2 0.549792 0.454044 0.007798 0.013864
3 0.552229 0.492170 0.012673 0.020796
3 0.542481 0.484371 0.010723 0.019063
