2 0.272620 0.448021 0.049781 0.073473
2 0.348813 0.432916 0.026207 0.038825
2 0.375332 0.425151 0.025583 0.014421
2 0.416826 0.421268 0.043678 0.017749
2 0.457384 0.453437 0.014975 0.037716
2 0.469552 0.462312 0.025583 0.055464
2 0.487647 0.464530 0.029327 0.070994
2 0.509486 0.470631 0.033071 0.094289
2 0.557532 0.473959 0.097964 0.132005
2 0.603082 0.516112 0.106699 0.138661
2 0.320110 0.439017 0.034942 0.057683
2 0.361604 0.456765 0.029327 0.042153
2 0.412146 0.491708 0.094220 0.138661
2 0.776235 0.532881 0.304499 0.327499
2 0.194380 0.462866 0.131658 0.154191
9 0.425250 0.360812 0.004368 0.016639
9 0.429929 0.363585 0.004992 0.011093
9 0.370028 0.369132 0.003744 0.015530
9 0.366908 0.368577 0.003744 0.012202
9 0.225267 0.354416 0.006240 0.018858
