2 0.485236 0.682642 0.191993 0.356604
2 0.588397 0.645708 0.028656 0.033113
2 0.576218 0.667359 0.032954 0.071321
2 0.722362 0.734859 0.335749 0.527265
2 0.244290 0.770520 0.488579 0.455944
9 0.005015 0.416463 0.007164 0.038208
9 0.389717 0.328161 0.020059 0.099340
9 0.679379 0.454246 0.018626 0.056038
9 0.695856 0.458491 0.011462 0.050943
9 0.704452 0.458491 0.014328 0.045849
9 0.921758 0.467406 0.014328 0.058585
9 0.938235 0.466132 0.015761 0.061132
9 0.441298 0.510708 0.011462 0.030566
9 0.795912 0.421557 0.012895 0.040755
