9 0.491629 0.260455 0.011931 0.043669
9 0.644275 0.291647 0.005615 0.026201
9 0.483908 0.352784 0.007720 0.021211
9 0.897810 0.334069 0.008422 0.016220
9 0.150278 0.300069 0.016142 0.033688
2 0.091676 0.553083 0.181071 0.374307
2 0.727680 0.626696 0.351614 0.486599
2 0.511869 0.466279 0.033688 0.067375
2 0.565207 0.461912 0.087026 0.140989
2 0.861378 0.485262 0.204933 0.317448
2 0.331149 0.468119 0.351614 0.578457
2 0.039990 0.594916 0.076055 0.266256
2 0.970195 0.465948 0.054993 0.191371
7 0.130755 0.370782 0.128123 0.115447
9 0.164395 0.296938 0.009361 0.023921
9 0.147429 0.212693 0.009361 0.038482
