3 0.281193 0.517677 0.110020 0.125433
3 0.392409 0.500669 0.023917 0.036142
4 0.650716 0.418819 0.023917 0.012756
3 0.797209 0.525969 0.111216 0.089291
3 0.926363 0.533622 0.132741 0.093543
4 0.568799 0.452835 0.013155 0.055276
4 0.568201 0.402874 0.019134 0.036142
4 0.199874 0.447520 0.016742 0.057402
4 0.198678 0.325276 0.019134 0.051024
4 0.097030 0.427323 0.026309 0.038268
2 0.540098 0.307205 0.013155 0.044646
2 0.553851 0.305079 0.009567 0.040394
3 0.493459 0.505984 0.027505 0.034016
3 0.454594 0.499606 0.014350 0.021260
3 0.360718 0.509173 0.022721 0.027638
3 0.437254 0.496417 0.010763 0.014882
