3 0.491272 0.433409 0.012292 0.016996
3 0.450982 0.439479 0.016389 0.029137
3 0.444153 0.445549 0.013658 0.031565
3 0.432544 0.444335 0.023218 0.033993
3 0.502199 0.441907 0.017755 0.033993
3 0.539075 0.443121 0.042339 0.060701
3 0.347865 0.436444 0.100249 0.191817
1 0.527739 0.423696 0.046437 0.075270
3 0.411647 0.447977 0.035510 0.055845
3 0.476522 0.435837 0.020487 0.041277
9 0.231601 0.426096 0.012054 0.067929
9 0.218799 0.462545 0.024584 0.099550
2 0.443060 0.373921 0.010926 0.029137
9 0.244515 0.457000 0.018941 0.076531
