3 0.291937 0.703125 0.018984 0.026250
3 0.249223 0.702187 0.079102 0.043125
3 0.110496 0.718833 0.061946 0.065166
3 0.167590 0.732187 0.066445 0.076875
4 0.031113 0.650625 0.032695 0.056250
4 0.312715 0.657187 0.011602 0.020625
4 0.255762 0.630937 0.017930 0.013125
4 0.203027 0.652500 0.009492 0.022500
4 0.257344 0.612187 0.012656 0.028125
4 0.492117 0.588750 0.033750 0.045000
4 0.569109 0.547500 0.048516 0.086250
1 0.326426 0.684375 0.020039 0.018750
1 0.341719 0.683437 0.016875 0.016875
1 0.353320 0.684375 0.012656 0.018750
