3 0.390394 0.265106 0.071884 0.067976
3 0.583105 0.278701 0.021412 0.029909
3 0.552898 0.278701 0.042060 0.040785
3 0.508544 0.271903 0.031354 0.040785
3 0.704315 0.271224 0.016059 0.020393
3 0.658431 0.266465 0.026765 0.029909
3 0.677931 0.262387 0.018353 0.027190
3 0.693226 0.261027 0.015295 0.027190
3 0.684953 0.289365 0.032883 0.040785
3 0.777485 0.292084 0.016059 0.027190
3 0.732749 0.314516 0.061178 0.096526
3 0.627981 0.309078 0.061178 0.080211
3 0.734035 0.263719 0.019118 0.017674
4 0.466880 0.111797 0.031641 0.025781
4 0.463584 0.142266 0.080420 0.053906
4 0.787241 0.252422 0.007910 0.025781
4 0.792515 0.268828 0.007910 0.021094
4 0.836680 0.281719 0.009229 0.018750
