2 0.706248 0.342266 0.012673 0.057189
2 0.573674 0.288543 0.006824 0.050257
2 0.566363 0.282478 0.009748 0.051990
2 0.553691 0.284211 0.011698 0.048524
2 0.199836 0.309339 0.013647 0.050257
2 0.406007 0.433248 0.004874 0.027728
4 0.631675 0.311072 0.066287 0.025995
9 0.793494 0.551091 0.021446 0.083184
9 0.773510 0.546759 0.016572 0.091849
9 0.750115 0.544159 0.016572 0.083184
9 0.739879 0.544159 0.011698 0.083184
9 0.726719 0.549358 0.014622 0.079718
9 0.714534 0.547625 0.015597 0.072786
9 0.708198 0.537227 0.014622 0.076252
9 0.694063 0.544159 0.017547 0.083184
9 0.676517 0.548492 0.011698 0.067587
9 0.661895 0.549358 0.015597 0.079718
9 0.653121 0.532895 0.015597 0.057189
9 0.635087 0.513832 0.010723 0.046791
9 0.626801 0.513832 0.009748 0.046791
9 0.614129 0.507767 0.011698 0.051990
9 0.604868 0.506034 0.010723 0.048524
9 0.580985 0.499102 0.011698 0.045058
9 0.564414 0.499968 0.009748 0.046791
9 0.246139 0.521631 0.036068 0.114377
9 0.500076 0.497369 0.007798 0.027728
9 0.487891 0.496502 0.008773 0.036393
9 0.459134 0.494769 0.007798 0.036393
3 0.444512 0.495636 0.021446 0.027728
3 0.423067 0.487837 0.013647 0.022529
3 0.403570 0.495636 0.023395 0.034660
4 0.349956 0.435847 0.015597 0.032927
3 0.369452 0.500835 0.052640 0.086650
3 0.114053 0.562356 0.228105 0.265148
