2 0.627626 0.390995 0.005998 0.021327
2 0.619229 0.393128 0.003599 0.017062
4 0.908943 0.308886 0.023993 0.031991
4 0.905344 0.234242 0.045586 0.044787
4 0.648620 0.333412 0.055184 0.063981
4 0.562246 0.410189 0.026392 0.025592
2 0.541852 0.390995 0.004799 0.021327
2 0.536453 0.387796 0.005998 0.023460
3 0.562246 0.469905 0.016795 0.017062
3 0.546650 0.457109 0.019194 0.038389
3 0.525656 0.465639 0.020394 0.034123
3 0.513660 0.489099 0.015595 0.038389
3 0.490267 0.490166 0.040788 0.074644
3 0.442281 0.498696 0.026392 0.053317
3 0.404492 0.489099 0.056383 0.089573
3 0.360705 0.513625 0.062381 0.087441
3 0.277930 0.523222 0.124763 0.127962
3 0.185557 0.520023 0.107968 0.117299
3 0.575442 0.464573 0.016795 0.023460
3 0.588638 0.465639 0.016795 0.017062
3 0.657017 0.483767 0.014396 0.036256
3 0.622828 0.497630 0.065980 0.115166
1 0.657017 0.453910 0.057583 0.066114
3 0.695406 0.483767 0.062381 0.091706
3 0.718799 0.512559 0.068380 0.093839
3 0.788378 0.550947 0.135560 0.136493
3 0.924480 0.617061 0.151040 0.413744
3 0.567044 0.609597 0.179947 0.270853
4 0.688427 0.402644 0.012474 0.015246
