3 0.586205 0.366622 0.011701 0.016641
3 0.573334 0.365582 0.011701 0.014561
3 0.565729 0.364542 0.010531 0.024961
3 0.555198 0.367662 0.010531 0.018721
3 0.544668 0.369742 0.017551 0.022881
3 0.197742 0.397824 0.042123 0.037442
3 0.119932 0.403024 0.029252 0.031202
3 0.074299 0.404064 0.057333 0.049923
3 0.355701 0.383263 0.016381 0.020801
3 0.792372 0.382743 0.051483 0.049923
4 0.202273 0.324936 0.038018 0.050257
4 0.164743 0.322336 0.013647 0.024262
4 0.655071 0.269480 0.011698 0.029461
2 0.028757 0.310206 0.020471 0.034660
