3 0.691011 0.400700 0.023139 0.028047
3 0.694692 0.409114 0.019984 0.033657
3 0.707839 0.416593 0.027346 0.052355
3 0.747280 0.423137 0.070468 0.102839
3 0.656302 0.412853 0.018932 0.063573
3 0.603188 0.405374 0.007362 0.018698
3 0.595826 0.408179 0.009466 0.024307
3 0.587412 0.410049 0.013673 0.031787
3 0.572161 0.409114 0.029449 0.041136
1 0.498011 0.425942 0.089400 0.086011
3 0.401925 0.478804 0.138833 0.147715
3 0.630158 0.424580 0.056795 0.095360
3 0.843141 0.474130 0.171438 0.179501
3 0.057772 0.489889 0.112539 0.119668
3 0.161897 0.557737 0.322892 0.291690
3 0.558638 0.419371 0.027346 0.033657
4 0.824585 0.320672 0.017880 0.020568
4 0.697847 0.375831 0.010518 0.018698
4 0.325522 0.288885 0.012621 0.050485
4 0.490123 0.365547 0.016828 0.016828
