2 0.499679 0.458106 0.016093 0.028609
2 0.262311 0.450060 0.032185 0.023245
2 0.217050 0.457212 0.040232 0.059007
2 0.166761 0.458106 0.060348 0.075099
2 0.117980 0.454530 0.057330 0.067947
2 0.517280 0.465258 0.027156 0.032185
2 0.466488 0.473305 0.050290 0.076887
2 0.759174 0.510854 0.293692 0.302185
9 0.181345 0.312377 0.023133 0.037550
9 0.851204 0.320424 0.019110 0.039338
9 0.155194 0.313272 0.011064 0.039338
9 0.198443 0.159497 0.015087 0.060795
9 0.181345 0.150556 0.015087 0.075099
9 0.333723 0.414298 0.006035 0.019669
