9 0.314653 0.339625 0.009564 0.039106
9 0.445679 0.318372 0.011477 0.044207
9 0.560446 0.457793 0.007651 0.034005
9 0.198930 0.456093 0.013389 0.023804
9 0.210406 0.457793 0.005738 0.017003
9 0.562359 0.491798 0.007651 0.020403
9 0.651781 0.476496 0.012433 0.030605
9 0.435158 0.467853 0.007651 0.015302
2 0.295206 0.530196 0.024866 0.056108
2 0.172151 0.570151 0.174063 0.153023
2 0.695297 0.629944 0.172151 0.200063
2 0.075555 0.621442 0.151110 0.317947
2 0.855015 0.709856 0.289787 0.363854
2 0.407423 0.642696 0.328999 0.355353
