9 0.308155 0.577184 0.013658 0.063130
9 0.560142 0.301600 0.017755 0.104407
9 0.325910 0.582041 0.013658 0.067986
9 0.294497 0.595395 0.016389 0.084982
9 0.536924 0.317382 0.020487 0.092266
9 0.586775 0.318596 0.019121 0.099550
7 0.303375 0.942607 0.083313 0.094694
5 0.425612 0.892832 0.060094 0.126259
2 0.389419 0.939312 0.058729 0.097122
2 0.605213 0.920061 0.036876 0.055845
2 0.575848 0.915205 0.024584 0.046133
2 0.547850 0.918847 0.023218 0.043705
2 0.356640 0.931508 0.023218 0.038502
2 0.487755 0.928906 0.015024 0.024281
2 0.507559 0.925264 0.010926 0.021853
9 0.489192 0.878958 0.009560 0.019424
9 0.461194 0.878958 0.005463 0.019424
