3 0.454286 0.359603 0.036343 0.032305
3 0.484413 0.357053 0.044950 0.030605
3 0.467198 0.341751 0.014346 0.020403
3 0.495411 0.409761 0.042081 0.091814
3 0.434680 0.411461 0.073642 0.105416
3 0.415552 0.356203 0.050689 0.049307
3 0.356734 0.426763 0.112854 0.209131
3 0.256791 0.471820 0.224752 0.289043
3 0.129287 0.687796 0.256313 0.617192
3 0.622307 0.580658 0.343345 0.515220
1 0.869534 0.452002 0.239098 0.877330
4 0.116680 0.120718 0.034430 0.045907
4 0.383035 0.302220 0.010520 0.011902
4 0.401207 0.302220 0.010520 0.032305
4 0.497802 0.301370 0.008608 0.013602
4 0.524103 0.328574 0.007651 0.013602
4 0.534145 0.337075 0.010520 0.017003
4 0.627393 0.293719 0.022953 0.039106
2 0.547535 0.289893 0.006695 0.018703
2 0.542274 0.289043 0.005738 0.020403
2 0.537971 0.286493 0.004782 0.018703
