2 0.388438 0.186797 0.011865 0.058594
2 0.505113 0.230156 0.013184 0.042187
2 0.470835 0.382500 0.007910 0.023437
2 0.509068 0.386015 0.010547 0.016406
2 0.408872 0.187969 0.010547 0.046875
2 0.606626 0.364922 0.015820 0.030469
2 0.519615 0.227812 0.010547 0.042187
2 0.135972 0.337969 0.029004 0.046875
2 0.317246 0.391875 0.011865 0.023437
2 0.705503 0.311015 0.023730 0.039844
4 0.321202 0.360234 0.022412 0.021094
4 0.309996 0.347344 0.023730 0.014062
4 0.602012 0.336797 0.025049 0.021094
4 0.721323 0.280547 0.029004 0.021094
4 0.729234 0.253594 0.018457 0.028125
4 0.721983 0.216094 0.027686 0.028125
4 0.551255 0.353203 0.010547 0.025781
4 0.691001 0.205547 0.042187 0.030469
3 0.422715 0.459843 0.025049 0.037500
3 0.714732 0.473906 0.168750 0.239062
3 0.390415 0.458672 0.047461 0.082031
3 0.499839 0.499687 0.139746 0.210937
3 0.019866 0.461015 0.039732 0.063281
3 0.125335 0.516093 0.250669 0.253125
3 0.861729 0.553593 0.275537 0.384375
