2 0.015203 0.497587 0.028847 0.099795
2 0.067829 0.483727 0.060812 0.080390
2 0.105252 0.492736 0.067050 0.090092
9 0.341485 0.293147 0.015593 0.070688
9 0.350451 0.302849 0.005458 0.048511
2 0.990150 0.468480 0.018711 0.052669
2 0.647885 0.456699 0.054575 0.062372
2 0.626055 0.444918 0.045219 0.063758
2 0.599937 0.434522 0.010135 0.026335
2 0.558226 0.433136 0.020271 0.029107
2 0.575378 0.437294 0.018711 0.029107
2 0.580446 0.410960 0.010135 0.015246
2 0.755087 0.610549 0.273656 0.297998
9 0.109540 0.143455 0.021050 0.106725
9 0.861508 0.386011 0.009356 0.018018
9 0.843576 0.384625 0.009356 0.015246
