3 0.270927 0.370765 0.239351 0.237012
3 0.582785 0.334035 0.116167 0.188501
3 0.421009 0.338193 0.106032 0.102567
3 0.500532 0.308393 0.051457 0.070688
3 0.631513 0.288296 0.023389 0.044353
3 0.643208 0.275821 0.017152 0.033265
3 0.655292 0.268198 0.014813 0.034651
3 0.664648 0.264733 0.013254 0.022177
3 0.673224 0.256417 0.011695 0.016632
3 0.721562 0.268198 0.033525 0.026335
3 0.699342 0.268891 0.015593 0.019405
4 0.808882 0.197510 0.063151 0.065144
4 0.431144 0.198896 0.023389 0.042967
4 0.733257 0.236319 0.008576 0.018018
4 0.773408 0.245328 0.012474 0.024949
3 0.482042 0.301021 0.039967 0.053723
