2 0.337772 0.021841 0.014041 0.039522
2 0.355323 0.024961 0.011701 0.045763
2 0.662467 0.123767 0.008190 0.052003
4 0.248640 0.287057 0.019891 0.020801
4 0.364711 0.495070 0.026912 0.004160
4 0.826538 0.059284 0.023401 0.064484
4 0.810157 0.198652 0.021061 0.010401
4 0.839408 0.206972 0.023401 0.010401
4 0.825953 0.242335 0.024571 0.014561
2 0.314863 0.296551 0.013647 0.027309
2 0.670099 0.123767 0.005850 0.043683
2 0.517405 0.301618 0.004680 0.020801
9 0.284912 0.375463 0.015211 0.068644
9 0.461359 0.378583 0.012871 0.074884
9 0.878606 0.364022 0.017551 0.087365
9 0.857544 0.361942 0.012871 0.087365
9 0.848769 0.362982 0.014041 0.085285
3 0.512257 0.366102 0.007020 0.016641
3 0.506406 0.366102 0.009361 0.024961
3 0.497046 0.368182 0.011701 0.024961
3 0.485930 0.369222 0.017551 0.039522
3 0.475985 0.374422 0.014041 0.041602
3 0.433277 0.375463 0.038612 0.052003
3 0.427427 0.385863 0.031592 0.056163
3 0.616042 0.370262 0.022231 0.041602
3 0.551103 0.366102 0.011701 0.012481
3 0.397707 0.392104 0.059674 0.060324
3 0.538466 0.367142 0.011701 0.022881
3 0.563038 0.365062 0.011701 0.018721
3 0.575909 0.368182 0.011701 0.020801
3 0.736208 0.375463 0.070204 0.089445
3 0.692331 0.378583 0.022231 0.049923
3 0.654582 0.382743 0.075443 0.091525
3 0.009568 0.600116 0.017551 0.135208
3 0.054030 0.405624 0.101796 0.087365
