2 0.229394 0.480468 0.026367 0.032812
2 0.208960 0.486328 0.035596 0.044531
2 0.176660 0.492187 0.023730 0.037500
2 0.487793 0.442968 0.010547 0.014062
2 0.481201 0.454687 0.010547 0.023437
2 0.495703 0.458203 0.021094 0.021094
2 0.471972 0.459375 0.018457 0.023437
7 0.504272 0.428906 0.011865 0.018750
2 0.414624 0.505078 0.072510 0.100781
2 0.532617 0.526172 0.094922 0.142969
2 0.665771 0.472265 0.050098 0.053906
9 0.016479 0.414843 0.011865 0.018750
9 0.373755 0.424218 0.009229 0.093750
9 0.545141 0.394922 0.006592 0.030469
9 0.673681 0.357422 0.013184 0.039844
9 0.687524 0.357422 0.009229 0.044531
