2 0.310086 0.392483 0.015087 0.062583
2 0.899482 0.359194 0.019110 0.064015
2 0.093841 0.385331 0.019110 0.073311
4 0.091326 0.461324 0.032185 0.078675
2 0.139604 0.475629 0.020116 0.032185
2 0.116974 0.469371 0.025145 0.037550
2 0.305560 0.480993 0.022127 0.028609
9 0.667144 0.582020 0.037214 0.162715
3 0.604784 0.541788 0.033191 0.039338
3 0.577125 0.534636 0.022127 0.028609
3 0.552986 0.542682 0.016093 0.019669
3 0.529853 0.546258 0.012070 0.016093
3 0.498170 0.543576 0.027156 0.032185
3 0.488112 0.556093 0.027156 0.035762
3 0.915575 0.713444 0.163945 0.404106
4 0.658091 0.421987 0.015087 0.046490
