3 0.530334 0.150809 0.025742 0.049923
3 0.629425 0.194492 0.043731 0.124807
3 0.742117 0.206972 0.149769 0.191371
3 0.832432 0.266776 0.118908 0.177851
3 0.249108 0.123197 0.038612 0.049079
3 0.413503 0.108166 0.030422 0.033282
3 0.462470 0.106086 0.021061 0.022881
3 0.558855 0.151701 0.049143 0.064484
2 0.525508 0.102818 0.010531 0.024961
2 0.396800 0.058095 0.015211 0.031202
2 0.418446 0.035214 0.011701 0.031202
2 0.459399 0.053935 0.009361 0.031202
2 0.466419 0.085137 0.014041 0.018721
3 0.672352 0.194343 0.079565 0.133128
4 0.584596 0.086177 0.021061 0.054083
4 0.312555 0.041454 0.026912 0.060324
3 0.427868 0.291217 0.201252 0.299538
