3 0.222100 0.307866 0.314093 0.354959
3 0.481322 0.134872 0.035320 0.058306
3 0.744418 0.254847 0.184167 0.235465
3 0.569711 0.126703 0.029013 0.047093
3 0.519885 0.131188 0.020183 0.038123
3 0.533040 0.130387 0.012614 0.035880
4 0.452940 0.051258 0.029013 0.044850
4 0.385454 0.035560 0.012614 0.031395
4 0.603679 0.101714 0.012614 0.029153
2 0.496130 0.024294 0.019399 0.024668
2 0.532950 0.035507 0.011353 0.024668
4 0.598543 0.033638 0.006307 0.017940
2 0.777285 0.025472 0.014328 0.028019
2 0.543742 0.072594 0.014328 0.030566
2 0.511504 0.064953 0.015761 0.025472
