3 0.284937 0.557066 0.065558 0.058273
3 0.591555 0.555852 0.015024 0.026709
3 0.604530 0.558280 0.013658 0.021853
3 0.580629 0.550996 0.009560 0.021853
3 0.569020 0.552210 0.010926 0.024281
3 0.549216 0.558280 0.012292 0.021853
4 0.536924 0.456302 0.020487 0.016996
4 0.546484 0.491509 0.042339 0.053417
4 0.581312 0.461158 0.013658 0.007284
4 0.584043 0.486652 0.021853 0.048561
4 0.614773 0.485438 0.034145 0.036421
4 0.599067 0.524287 0.024584 0.007284
4 0.575848 0.529144 0.016389 0.016996
4 0.556727 0.530358 0.024584 0.014568
3 0.526680 0.547354 0.024584 0.019424
3 0.467415 0.548882 0.013988 0.017763
