3 0.431758 0.483192 0.258133 0.359129
3 0.737401 0.419528 0.217746 0.277509
3 0.239675 0.381167 0.103419 0.119166
3 0.313257 0.386880 0.092152 0.179565
3 0.587884 0.391125 0.094578 0.117533
2 0.655747 0.173433 0.020487 0.048561
2 0.168328 0.278274 0.017446 0.029383
2 0.162360 0.310106 0.020201 0.037545
3 0.640683 0.369087 0.036729 0.063664
2 0.668930 0.159976 0.012855 0.048972
9 0.855330 0.410550 0.023874 0.093047
4 0.973832 0.323335 0.022037 0.050605
3 0.539051 0.355167 0.028465 0.058767
9 0.006683 0.371491 0.013365 0.111004
9 0.069159 0.354997 0.022956 0.094680
5 0.145831 0.377035 0.018365 0.044075
5 0.134813 0.378667 0.020201 0.040810
5 0.125630 0.380300 0.016528 0.037545
5 0.114612 0.380300 0.020201 0.040810
5 0.098084 0.378667 0.029383 0.047340
2 0.190780 0.022870 0.033974 0.045739
