4 0.220307 0.367394 0.015597 0.013864
4 0.449386 0.405520 0.013647 0.017330
4 0.646785 0.376926 0.008773 0.039859
2 0.405520 0.414185 0.003899 0.013864
2 0.464009 0.419384 0.003899 0.017330
9 0.228592 0.467041 0.014622 0.077985
3 0.267585 0.481772 0.069211 0.065854
3 0.306577 0.467908 0.039967 0.058922
3 0.330460 0.461842 0.021446 0.053723
3 0.346057 0.463575 0.013647 0.036393
3 0.357267 0.453177 0.024370 0.036393
3 0.370914 0.447978 0.008773 0.019063
3 0.384074 0.454044 0.019496 0.027728
7 0.423554 0.441046 0.036068 0.060655
3 0.473269 0.469641 0.038018 0.058922
3 0.495202 0.460976 0.017547 0.027728
3 0.740367 0.504301 0.065312 0.065854
3 0.700399 0.493903 0.038018 0.051990
3 0.648735 0.489570 0.051665 0.057189
9 0.576599 0.468774 0.016572 0.032927
3 0.604868 0.468774 0.038018 0.053723
3 0.770391 0.478595 0.026710 0.061810
3 0.513236 0.457510 0.008773 0.006932
4 0.488866 0.412452 0.020471 0.013864
3 0.385049 0.390790 0.019496 0.008665
3 0.437201 0.394256 0.010723 0.015597
