4 0.655032 0.390409 0.014220 0.015169
4 0.838753 0.339219 0.034684 0.039193
4 0.644366 0.423274 0.015643 0.040449
4 0.194999 0.305718 0.018487 0.027809
4 0.190021 0.334791 0.028441 0.020225
4 0.303074 0.438443 0.015643 0.030337
2 0.700322 0.429759 0.013791 0.028202
3 0.851679 0.677347 0.296596 0.386798
3 0.704803 0.592656 0.142205 0.202247
3 0.576641 0.522050 0.041239 0.053090
3 0.582329 0.498033 0.029863 0.030337
3 0.566687 0.495505 0.024175 0.035393
3 0.560288 0.491713 0.025597 0.048034
3 0.546512 0.483828 0.012265 0.030578
3 0.495318 0.479193 0.012265 0.019623
3 0.484919 0.483286 0.011376 0.022753
3 0.477098 0.487078 0.012798 0.030337
3 0.467854 0.493399 0.014220 0.032865
3 0.454345 0.495927 0.024175 0.037921
3 0.437280 0.508567 0.044084 0.053090
3 0.403151 0.527528 0.044084 0.060674
3 0.373288 0.552809 0.052616 0.080899
3 0.333471 0.564185 0.075369 0.093539
3 0.270189 0.594522 0.085323 0.139045
3 0.123896 0.625521 0.246015 0.252809
3 0.524914 0.475100 0.012798 0.022753
