3 0.419466 0.423523 0.066923 0.082554
3 0.661893 0.413811 0.065558 0.077698
3 0.553313 0.400456 0.034145 0.050989
0 0.326593 0.425951 0.023218 0.077698
5 0.330007 0.442947 0.021853 0.063130
9 0.207087 0.428379 0.016389 0.101978
9 0.255572 0.412597 0.015024 0.084982
9 0.298594 0.399242 0.008195 0.038849
9 0.374395 0.406527 0.012292 0.053417
9 0.839445 0.393172 0.024584 0.080126
9 0.814861 0.393172 0.019121 0.084982
3 0.461123 0.412597 0.046437 0.070414
3 0.625700 0.396814 0.036876 0.077698
3 0.603847 0.402884 0.028681 0.055845
3 0.590872 0.401670 0.019121 0.043705
3 0.586092 0.393172 0.028681 0.055845
1 0.539655 0.382246 0.036876 0.077698
3 0.505511 0.401670 0.015024 0.019424
3 0.485707 0.404098 0.010926 0.024281
2 0.820324 0.284256 0.021853 0.036421
2 0.158602 0.302467 0.020487 0.029137
2 0.181820 0.304895 0.020487 0.029137
4 0.184551 0.281481 0.034145 0.021853
4 0.795057 0.192857 0.036876 0.024281
4 0.811190 0.087930 0.023730 0.023240
2 0.484341 0.333511 0.005463 0.021159
2 0.557103 0.333615 0.004097 0.019424
2 0.490760 0.332644 0.005668 0.024281
2 0.550274 0.331916 0.006829 0.021853
2 0.632528 0.024107 0.012292 0.046133
2 0.658478 0.019945 0.017755 0.039890
4 0.769047 0.255461 0.017161 0.045763
