2 0.179324 0.464679 0.010520 0.015302
2 0.099531 0.228854 0.017347 0.073451
2 0.073164 0.231234 0.012433 0.064610
2 0.095771 0.295334 0.013389 0.062909
2 0.522800 0.495964 0.014346 0.022103
2 0.362622 0.363580 0.009529 0.053179
4 0.571098 0.452607 0.017215 0.020403
4 0.555135 0.376606 0.010885 0.022177
3 0.044472 0.615492 0.012433 0.017003
3 0.097265 0.610391 0.083206 0.057809
3 0.248853 0.592878 0.120505 0.083312
3 0.683557 0.561083 0.327835 0.227833
3 0.509119 0.448792 0.074599 0.183776
1 0.444914 0.589308 0.053558 0.044207
3 0.020084 0.613961 0.040168 0.052708
9 0.370602 0.578511 0.010520 0.034005
9 0.318000 0.570010 0.008608 0.023804
9 0.153501 0.573410 0.008608 0.044207
2 0.647478 0.331549 0.019128 0.027204
2 0.514061 0.258438 0.018171 0.023804
2 0.352400 0.361756 0.012474 0.054055
2 0.375612 0.361019 0.014813 0.047125
2 0.494118 0.393591 0.011695 0.062372
2 0.502637 0.388783 0.008576 0.020791
3 0.508371 0.584511 0.063931 0.083162
3 0.922923 0.553678 0.152031 0.158008
