4 0.456424 0.431290 0.025579 0.015632
4 0.785354 0.413526 0.013589 0.039789
4 0.784155 0.467526 0.017586 0.014211
4 0.479605 0.428447 0.015987 0.012789
4 0.692630 0.444562 0.016786 0.027966
4 0.622688 0.464684 0.030375 0.017053
4 0.379288 0.444790 0.019984 0.014211
2 0.498790 0.441237 0.012789 0.035526
2 0.474010 0.491684 0.011191 0.022737
2 0.677443 0.445500 0.008793 0.029842
3 0.517974 0.517263 0.017586 0.022737
3 0.533161 0.516553 0.004796 0.015632
3 0.547549 0.522237 0.014388 0.018474
3 0.564735 0.524369 0.013589 0.022737
3 0.584319 0.526500 0.019184 0.021316
3 0.602704 0.525790 0.014388 0.025579
3 0.496392 0.515132 0.015987 0.024158
3 0.339321 0.535737 0.047161 0.085263
3 0.274174 0.538579 0.126296 0.142105
3 0.189044 0.559184 0.143082 0.143526
3 0.627752 0.531583 0.012252 0.025798
3 0.642671 0.532895 0.020783 0.034105
9 0.707418 0.540000 0.014388 0.036947
9 0.838510 0.537869 0.012789 0.032684
3 0.064347 0.581565 0.125497 0.238029
3 0.434443 0.542842 0.071141 0.093789
3 0.674645 0.545684 0.049559 0.082421
3 0.791749 0.571263 0.096720 0.088105
