3 0.358242 0.395122 0.018521 0.017330
3 0.339233 0.391656 0.011698 0.010398
3 0.340695 0.402921 0.018521 0.015597
3 0.465471 0.392523 0.008773 0.015597
3 0.673105 0.376926 0.036068 0.025995
9 0.696988 0.371727 0.009748 0.022529
9 0.766199 0.371727 0.013647 0.039859
4 0.684803 0.360462 0.010723 0.027728
3 0.264660 0.391656 0.045816 0.027728
3 0.183264 0.378659 0.058488 0.053723
3 0.411369 0.418518 0.095531 0.150770
4 0.305775 0.355263 0.005849 0.017330
9 0.306750 0.382125 0.005849 0.032927
9 0.297976 0.376926 0.007798 0.029461
