9 0.506431 0.240703 0.005273 0.021094
9 0.441831 0.257109 0.007910 0.025781
9 0.501817 0.240703 0.006592 0.021094
9 0.369322 0.234844 0.007910 0.028125
9 0.062144 0.023672 0.021094 0.047344
9 0.009978 0.104766 0.019957 0.072656
9 0.991587 0.127031 0.015820 0.075000
9 0.054234 0.105937 0.039551 0.079687
9 0.942808 0.137578 0.015820 0.058594
2 0.482041 0.305156 0.019775 0.018750
2 0.476109 0.319219 0.013184 0.028125
2 0.470176 0.326250 0.014502 0.051562
2 0.447105 0.326250 0.039551 0.079687
2 0.546641 0.316875 0.019775 0.037500
2 0.516978 0.307500 0.036914 0.032812
2 0.105650 0.357890 0.081738 0.086719
5 0.571030 0.306328 0.034277 0.138281
2 0.403599 0.343828 0.076465 0.110156
2 0.505772 0.376640 0.080420 0.124219
2 0.255284 0.401250 0.230713 0.267187
2 0.024480 0.364922 0.048961 0.114844
7 0.645518 0.298125 0.148975 0.276562
