3 0.532254 0.370734 0.014396 0.019194
3 0.517859 0.366469 0.009597 0.014929
3 0.509461 0.366469 0.011996 0.019194
3 0.501064 0.373933 0.019194 0.029858
3 0.484869 0.371801 0.017995 0.025592
3 0.477071 0.384597 0.023993 0.034123
3 0.463875 0.385663 0.019194 0.031991
3 0.448279 0.393128 0.031191 0.051185
3 0.393096 0.400592 0.067180 0.078910
4 0.603033 0.323815 0.011996 0.014929
3 0.561646 0.379265 0.017995 0.027725
3 0.586838 0.384597 0.022793 0.042654
3 0.607832 0.398459 0.021594 0.049052
3 0.631225 0.403791 0.027592 0.055450
3 0.684609 0.386730 0.098371 0.149289
3 0.840563 0.405924 0.266321 0.281516
4 0.208165 0.270970 0.023389 0.020791
4 0.308350 0.280672 0.028847 0.015246
4 0.808882 0.138604 0.047558 0.024949
