3 0.886535 0.478429 0.224653 0.199692
3 0.757828 0.449307 0.140408 0.149769
3 0.589923 0.426426 0.045633 0.070724
3 0.558331 0.420185 0.036272 0.058243
3 0.536684 0.416025 0.039782 0.058243
3 0.509773 0.422265 0.018721 0.029122
3 0.494562 0.418105 0.016381 0.029122
3 0.446589 0.408745 0.011701 0.043683
3 0.471160 0.420185 0.035102 0.066564
3 0.416167 0.413945 0.035102 0.054083
3 0.643746 0.445147 0.139238 0.183051
1 0.235769 0.416025 0.054993 0.049923
3 0.122857 0.439946 0.025742 0.027042
3 0.148014 0.436826 0.024571 0.020801
3 0.201837 0.410825 0.017551 0.022881
3 0.182531 0.418105 0.021061 0.020801
2 0.417922 0.362982 0.010531 0.018721
2 0.442494 0.364022 0.010531 0.020801
