3 0.092285 0.773046 0.184570 0.241406
3 0.284765 0.734374 0.094922 0.093750
3 0.355298 0.714453 0.048779 0.072656
3 0.390234 0.708593 0.026367 0.042187
3 0.437036 0.708593 0.032959 0.042187
3 0.458789 0.702734 0.010547 0.025781
3 0.489111 0.723828 0.060644 0.082031
2 0.360752 0.637500 0.011865 0.028125
2 0.507749 0.645703 0.007910 0.021094
3 0.527525 0.710156 0.015820 0.042187
3 0.546641 0.707812 0.022412 0.056250
3 0.574986 0.712500 0.036914 0.065625
3 0.612559 0.730078 0.048779 0.067969
3 0.699570 0.720703 0.054053 0.067969
3 0.754282 0.705468 0.036914 0.070312
3 0.842612 0.725390 0.081738 0.077344
3 0.950059 0.730078 0.080420 0.100781
9 0.165635 0.693750 0.014502 0.046875
2 0.423374 0.670312 0.010547 0.018750
3 0.410850 0.706640 0.017139 0.030469
2 0.494784 0.674952 0.009471 0.013776
