2 0.166454 0.421355 0.016373 0.055441
2 0.492346 0.388090 0.013254 0.069302
2 0.431534 0.524615 0.007017 0.020791
2 0.322383 0.529466 0.007017 0.016632
3 0.243639 0.651437 0.166064 0.182957
3 0.488058 0.655595 0.185556 0.324333
9 0.643987 0.589759 0.017152 0.065144
3 0.340315 0.614707 0.070948 0.090092
3 0.411263 0.602233 0.025728 0.042967
4 0.344603 0.535703 0.035864 0.029107
2 0.411083 0.560563 0.008217 0.019669
2 0.610654 0.301927 0.016769 0.053126
4 0.702850 0.243942 0.033525 0.060986
4 0.702461 0.309779 0.018711 0.037423
4 0.714545 0.328491 0.039762 0.027721
4 0.720451 0.418411 0.031180 0.143046
4 0.543803 0.405416 0.028847 0.051283
4 0.007017 0.412346 0.012474 0.034651
4 0.006237 0.469866 0.010915 0.038809
4 0.005847 0.497587 0.008576 0.013860
3 0.785103 0.609856 0.106032 0.121971
3 0.893084 0.681930 0.212843 0.349281
4 0.306790 0.524615 0.022610 0.009702
9 0.076015 0.631340 0.019491 0.090092
2 0.612328 0.518543 0.010058 0.025033
4 0.641496 0.282517 0.024139 0.071523
2 0.701844 0.451490 0.010058 0.030397
2 0.602270 0.520331 0.008046 0.028609
