2 0.063855 0.365710 0.015295 0.051662
2 0.079149 0.358233 0.016824 0.053021
2 0.603370 0.340559 0.014530 0.042145
2 0.458837 0.209366 0.016059 0.059819
4 0.149377 0.268731 0.044354 0.067976
4 0.328323 0.354381 0.015295 0.021752
4 0.542374 0.228943 0.023707 0.043505
4 0.590169 0.163686 0.048943 0.084290
4 0.622732 0.362763 0.016059 0.021752
4 0.760267 0.346450 0.023707 0.014955
2 0.743443 0.319260 0.013000 0.042145
3 0.381854 0.423943 0.012236 0.017674
3 0.394090 0.416465 0.013765 0.016314
3 0.371148 0.422583 0.015295 0.020393
3 0.358148 0.420544 0.016824 0.021752
3 0.342853 0.441616 0.016824 0.039426
3 0.363883 0.434819 0.023707 0.028550
3 0.397913 0.440937 0.032119 0.040785
3 0.416358 0.419184 0.020065 0.019033
3 0.330210 0.465227 0.026001 0.059819
3 0.440920 0.423392 0.019883 0.016314
3 0.460803 0.422713 0.024471 0.017674
3 0.486804 0.446504 0.038236 0.059819
3 0.508981 0.460099 0.052002 0.062538
3 0.415302 0.460099 0.029824 0.062538
3 0.398478 0.453981 0.028295 0.053021
3 0.361170 0.445552 0.024908 0.032978
7 0.292181 0.414458 0.091003 0.046224
3 0.222779 0.502361 0.221006 0.169940
3 0.449689 0.460740 0.061943 0.082931
3 0.576483 0.455341 0.091304 0.088369
9 0.122994 0.491012 0.019118 0.058459
2 0.073032 0.422810 0.022942 0.024471
9 0.065948 0.488066 0.019118 0.087009
9 0.014711 0.513217 0.019118 0.074773
