2 0.359912 0.050391 0.026367 0.077344
2 0.687053 0.180469 0.013184 0.032812
2 0.540715 0.273047 0.015820 0.025781
2 0.518303 0.288281 0.015820 0.028125
2 0.491277 0.281250 0.011865 0.023437
2 0.507756 0.273047 0.010547 0.030469
2 0.214233 0.206919 0.019775 0.032812
2 0.197754 0.244419 0.015820 0.037500
2 0.882641 0.315067 0.011865 0.028125
2 0.862206 0.318582 0.010547 0.025781
4 0.798134 0.272210 0.030059 0.051562
4 0.873083 0.260491 0.030981 0.023437
4 0.278833 0.220647 0.022412 0.056250
4 0.439013 0.276562 0.013184 0.018750
3 0.554370 0.318750 0.010547 0.021094
3 0.560962 0.329297 0.005273 0.023437
3 0.567553 0.331640 0.007910 0.028125
3 0.574145 0.336328 0.013184 0.028125
3 0.585351 0.337500 0.009229 0.039844
3 0.593920 0.341015 0.013184 0.037500
3 0.603149 0.339844 0.013184 0.039844
3 0.610400 0.344531 0.011865 0.039844
3 0.485156 0.316406 0.009229 0.039844
3 0.498340 0.302344 0.011865 0.016406
3 0.514160 0.318750 0.006592 0.030469
3 0.525366 0.321094 0.010547 0.030469
3 0.475927 0.323437 0.014502 0.035156
3 0.461425 0.325781 0.014502 0.030469
3 0.444946 0.336328 0.021094 0.060937
3 0.406714 0.337500 0.055371 0.114844
3 0.543823 0.345703 0.026367 0.046875
3 0.635449 0.362109 0.043506 0.051562
3 0.520092 0.357422 0.023730 0.032812
3 0.501635 0.328125 0.021094 0.030469
2 0.381797 0.019062 0.016875 0.038125
4 0.226230 0.077187 0.009492 0.046875
9 0.049043 0.317812 0.017930 0.084375
9 0.026895 0.313125 0.015820 0.090000
