4 0.884230 0.054448 0.056013 0.091139
4 0.891350 0.153182 0.041772 0.069198
4 0.522046 0.316051 0.026582 0.054008
4 0.446572 0.289891 0.031329 0.062447
4 0.354958 0.223224 0.022785 0.037131
4 0.343091 0.270482 0.048418 0.050633
3 0.614557 0.359212 0.015190 0.021941
3 0.604114 0.367651 0.009494 0.021941
3 0.572310 0.360900 0.037025 0.035443
3 0.588449 0.361744 0.018038 0.013502
3 0.636867 0.351617 0.033228 0.027004
3 0.665823 0.334740 0.032278 0.040506
3 0.696677 0.329676 0.038924 0.050633
3 0.727531 0.333052 0.043671 0.070886
3 0.757436 0.333896 0.050316 0.086076
3 0.495886 0.374402 0.043671 0.035443
3 0.574558 0.441086 0.092089 0.136709
3 0.816172 0.333913 0.100633 0.101266
4 0.043566 0.446901 0.040328 0.062542
