2 0.340048 0.183361 0.018487 0.056128
2 0.581960 0.189763 0.017547 0.057189
2 0.804704 0.191496 0.024370 0.043325
2 0.773510 0.133440 0.020471 0.062388
2 0.678466 0.273813 0.015597 0.027728
2 0.348981 0.341399 0.015597 0.041592
4 0.585372 0.324936 0.006824 0.015597
3 0.572583 0.355016 0.028502 0.035393
3 0.588387 0.359596 0.020291 0.025995
3 0.616636 0.356985 0.034129 0.041568
3 0.094744 0.601504 0.187711 0.260393
2 0.139354 0.404654 0.035181 0.053723
3 0.846467 0.398588 0.222923 0.256483
3 0.914074 0.473778 0.168259 0.227412
3 0.448412 0.405520 0.042892 0.048524
4 0.675651 0.221027 0.027019 0.020225
