9 0.597203 0.369152 0.010297 0.024407
9 0.626806 0.374491 0.012871 0.038136
2 0.290708 0.498813 0.006864 0.015254
2 0.280840 0.499576 0.006006 0.013729
2 0.273976 0.497288 0.006006 0.012203
2 0.269256 0.500339 0.010297 0.018305
2 0.256386 0.500339 0.013729 0.018305
2 0.335326 0.494237 0.010297 0.012203
2 0.337471 0.500339 0.016303 0.015254
2 0.350771 0.499576 0.018877 0.035085
2 0.369219 0.503390 0.028316 0.045763
2 0.390241 0.510254 0.027458 0.059492
2 0.425679 0.518644 0.060922 0.082373
2 0.054744 0.510254 0.106398 0.141864
5 0.192461 0.469068 0.108972 0.178475
2 0.928992 0.507285 0.134523 0.120346
