0 0.061366 0.742500 0.121090 0.419595
6 0.066497 0.718784 0.129299 0.554595
0 0.935160 0.498040 0.126220 0.514459
5 0.940804 0.651284 0.114932 0.423243
0 0.347671 0.458817 0.024628 0.056554
6 0.347671 0.477061 0.051309 0.060203
7 0.189125 0.470676 0.171372 0.131351
3 0.286100 0.470676 0.020524 0.043784
3 0.348184 0.467027 0.083121 0.062027
3 0.305597 0.463378 0.016419 0.032838
3 0.563169 0.433277 0.008209 0.016419
3 0.552394 0.431453 0.011288 0.020068
3 0.513642 0.446609 0.038455 0.075921
3 0.574457 0.441486 0.010262 0.021892
3 0.452854 0.456993 0.031812 0.041959
3 0.427713 0.451520 0.020524 0.027365
3 0.404624 0.452432 0.019497 0.029189
2 0.407189 0.309223 0.014367 0.045608
2 0.385126 0.386757 0.013340 0.036486
4 0.592928 0.350512 0.010262 0.028706
4 0.637172 0.362026 0.018707 0.016214
7 0.032487 0.473841 0.019110 0.025033
