2 0.436558 0.473906 0.007910 0.028125
2 0.510386 0.491484 0.007910 0.021094
2 0.505113 0.492656 0.007910 0.018750
2 0.431284 0.469218 0.007910 0.028125
2 0.360093 0.543046 0.010547 0.016406
4 0.702207 0.497343 0.014502 0.037500
4 0.368662 0.520781 0.017139 0.018750
4 0.565098 0.541875 0.014502 0.014062
3 0.454356 0.587578 0.009229 0.021094
3 0.444468 0.591093 0.013184 0.028125
3 0.521592 0.581718 0.011865 0.028125
1 0.506431 0.580546 0.007910 0.025781
1 0.516978 0.575859 0.015820 0.035156
3 0.553892 0.592265 0.015820 0.049219
3 0.557847 0.596953 0.013184 0.053906
3 0.569053 0.595781 0.022412 0.070312
3 0.589488 0.609843 0.031641 0.070312
3 0.611240 0.611015 0.046143 0.082031
3 0.394370 0.595781 0.031641 0.046875
3 0.382505 0.600468 0.021094 0.060937
3 0.359434 0.599296 0.032959 0.063281
3 0.323838 0.603984 0.056689 0.086719
3 0.275059 0.618046 0.077783 0.100781
3 0.199913 0.629765 0.104150 0.138281
3 0.477427 0.587578 0.015820 0.025781
3 0.534776 0.586406 0.025049 0.037500
3 0.675181 0.619218 0.129199 0.140625
3 0.081170 0.648515 0.162339 0.232031
3 0.876230 0.702421 0.246533 0.292969
3 0.426011 0.591093 0.026367 0.037500
