4 0.721713 0.379184 0.016472 0.039534
4 0.227131 0.298653 0.020590 0.048319
3 0.455685 0.441413 0.014825 0.029284
3 0.491100 0.437808 0.016472 0.013290
3 0.470098 0.431896 0.009060 0.019035
3 0.887260 0.475822 0.146604 0.133243
3 0.360969 0.457519 0.009883 0.020499
3 0.342849 0.456055 0.032945 0.038069
3 0.335848 0.472893 0.035416 0.048319
3 0.319788 0.479482 0.034592 0.058568
3 0.294668 0.486071 0.046946 0.071746
3 0.582934 0.437268 0.030474 0.026851
3 0.478334 0.454591 0.015649 0.023427
3 0.246486 0.490464 0.085656 0.101030
3 0.409562 0.506570 0.118601 0.180098
3 0.054059 0.555621 0.108118 0.231345
3 0.960150 0.499249 0.076596 0.139100
1 0.540517 0.447270 0.082362 0.064425
9 0.491637 0.456587 0.012871 0.056163
