9 0.154504 0.345825 0.020487 0.063130
9 0.181820 0.362821 0.039608 0.111691
9 0.751352 0.348253 0.009560 0.019424
9 0.776619 0.344611 0.024584 0.036421
9 0.612725 0.348253 0.010926 0.019424
9 0.555362 0.350681 0.013658 0.024281
1 0.459757 0.277839 0.098336 0.150540
3 0.525997 0.349467 0.036876 0.021853
3 0.547850 0.398028 0.047802 0.075270
3 0.629797 0.427165 0.118823 0.148112
3 0.456342 0.500007 0.228086 0.313220
3 0.756132 0.474512 0.245841 0.242806
4 0.594287 0.230492 0.012292 0.016996
4 0.595652 0.196499 0.025950 0.031565
9 0.058126 0.340447 0.014041 0.045763
