2 0.241825 0.071133 0.022467 0.042604
2 0.615521 0.193618 0.014978 0.034615
2 0.984350 0.225571 0.029207 0.069231
3 0.697292 0.481154 0.095109 0.146450
3 0.643372 0.469172 0.045682 0.074556
3 0.624275 0.464512 0.026960 0.062574
3 0.621654 0.453861 0.041189 0.059911
3 0.606676 0.454527 0.012731 0.047929
3 0.591873 0.447781 0.016476 0.023964
3 0.574649 0.437130 0.016476 0.015976
3 0.530090 0.445784 0.017224 0.019970
3 0.508746 0.451775 0.026960 0.037278
3 0.487403 0.457766 0.021718 0.033284
3 0.404775 0.472411 0.029207 0.075888
3 0.385679 0.472411 0.032951 0.081213
3 0.297310 0.531879 0.203698 0.228994
3 0.445215 0.477692 0.081629 0.111834
3 0.555003 0.469704 0.050176 0.079882
3 0.763419 0.516302 0.166254 0.183728
3 0.024713 0.545858 0.049427 0.074556
3 0.936113 0.583802 0.125814 0.450000
