2 0.195929 0.295033 0.008046 0.039338
2 0.149662 0.315596 0.008046 0.033974
2 0.203975 0.292351 0.006035 0.037550
2 0.533876 0.362086 0.006035 0.019669
2 0.549969 0.364768 0.006035 0.021457
2 0.638981 0.143746 0.013075 0.062195
2 0.613334 0.143046 0.016093 0.064371
2 0.725983 0.284305 0.008046 0.032185
2 0.441553 0.290563 0.008467 0.026821
2 0.329699 0.423775 0.006035 0.017881
2 0.733526 0.350464 0.007041 0.021457
2 0.973911 0.269106 0.013075 0.030397
2 0.527841 0.399636 0.008046 0.008940
3 0.457435 0.432715 0.028162 0.032185
3 0.428770 0.438973 0.037214 0.044702
3 0.393567 0.452384 0.037214 0.050066
3 0.326475 0.465468 0.072510 0.079687
3 0.171890 0.557881 0.343781 0.375497
3 0.504205 0.491722 0.097562 0.139470
3 0.593218 0.413046 0.014081 0.032185
3 0.604784 0.419305 0.017099 0.041126
3 0.623894 0.421987 0.031180 0.042914
3 0.756156 0.495298 0.126730 0.139470
3 0.945215 0.513179 0.108564 0.278940
9 0.749619 0.410364 0.017099 0.041126
4 0.994530 0.185066 0.008046 0.033974
4 0.442348 0.368344 0.012070 0.028609
4 0.442348 0.330795 0.020116 0.032185
2 0.745713 0.349453 0.017139 0.035156
