2 0.465752 0.370453 0.012248 0.031300
2 0.604635 0.362288 0.009186 0.025857
2 0.502058 0.407877 0.007655 0.010887
2 0.574398 0.407877 0.006889 0.010887
2 0.579045 0.389797 0.009186 0.019052
2 0.502878 0.396601 0.005358 0.010887
4 0.268636 0.373175 0.016075 0.039466
3 0.424163 0.458619 0.034447 0.040827
3 0.483106 0.446371 0.014544 0.021774
3 0.493441 0.442288 0.012248 0.019052
3 0.645775 0.447051 0.024496 0.050353
3 0.658023 0.454536 0.022965 0.048992
3 0.679840 0.455217 0.035978 0.074849
3 0.607270 0.434123 0.013013 0.027218
3 0.277264 0.479032 0.078081 0.100706
3 0.216407 0.487878 0.083439 0.118397
3 0.385735 0.466240 0.048226 0.051714
3 0.469251 0.451270 0.026027 0.032661
3 0.618141 0.438342 0.025261 0.031300
3 0.584076 0.432218 0.021434 0.032661
3 0.721100 0.460116 0.068895 0.093901
3 0.558049 0.433579 0.015310 0.024496
3 0.140824 0.495577 0.094102 0.132162
3 0.053366 0.518109 0.106732 0.138811
9 0.964463 0.439412 0.023824 0.127059
9 0.939150 0.440736 0.023824 0.108529
