9 0.397614 0.491509 0.015024 0.024281
9 0.606579 0.474512 0.012292 0.024281
9 0.787545 0.422656 0.013658 0.050989
9 0.891300 0.534500 0.014587 0.027016
9 0.361239 0.583856 0.008581 0.007627
9 0.431170 0.585381 0.007722 0.010678
2 0.423564 0.625052 0.015024 0.024281
2 0.438587 0.622624 0.020487 0.024281
2 0.456342 0.623838 0.017755 0.026709
2 0.480926 0.623838 0.017755 0.026709
2 0.469317 0.622624 0.016389 0.029137
2 0.399662 0.628694 0.021853 0.031565
2 0.379859 0.628694 0.020487 0.031565
2 0.366884 0.635978 0.013658 0.031565
2 0.337429 0.630691 0.047621 0.069551
2 0.232961 0.682253 0.124417 0.176964
2 0.514388 0.632336 0.038242 0.043705
2 0.942561 0.655403 0.113360 0.191817
2 0.724719 0.636605 0.234915 0.268261
