2 0.081908 0.499173 0.027558 0.035383
2 0.402270 0.507611 0.005358 0.016331
2 0.482264 0.515096 0.004593 0.014970
2 0.479202 0.514688 0.004593 0.013609
2 0.398136 0.507203 0.003827 0.014970
2 0.099624 0.500904 0.015310 0.044909
4 0.609184 0.511149 0.013779 0.035383
4 0.498187 0.518634 0.015310 0.012248
3 0.437483 0.573886 0.011482 0.023135
3 0.411456 0.576608 0.013013 0.020413
3 0.372415 0.584093 0.026792 0.040827
3 0.356723 0.590217 0.018372 0.047631
3 0.341413 0.594299 0.035213 0.061240
3 0.314620 0.601784 0.048992 0.070766
3 0.294334 0.618115 0.039040 0.070766
3 0.489077 0.575928 0.009951 0.019052
3 0.497115 0.577288 0.007655 0.021774
3 0.508980 0.574567 0.022199 0.035383
3 0.510129 0.577288 0.013779 0.029940
3 0.511277 0.582732 0.014544 0.032661
3 0.517018 0.584093 0.015310 0.038105
3 0.526587 0.588175 0.020668 0.048992
3 0.539983 0.594299 0.027558 0.055796
3 0.549169 0.597702 0.032151 0.070766
3 0.241132 0.624194 0.096453 0.119758
3 0.464530 0.610585 0.060474 0.103427
3 0.571317 0.606502 0.055116 0.076210
3 0.424724 0.580645 0.026792 0.038105
