3 0.148248 0.485800 0.165604 0.173898
3 0.510345 0.485800 0.117553 0.195254
1 0.824392 0.520884 0.282299 0.283729
3 0.691394 0.479698 0.059205 0.140339
3 0.637337 0.469783 0.083231 0.111356
3 0.257220 0.455291 0.083231 0.118983
3 0.388931 0.430884 0.039470 0.048814
3 0.415102 0.429359 0.016303 0.036610
3 0.437411 0.420969 0.016303 0.025932
3 0.452856 0.415630 0.014587 0.024407
3 0.465727 0.413342 0.011155 0.016780
3 0.577273 0.430122 0.035180 0.053390
3 0.967686 0.418681 0.059205 0.045763
3 0.948380 0.408766 0.075508 0.041186
4 0.330155 0.343935 0.019735 0.012203
4 0.322003 0.328681 0.010297 0.009153
2 0.319429 0.372918 0.010297 0.024407
4 0.151680 0.304274 0.026600 0.015254
2 0.137522 0.360715 0.024025 0.039661
4 0.694397 0.266139 0.020593 0.018305
4 0.681526 0.313427 0.029174 0.015254
2 0.699545 0.338596 0.018877 0.025932
2 0.705123 0.362240 0.012871 0.012203
2 0.421537 0.279105 0.008581 0.038136
2 0.557967 0.249359 0.010297 0.036610
2 0.412527 0.278342 0.007722 0.033559
2 0.548528 0.253935 0.012013 0.036610
