2 0.695525 0.336885 0.016572 0.060291
2 0.400646 0.292876 0.017547 0.041592
4 0.398696 0.320603 0.025345 0.024262
4 0.285619 0.404216 0.017547 0.064995
2 0.678258 0.341399 0.014064 0.045058
4 0.604381 0.503434 0.013647 0.032927
4 0.657020 0.535494 0.011698 0.034660
2 0.858016 0.397500 0.014017 0.046875
2 0.899260 0.327535 0.010723 0.020796
3 0.582935 0.547625 0.140372 0.110911
3 0.506900 0.536361 0.017547 0.032927
3 0.495202 0.531162 0.015597 0.039859
3 0.482530 0.534628 0.019496 0.050257
3 0.464983 0.538960 0.037043 0.048524
3 0.424041 0.526829 0.038992 0.034660
3 0.323149 0.513884 0.082859 0.064018
3 0.217870 0.509551 0.098456 0.055353
3 0.107229 0.493903 0.101380 0.065854
3 0.038018 0.473973 0.076035 0.123042
3 0.888537 0.602215 0.045816 0.046791
3 0.805679 0.589217 0.102355 0.048524
3 0.750602 0.571887 0.023395 0.034660
3 0.775460 0.583152 0.067262 0.046791
3 0.710148 0.575353 0.065312 0.048524
3 0.932076 0.657670 0.134842 0.171566
4 0.983677 0.333047 0.031641 0.058594
