2 0.192063 0.503649 0.010926 0.029137
2 0.200941 0.506077 0.015024 0.024281
2 0.155870 0.560708 0.009560 0.021853
2 0.107385 0.521859 0.016389 0.021853
4 0.141529 0.501221 0.013658 0.024281
1 0.322496 0.606841 0.042339 0.118975
1 0.397614 0.645690 0.096971 0.152968
1 0.246012 0.597129 0.034145 0.065558
7 0.498682 0.682111 0.075118 0.084982
3 0.336836 0.635978 0.010926 0.026709
3 0.343665 0.638406 0.013658 0.021853
3 0.429027 0.708820 0.105165 0.138399
3 0.474098 0.793802 0.140676 0.196673
3 0.741108 0.804728 0.516266 0.383633
3 0.224159 0.768307 0.394711 0.456475
3 0.224842 0.597129 0.013658 0.021853
3 0.208453 0.609269 0.065558 0.046133
3 0.118311 0.586203 0.024584 0.058273
3 0.094410 0.582561 0.034145 0.060701
3 0.058217 0.578919 0.057363 0.067986
3 0.012588 0.580133 0.025176 0.075270
