9 0.149146 0.324069 0.011698 0.065854
9 0.352393 0.499968 0.008773 0.029461
9 0.406982 0.527696 0.008773 0.022529
9 0.556128 0.531162 0.008773 0.043325
9 0.442430 0.584018 0.008064 0.038126
9 0.175590 0.376503 0.017296 0.054083
9 0.341183 0.499102 0.007798 0.031194
9 0.570341 0.568421 0.013490 0.048524
9 0.756938 0.610013 0.018521 0.048524
9 0.747190 0.718325 0.014622 0.029461
9 0.766199 0.722658 0.015597 0.031194
7 0.094069 0.557157 0.188138 0.660270
2 0.320224 0.772048 0.299266 0.448845
2 0.610230 0.845700 0.274896 0.305007
2 0.160843 0.668935 0.056539 0.183697
2 0.180339 0.616945 0.074085 0.083184
2 0.220307 0.603948 0.019496 0.029461
2 0.238341 0.607414 0.020471 0.036393
2 0.488379 0.764249 0.070186 0.124775
2 0.506900 0.710527 0.058488 0.048524
7 0.609819 0.710612 0.115848 0.089944
2 0.766199 0.764249 0.058488 0.034660
