4 0.800317 0.415918 0.046791 0.017330
4 0.808603 0.376926 0.024370 0.053723
4 0.702836 0.415052 0.031194 0.071053
4 0.223718 0.463575 0.016572 0.046791
2 0.326073 0.321470 0.012673 0.043325
2 0.585860 0.461842 0.013647 0.025995
2 0.570263 0.459243 0.009748 0.027728
2 0.341670 0.322336 0.014622 0.041592
2 0.233466 0.363062 0.012673 0.043325
2 0.224693 0.363062 0.010723 0.046791
2 0.926067 0.246951 0.052640 0.081451
3 0.179365 0.528562 0.019496 0.017330
3 0.209096 0.526829 0.034118 0.024262
3 0.242727 0.525096 0.029244 0.017330
3 0.325586 0.540693 0.023395 0.072786
3 0.754501 0.524230 0.155969 0.102247
3 0.154020 0.525096 0.038992 0.031194
3 0.353855 0.537227 0.033143 0.048524
3 0.392848 0.545892 0.044841 0.055456
3 0.294879 0.539827 0.084808 0.123042
3 0.227876 0.626010 0.202302 0.201826
3 0.030219 0.575353 0.060438 0.086650
3 0.945076 0.545892 0.108204 0.149037
3 0.500076 0.722658 0.294392 0.370860
9 0.554178 0.519898 0.016572 0.048524
