4 0.761812 0.395989 0.018521 0.032927
4 0.612179 0.377792 0.044841 0.027728
3 0.477656 0.445379 0.031194 0.038126
3 0.592683 0.441046 0.011698 0.036393
3 0.606330 0.442779 0.015597 0.046791
3 0.617541 0.436714 0.012673 0.020796
3 0.669206 0.436714 0.018521 0.017330
3 0.707710 0.444512 0.031194 0.029461
3 0.354302 0.466413 0.088627 0.083661
3 0.641424 0.473973 0.074085 0.088383
3 0.546380 0.497369 0.121851 0.190629
3 0.138423 0.497369 0.163768 0.121309
4 0.464009 0.220090 0.042892 0.100514
3 0.946952 0.464442 0.104452 0.103980
