4 0.371111 0.348588 0.020271 0.018018
4 0.439720 0.424127 0.014034 0.027721
4 0.541854 0.441453 0.009356 0.018018
4 0.615920 0.371458 0.014034 0.011088
4 0.670105 0.374230 0.019491 0.013860
3 0.257673 0.580056 0.267418 0.270277
3 0.368382 0.503824 0.137997 0.200975
3 0.432703 0.492736 0.034304 0.109497
3 0.452974 0.495508 0.034304 0.087320
3 0.458432 0.481648 0.040542 0.070688
3 0.491177 0.478876 0.012474 0.026335
3 0.481041 0.476104 0.009356 0.023563
3 0.503651 0.482341 0.009356 0.019405
3 0.516125 0.478183 0.020271 0.027721
3 0.534447 0.478876 0.021050 0.034651
3 0.559006 0.472638 0.037423 0.060986
3 0.631513 0.494815 0.081083 0.127515
3 0.656462 0.526694 0.070168 0.152464
3 0.833441 0.519764 0.330570 0.426899
3 0.980794 0.771329 0.035864 0.275821
