4 0.223902 0.372259 0.013876 0.017940
4 0.638068 0.306104 0.016398 0.024668
4 0.636807 0.329651 0.008830 0.017940
4 0.621039 0.346470 0.015137 0.015698
4 0.720060 0.140905 0.084515 0.145764
4 0.722583 0.247425 0.044150 0.067276
3 0.527904 0.460465 0.011353 0.022425
3 0.536103 0.466071 0.020183 0.033638
3 0.515921 0.463829 0.017660 0.033638
3 0.503306 0.467192 0.020183 0.031395
3 0.486908 0.470556 0.022706 0.038123
3 0.328600 0.480648 0.089561 0.148007
3 0.228948 0.489618 0.198043 0.197342
3 0.097760 0.550913 0.195520 0.287043
3 0.554604 0.464950 0.025228 0.062791
3 0.564695 0.473920 0.045411 0.130066
3 0.427411 0.502325 0.114789 0.134551
3 0.708707 0.609219 0.344367 0.435050
