9 0.307552 0.488704 0.018521 0.034660
9 0.586834 0.530295 0.015597 0.024262
9 0.541506 0.625610 0.010723 0.020796
9 0.152070 0.574487 0.009748 0.022529
9 0.285619 0.434114 0.009748 0.025995
9 0.577086 0.520764 0.007798 0.032927
9 0.743274 0.598377 0.009748 0.027728
2 0.400646 0.669368 0.035093 0.062388
2 0.376118 0.663086 0.015912 0.029028
2 0.542481 0.675434 0.010723 0.022529
2 0.553203 0.683232 0.008773 0.013864
2 0.560515 0.684098 0.005849 0.015597
2 0.568800 0.686698 0.010723 0.024262
2 0.580011 0.684965 0.011698 0.024262
2 0.592196 0.687564 0.012673 0.025995
2 0.615104 0.677167 0.035093 0.046791
2 0.476194 0.698829 0.135498 0.218357
2 0.685777 0.697962 0.049715 0.088383
2 0.775460 0.713559 0.145246 0.164634
2 0.920462 0.758617 0.157919 0.289410
2 0.221038 0.676300 0.180339 0.202760
2 0.097481 0.672834 0.064337 0.074519
2 0.034118 0.691030 0.068237 0.124775
