4 0.121364 0.176765 0.034118 0.062388
4 0.203735 0.243485 0.025345 0.046791
4 0.241265 0.276412 0.018521 0.036393
4 0.296829 0.290276 0.014622 0.029461
4 0.596582 0.289410 0.035093 0.048524
3 0.471320 0.426316 0.143297 0.204493
3 0.135572 0.406652 0.091485 0.067055
3 0.229152 0.395338 0.043035 0.055887
3 0.885126 0.453177 0.228105 0.168100
1 0.686752 0.362195 0.215433 0.090116
3 0.971068 0.402921 0.056858 0.043325
3 0.558077 0.382991 0.041917 0.045058
7 0.114540 0.385948 0.133549 0.082166
3 0.389097 0.391875 0.023730 0.032812
3 0.359434 0.393047 0.025049 0.025781
