9 0.468580 0.344854 0.005801 0.011250
9 0.442740 0.338760 0.006855 0.010313
2 0.430225 0.355625 0.006855 0.024375
2 0.424248 0.357969 0.006855 0.027188
2 0.417393 0.360781 0.007910 0.027188
2 0.409483 0.361719 0.010020 0.029063
2 0.398672 0.362188 0.021094 0.033750
2 0.391289 0.369219 0.013711 0.034688
2 0.376524 0.365938 0.025313 0.050625
2 0.370723 0.374844 0.020039 0.047813
2 0.234141 0.381563 0.131309 0.159375
2 0.183252 0.423750 0.137109 0.138750
2 0.481992 0.360670 0.007383 0.015000
2 0.488848 0.364420 0.007383 0.018750
2 0.499131 0.363951 0.011074 0.015938
2 0.511524 0.361139 0.014766 0.030938
2 0.521016 0.363951 0.010547 0.025313
2 0.344104 0.375051 0.050625 0.070313
2 0.536585 0.365676 0.023203 0.038438
2 0.566116 0.376926 0.037969 0.051563
2 0.452142 0.361432 0.017930 0.028125
2 0.069357 0.453281 0.135527 0.240938
