3 0.523142 0.395713 0.104472 0.148306
3 0.848254 0.456699 0.238572 0.242556
3 0.644377 0.386704 0.100574 0.066530
3 0.123574 0.297998 0.183217 0.121971
3 0.224538 0.329184 0.020271 0.051283
3 0.318875 0.324333 0.051457 0.060986
3 0.369162 0.325026 0.044440 0.065144
3 0.408144 0.340965 0.025728 0.033265
3 0.429585 0.343737 0.015593 0.030493
3 0.452194 0.353439 0.024949 0.030493
3 0.476363 0.356211 0.017152 0.024949
4 0.775357 0.250180 0.028847 0.048511
4 0.770290 0.278593 0.026508 0.030493
4 0.857220 0.221073 0.027288 0.023563
4 0.486889 0.124050 0.013254 0.012474
