9 0.330973 0.240708 0.011462 0.028019
9 0.430512 0.125884 0.011959 0.047995
9 0.515086 0.298019 0.010029 0.020377
9 0.449894 0.313302 0.011462 0.025472
9 0.714243 0.326038 0.012895 0.015283
9 0.574547 0.306934 0.011462 0.022925
9 0.540160 0.332406 0.011462 0.017830
9 0.506489 0.327312 0.012895 0.012736
9 0.664135 0.182173 0.012816 0.033213
9 0.317362 0.291906 0.012895 0.020377
2 0.570823 0.367194 0.018344 0.016085
2 0.505773 0.362972 0.011462 0.022925
2 0.492878 0.364246 0.014328 0.035660
2 0.483565 0.364246 0.012895 0.030566
2 0.469953 0.370614 0.034387 0.048396
2 0.550906 0.366793 0.018626 0.015283
2 0.763913 0.396510 0.252648 0.283585
9 0.444862 0.135000 0.011959 0.051024
9 0.422141 0.128622 0.009567 0.046772
9 0.651747 0.176457 0.007175 0.031890
2 0.523192 0.358228 0.020330 0.021260
