3 0.564140 0.368419 0.021524 0.032143
3 0.579637 0.373776 0.019802 0.036735
3 0.598578 0.385255 0.033578 0.053571
3 0.622255 0.410510 0.039605 0.070408
3 0.669436 0.414337 0.074043 0.108674
3 0.724969 0.441888 0.114509 0.188265
3 0.863354 0.521216 0.267762 0.391837
3 0.400399 0.399293 0.071460 0.081122
3 0.178699 0.341130 0.235906 0.295408
3 0.101834 0.530926 0.203667 0.356633
3 0.539602 0.353112 0.029273 0.026020
2 0.483639 0.327857 0.010332 0.024490
2 0.552086 0.319898 0.007749 0.024490
4 0.612354 0.312245 0.012915 0.024490
3 0.340698 0.383090 0.059674 0.085285
