9 0.334979 0.764651 0.006027 0.018367
9 0.302631 0.782909 0.006888 0.013776
9 0.255278 0.750766 0.008610 0.019898
9 0.268192 0.794388 0.008610 0.015306
2 0.177360 0.839159 0.037883 0.042092
2 0.236336 0.826837 0.012915 0.030612
2 0.229448 0.828368 0.016358 0.030612
2 0.214812 0.829898 0.026690 0.039796
2 0.088249 0.815358 0.054241 0.075000
2 0.254847 0.824541 0.027551 0.044388
2 0.535093 0.822704 0.037022 0.033673
7 0.452918 0.811507 0.121397 0.240306
2 0.335552 0.887143 0.244515 0.220408
2 0.047240 0.845817 0.094481 0.159184
2 0.600574 0.804619 0.022385 0.027551
2 0.712209 0.833164 0.362556 0.327551
