9 0.433921 0.108281 0.018457 0.075000
9 0.686387 0.163359 0.014502 0.058594
9 0.550596 0.393047 0.009229 0.025781
9 0.604649 0.400078 0.009229 0.025781
9 0.062144 0.280547 0.023730 0.049219
9 0.337681 0.366093 0.015820 0.028125
9 0.954014 0.273515 0.027686 0.049219
2 0.501157 0.468047 0.015820 0.044531
2 0.485996 0.463359 0.017139 0.053906
2 0.634971 0.462187 0.009229 0.032812
2 0.640903 0.466875 0.010547 0.046875
2 0.649473 0.464531 0.019775 0.056250
2 0.664634 0.470390 0.031641 0.058594
2 0.547300 0.458672 0.021094 0.030469
2 0.515659 0.463359 0.034277 0.039844
2 0.696275 0.466875 0.050098 0.084375
2 0.454356 0.464531 0.051416 0.065625
2 0.313291 0.482109 0.119971 0.114844
2 0.593443 0.472734 0.079102 0.110156
2 0.098308 0.531328 0.196617 0.199219
2 0.898643 0.495000 0.201709 0.360937
9 0.702207 0.163359 0.017139 0.049219
9 0.453697 0.109219 0.015820 0.065625
