4 0.684803 0.324069 0.016572 0.017330
4 0.729644 0.376059 0.012673 0.010398
4 0.932404 0.287677 0.024370 0.100514
2 0.345082 0.393389 0.007798 0.031194
2 0.467420 0.324069 0.006824 0.031194
2 0.656533 0.313672 0.008773 0.031194
2 0.526396 0.414185 0.007798 0.017330
2 0.557103 0.419384 0.004874 0.013864
2 0.587809 0.407253 0.005849 0.017330
2 0.621440 0.412452 0.006824 0.017330
2 0.336309 0.421983 0.011698 0.019063
2 0.739879 0.415918 0.009748 0.020796
2 0.782283 0.262548 0.010723 0.032927
9 0.873428 0.545892 0.040942 0.131707
9 0.813477 0.470507 0.016572 0.060655
3 0.688702 0.473973 0.034118 0.043325
3 0.670180 0.467908 0.012673 0.027728
3 0.659945 0.467908 0.009748 0.027728
