4 0.777354 0.127031 0.030322 0.042187
9 0.389097 0.403593 0.010547 0.046875
3 0.593443 0.398906 0.031641 0.042187
3 0.722642 0.397734 0.047461 0.096094
3 0.485996 0.394218 0.011865 0.018750
3 0.480723 0.397734 0.014502 0.021094
3 0.472154 0.397734 0.010547 0.030469
3 0.464243 0.401250 0.010547 0.028125
3 0.521592 0.387187 0.006592 0.018750
3 0.525547 0.393047 0.011865 0.030469
1 0.472813 0.366093 0.022412 0.042187
3 0.443809 0.403593 0.030322 0.042187
3 0.539390 0.396562 0.029004 0.042187
3 0.337681 0.424687 0.094922 0.117187
3 0.172227 0.457500 0.209619 0.257812
3 0.834702 0.429375 0.039551 0.070312
