4 0.287133 0.563266 0.021524 0.018367
4 0.449426 0.572449 0.020663 0.015306
4 0.521317 0.577806 0.018080 0.044388
2 0.427103 0.568513 0.006027 0.024490
2 0.324647 0.564687 0.009471 0.022959
3 0.427758 0.648725 0.012915 0.022959
3 0.436799 0.652551 0.010332 0.024490
3 0.448422 0.651021 0.011193 0.030612
3 0.456601 0.652551 0.010332 0.033673
3 0.464350 0.655613 0.013776 0.036735
3 0.486735 0.653317 0.041327 0.053571
3 0.207698 0.648368 0.033578 0.061225
3 0.184022 0.649898 0.044770 0.061225
3 0.152596 0.652194 0.031856 0.068878
3 0.130641 0.658317 0.030995 0.065816
3 0.107826 0.647602 0.038744 0.078061
3 0.075109 0.653725 0.057685 0.084184
3 0.023994 0.656021 0.047988 0.097959
3 0.521161 0.664864 0.028412 0.094898
3 0.538811 0.670221 0.036161 0.108674
3 0.569375 0.670221 0.076626 0.120918
3 0.589608 0.697773 0.058546 0.123980
3 0.651167 0.699303 0.164445 0.176020
3 0.359729 0.678640 0.110204 0.146939
3 0.921225 0.671719 0.155770 0.453621
