3 0.023389 0.523922 0.046779 0.138604
3 0.249487 0.493429 0.091998 0.085934
3 0.368382 0.478876 0.041321 0.054055
3 0.396060 0.478876 0.014034 0.045739
3 0.412043 0.477490 0.021050 0.042967
3 0.423737 0.476104 0.014813 0.034651
3 0.435822 0.476797 0.012474 0.036037
3 0.444788 0.475410 0.011695 0.030493
3 0.458821 0.473331 0.013254 0.031879
3 0.477143 0.474717 0.007796 0.020791
3 0.489228 0.471945 0.024169 0.034651
3 0.518074 0.469866 0.033525 0.019405
0 0.336417 0.487192 0.022610 0.065144
4 0.564074 0.444918 0.010135 0.019405
4 0.557057 0.454620 0.008576 0.011088
4 0.543803 0.455313 0.007017 0.012474
4 0.484939 0.534317 0.006237 0.001386
