3 0.450842 0.357378 0.009567 0.027638
3 0.461604 0.355252 0.014350 0.031890
3 0.380883 0.344622 0.020330 0.031890
3 0.339028 0.342815 0.013155 0.048898
3 0.319894 0.341752 0.029897 0.051024
3 0.551294 0.377894 0.064577 0.106299
3 0.596139 0.393839 0.084907 0.138189
3 0.738448 0.407658 0.269070 0.306142
3 0.023319 0.363543 0.046639 0.218976
3 0.879816 0.475461 0.229606 0.554882
3 0.145896 0.367370 0.267874 0.289134
3 0.308534 0.351638 0.040659 0.051024
3 0.417955 0.347386 0.058597 0.097795
3 0.365337 0.352701 0.029897 0.044646
3 0.488511 0.355890 0.039464 0.055276
2 0.377296 0.209410 0.008371 0.027638
2 0.472367 0.179646 0.009567 0.036142
2 0.364141 0.290622 0.005979 0.023386
2 0.384471 0.292748 0.008371 0.019134
2 0.166225 0.137551 0.014350 0.040394
2 0.461007 0.182197 0.010763 0.036142
2 0.532161 0.291685 0.016742 0.025512
2 0.604511 0.254480 0.013155 0.023386
4 0.530965 0.245551 0.014350 0.010630
4 0.523192 0.260433 0.020330 0.010630
