4 0.938934 0.065758 0.088774 0.130095
3 0.027204 0.622393 0.019194 0.023460
3 0.301923 0.578673 0.038389 0.063981
4 0.509461 0.451777 0.011996 0.027725
4 0.484869 0.490166 0.008398 0.023460
3 0.411090 0.532820 0.011996 0.019194
3 0.425486 0.534952 0.011996 0.014929
3 0.441082 0.521090 0.009597 0.017062
3 0.425486 0.558412 0.011996 0.019194
3 0.450079 0.555213 0.025193 0.029858
3 0.417688 0.573341 0.015595 0.027725
1 0.360705 0.538151 0.095972 0.153554
3 0.148368 0.651184 0.235130 0.272986
3 0.554448 0.511493 0.032390 0.061848
3 0.624627 0.489099 0.031191 0.055450
3 0.660616 0.500829 0.069579 0.074644
3 0.587438 0.525355 0.062381 0.089573
3 0.753589 0.481635 0.094772 0.130095
3 0.859157 0.518957 0.279517 0.226066
