3 0.408723 0.442059 0.022335 0.034412
3 0.472004 0.451324 0.014890 0.026471
3 0.371498 0.442059 0.022335 0.039706
3 0.496572 0.450000 0.028290 0.039706
3 0.775398 0.561090 0.288147 0.304237
1 0.644725 0.363971 0.226324 0.381177
1 0.337252 0.424853 0.043180 0.084706
3 0.440736 0.444706 0.014890 0.029118
4 0.323851 0.345441 0.025313 0.047647
4 0.305239 0.328236 0.008934 0.023824
4 0.289605 0.346765 0.019357 0.013235
4 0.297794 0.356030 0.017868 0.010588
4 0.299283 0.377206 0.017868 0.026471
2 0.422123 0.406324 0.010423 0.021176
2 0.454136 0.410294 0.008934 0.023824
4 0.480938 0.420883 0.011912 0.013235
4 0.495828 0.424853 0.011912 0.015882
