9 0.285128 0.418720 0.004799 0.034123
9 0.295325 0.437914 0.010797 0.021327
9 0.582639 0.437914 0.007198 0.029858
9 0.619828 0.425118 0.007198 0.021327
9 0.441082 0.422985 0.004799 0.029858
9 0.424886 0.444312 0.005998 0.025592
9 0.448279 0.424052 0.004799 0.027725
9 0.438082 0.420853 0.003599 0.025592
9 0.073991 0.447512 0.007198 0.036256
9 0.505262 0.444312 0.005998 0.029858
9 0.038601 0.446445 0.008398 0.029858
9 0.177160 0.435782 0.004799 0.029858
2 0.324116 0.532820 0.037189 0.053317
2 0.352308 0.527488 0.028791 0.046919
2 0.174161 0.548815 0.070779 0.085308
2 0.214949 0.555213 0.075578 0.085308
2 0.033396 0.574407 0.066793 0.106635
2 0.285128 0.553080 0.086374 0.098104
2 0.382899 0.540284 0.046786 0.098104
2 0.488467 0.548815 0.049185 0.081043
2 0.423687 0.574407 0.116365 0.149289
9 0.612631 0.479502 0.011996 0.019194
9 0.736194 0.473104 0.011996 0.019194
9 0.794377 0.463507 0.013196 0.017062
2 0.713401 0.515758 0.031191 0.031990
2 0.753589 0.511493 0.044387 0.044787
2 0.809972 0.512559 0.082775 0.059716
2 0.905344 0.526421 0.127162 0.061848
2 0.917940 0.486966 0.089973 0.034123
2 0.976065 0.526421 0.047870 0.087441
2 0.686478 0.532238 0.017932 0.036037
2 0.582005 0.523922 0.016373 0.019405
