3 0.473916 0.453967 0.029218 0.037406
3 0.511383 0.468420 0.043038 0.083312
3 0.536823 0.469270 0.054514 0.098615
3 0.586555 0.482022 0.054514 0.107116
3 0.326034 0.448867 0.021997 0.020403
3 0.029170 0.457368 0.029648 0.034005
3 0.268268 0.452267 0.035387 0.034005
3 0.666797 0.506675 0.154936 0.153023
3 0.420167 0.452480 0.028548 0.031030
3 0.390112 0.446316 0.020084 0.022103
3 0.357404 0.460769 0.020084 0.020403
2 0.327325 0.377881 0.016259 0.027204
2 0.400489 0.361729 0.011477 0.022103
4 0.573118 0.392333 0.013389 0.032305
4 0.506649 0.402344 0.020084 0.045525
