3 0.273656 0.493429 0.187115 0.185729
3 0.413992 0.456006 0.070168 0.085934
3 0.520413 0.454620 0.064711 0.094250
3 0.579666 0.435908 0.041321 0.065144
3 0.176590 0.468480 0.099015 0.149692
3 0.073676 0.488578 0.147353 0.164938
3 0.461550 0.447690 0.034304 0.049897
2 0.482211 0.393634 0.007017 0.022177
2 0.538735 0.397792 0.004678 0.016632
9 0.708308 0.433829 0.019491 0.060986
9 0.684139 0.433136 0.014813 0.067916
9 0.755087 0.453927 0.022610 0.106725
9 0.780815 0.455313 0.016373 0.092864
9 0.814340 0.449076 0.024169 0.121971
9 0.863847 0.460857 0.040542 0.139990
9 0.924660 0.451848 0.034304 0.155236
9 0.949218 0.468480 0.028847 0.146920
9 0.976896 0.442839 0.024949 0.137218
9 0.991709 0.444918 0.015593 0.130287
4 0.856441 0.178799 0.041321 0.113655
3 0.643861 0.450058 0.041917 0.046791
3 0.618516 0.445725 0.020471 0.045058
