2 0.468778 0.325378 0.010706 0.021752
2 0.537986 0.324018 0.009941 0.019033
3 0.413718 0.399698 0.023707 0.053021
3 0.455396 0.398338 0.052002 0.074773
3 0.365922 0.409894 0.081061 0.116918
3 0.575840 0.389501 0.022177 0.032628
3 0.585782 0.423489 0.020648 0.059819
3 0.601459 0.431646 0.044354 0.081571
3 0.612547 0.439804 0.039001 0.097885
3 0.640842 0.444562 0.065002 0.126435
3 0.082591 0.444562 0.163652 0.417372
3 0.312774 0.430287 0.088708 0.116918
3 0.527662 0.439124 0.097120 0.150906
3 0.698961 0.453399 0.128474 0.125076
