3 0.251988 0.442779 0.197886 0.171566
3 0.467908 0.372593 0.035093 0.058922
3 0.502513 0.367394 0.038018 0.062388
3 0.363116 0.408120 0.080909 0.112644
3 0.414781 0.384724 0.045816 0.069320
3 0.437689 0.376926 0.021446 0.043325
1 0.326561 0.361329 0.064337 0.064121
2 0.348006 0.204493 0.005849 0.027728
2 0.454260 0.245218 0.013647 0.015597
4 0.542968 0.313672 0.017547 0.031194
4 0.542481 0.288543 0.020471 0.008665
4 0.544918 0.339666 0.009748 0.020796
2 0.559540 0.309339 0.007798 0.022529
4 0.482530 0.316271 0.007798 0.015597
2 0.353368 0.207959 0.006824 0.027728
