4 0.172793 0.212173 0.028082 0.062404
4 0.375800 0.341140 0.008190 0.016641
4 0.365854 0.338020 0.009361 0.010401
4 0.366439 0.357781 0.010531 0.012481
4 0.356494 0.349461 0.007020 0.016641
3 0.874835 0.453467 0.079565 0.120647
3 0.770698 0.483629 0.217633 0.243375
3 0.662467 0.369222 0.012871 0.035362
9 0.357664 0.382743 0.004680 0.024961
9 0.351228 0.382743 0.005850 0.024961
0 0.376970 0.374422 0.008190 0.016641
4 0.340698 0.418105 0.022231 0.045763
9 0.036479 0.367142 0.015211 0.039522
9 0.053445 0.365062 0.014041 0.022881
9 0.070411 0.367142 0.010531 0.027042
9 0.106684 0.372342 0.010531 0.020801
9 0.131255 0.371302 0.008190 0.018721
3 0.238338 0.434610 0.209923 0.249485
3 0.517848 0.351105 0.300387 0.635052
