9 0.057129 0.440762 0.016093 0.041126
9 0.158211 0.337053 0.013075 0.055430
9 0.559021 0.402318 0.010058 0.035762
9 0.736041 0.545695 0.020116 0.036422
9 0.311092 0.533742 0.007041 0.026821
9 0.329699 0.550728 0.006035 0.017881
9 0.175310 0.342417 0.015087 0.059007
9 0.046065 0.483675 0.026151 0.033974
2 0.980921 0.687517 0.037153 0.084040
2 0.970863 0.662052 0.057269 0.088479
2 0.263820 0.581126 0.069400 0.082252
2 0.404631 0.582914 0.029168 0.053642
2 0.444360 0.586490 0.022127 0.039338
2 0.482580 0.593642 0.026151 0.042914
2 0.528344 0.595430 0.065377 0.096556
2 0.638981 0.633874 0.117678 0.130530
2 0.295000 0.579338 0.023133 0.060795
2 0.308578 0.582914 0.016093 0.050066
2 0.321150 0.583808 0.009052 0.041126
2 0.331711 0.581126 0.012070 0.035762
2 0.338249 0.587384 0.007041 0.037550
2 0.347301 0.584702 0.011064 0.035762
2 0.584668 0.607053 0.033191 0.062583
2 0.570084 0.607053 0.022127 0.048278
2 0.431284 0.590859 0.013184 0.025781
