3 0.440342 0.397359 0.014328 0.020377
3 0.467565 0.396934 0.014328 0.022925
3 0.506967 0.390566 0.018626 0.015283
3 0.475446 0.396934 0.015761 0.022925
3 0.452521 0.404576 0.021492 0.028019
3 0.493355 0.405000 0.028656 0.040755
3 0.516996 0.405000 0.021492 0.035660
3 0.578606 0.395661 0.032954 0.030566
3 0.630186 0.417736 0.095997 0.122264
3 0.777047 0.458491 0.246439 0.264906
3 0.280587 0.412642 0.044416 0.061132
4 0.792807 0.281038 0.034387 0.076415
4 0.273423 0.280613 0.035820 0.073868
4 0.427447 0.381227 0.014328 0.025472
4 0.460401 0.367217 0.011462 0.017830
2 0.487624 0.373585 0.008597 0.020377
2 0.478311 0.375283 0.007164 0.020377
2 0.449655 0.364246 0.010029 0.020377
2 0.438910 0.361698 0.008597 0.020377
3 0.246200 0.415189 0.038685 0.035660
