3 0.439151 0.465308 0.010723 0.022529
3 0.449386 0.467908 0.011698 0.038126
3 0.455723 0.473973 0.012673 0.029461
3 0.470345 0.471374 0.030219 0.048524
3 0.474244 0.479172 0.016572 0.050257
3 0.378225 0.463575 0.015597 0.019063
3 0.365553 0.477439 0.027295 0.036393
3 0.333872 0.482638 0.045816 0.081451
3 0.315838 0.496502 0.050690 0.071053
3 0.288056 0.454044 0.036068 0.013864
3 0.269047 0.509500 0.091632 0.100514
3 0.169129 0.547625 0.131599 0.173299
3 0.492278 0.480905 0.042892 0.057189
3 0.405520 0.486971 0.058488 0.086650
3 0.575624 0.513832 0.123801 0.133440
3 0.523472 0.476573 0.015597 0.024262
3 0.821276 0.566688 0.355805 0.471374
3 0.074573 0.532028 0.147196 0.350064
