4 0.154760 0.368686 0.027288 0.044353
4 0.185556 0.373537 0.028067 0.042967
4 0.185556 0.435908 0.031186 0.037423
4 0.155929 0.433136 0.029627 0.037423
4 0.388653 0.352053 0.016373 0.036037
4 0.449076 0.352746 0.012474 0.031879
3 0.301333 0.491350 0.094337 0.103953
3 0.442059 0.517685 0.154370 0.239784
3 0.630343 0.507982 0.122404 0.134446
3 0.034694 0.463629 0.066270 0.081776
3 0.162979 0.467405 0.029692 0.020025
3 0.117726 0.478876 0.017152 0.020791
3 0.547311 0.471945 0.043660 0.065144
3 0.713376 0.465708 0.113828 0.141376
3 0.511447 0.469173 0.015593 0.054055
3 0.534447 0.436601 0.027288 0.024949
3 0.574599 0.467787 0.015593 0.037423
2 0.218559 0.412152 0.015087 0.016093
4 0.510196 0.277698 0.123800 0.090496
3 0.787052 0.293147 0.049118 0.037423
4 0.096286 0.436601 0.011695 0.013860
