3 0.038001 0.494431 0.047986 0.031991
4 0.235343 0.480568 0.010797 0.021327
3 0.262934 0.483767 0.015595 0.019194
3 0.281529 0.484834 0.021594 0.029858
4 0.301323 0.472038 0.010797 0.017062
4 0.349909 0.478436 0.009597 0.017062
4 0.415889 0.476303 0.007198 0.017062
3 0.337912 0.496564 0.023993 0.023460
3 0.404492 0.488033 0.010797 0.014929
3 0.475871 0.506161 0.011996 0.029858
3 0.487268 0.491232 0.017995 0.025592
3 0.501664 0.493365 0.015595 0.021327
3 0.516059 0.506161 0.027592 0.046919
3 0.448279 0.510426 0.050385 0.089573
3 0.562246 0.531753 0.083975 0.132227
