4 0.070707 0.209205 0.037214 0.032185
4 0.110939 0.186854 0.025145 0.033974
4 0.101887 0.239603 0.029168 0.032185
4 0.094846 0.267318 0.043249 0.023245
4 0.958824 0.214570 0.025145 0.017881
4 0.958824 0.239603 0.031180 0.017881
3 0.940940 0.480099 0.118119 0.309338
3 0.583663 0.423775 0.095550 0.157351
3 0.708884 0.416623 0.064371 0.078675
3 0.416701 0.439868 0.115666 0.139470
3 0.469505 0.430033 0.044255 0.094768
3 0.498673 0.438079 0.026151 0.067947
3 0.521303 0.432715 0.037214 0.046490
3 0.531361 0.395166 0.019110 0.021457
1 0.869811 0.320960 0.179031 0.194901
9 0.757162 0.401424 0.012070 0.051854
4 0.406643 0.303973 0.015087 0.017881
