4 0.503874 0.315584 0.016008 0.035573
3 0.416956 0.349506 0.013006 0.014229
3 0.415956 0.364625 0.011005 0.016008
3 0.413454 0.370850 0.014007 0.007115
3 0.409953 0.376186 0.013006 0.010672
3 0.408452 0.384190 0.020010 0.016008
3 0.404950 0.393972 0.017008 0.028459
3 0.384940 0.399308 0.015007 0.028459
3 0.391944 0.409980 0.019009 0.035573
3 0.510502 0.408202 0.016008 0.024901
3 0.465480 0.403755 0.016008 0.033794
3 0.451973 0.385079 0.013006 0.017787
3 0.430463 0.377965 0.028014 0.028459
3 0.479487 0.417095 0.026013 0.039130
3 0.548521 0.411759 0.020010 0.039130
3 0.567530 0.421542 0.020010 0.030237
3 0.590042 0.434882 0.025012 0.021344
3 0.327412 0.400198 0.018009 0.026680
3 0.265881 0.406423 0.031015 0.035573
3 0.194846 0.408202 0.037018 0.042688
3 0.131315 0.396640 0.014007 0.026680
3 0.097298 0.417984 0.074037 0.072925
3 0.357927 0.411759 0.053026 0.099605
3 0.434965 0.432214 0.061030 0.094269
3 0.822998 0.528854 0.354004 0.558498
