3 0.034615 0.477011 0.069231 0.082637
3 0.088516 0.473260 0.050440 0.058022
3 0.224011 0.471502 0.066264 0.082637
3 0.146374 0.474139 0.087033 0.077363
3 0.284835 0.461099 0.031648 0.049231
3 0.362967 0.457362 0.043516 0.038242
3 0.410439 0.448791 0.017802 0.017582
3 0.517252 0.460220 0.019780 0.054505
3 0.501923 0.443516 0.010879 0.021099
3 0.552857 0.473846 0.065275 0.096703
3 0.460879 0.472967 0.083077 0.133626
3 0.671044 0.435604 0.009890 0.014066
3 0.698736 0.439121 0.025714 0.017582
3 0.721978 0.440000 0.028681 0.019341
3 0.757582 0.441758 0.040549 0.019341
3 0.785274 0.440879 0.020769 0.017582
3 0.805549 0.441758 0.021758 0.015824
3 0.849489 0.670141 0.297692 0.524960
2 0.251703 0.195604 0.022747 0.101978
2 0.501923 0.405714 0.006923 0.015824
2 0.844615 0.349890 0.016813 0.026374
2 0.712427 0.097582 0.016813 0.089670
2 0.281373 0.317802 0.014835 0.043956
4 0.257308 0.283663 0.026703 0.049231
4 0.818736 0.335531 0.022747 0.036923
4 0.833571 0.251135 0.020769 0.019341
4 0.805879 0.243223 0.010879 0.021099
4 0.830109 0.303003 0.013846 0.028132
4 0.381923 0.410842 0.008901 0.007033
4 0.270659 0.205714 0.013846 0.066813
3 0.319754 0.457085 0.036343 0.035705
