2 0.634581 0.373125 0.012656 0.041250
2 0.265441 0.735937 0.008437 0.001875
2 0.337687 0.366562 0.013711 0.058125
2 0.354562 0.365625 0.013711 0.063750
2 0.153644 0.322500 0.016875 0.075000
2 0.787511 0.397500 0.023203 0.037500
4 0.784347 0.485625 0.042187 0.063750
4 0.253839 0.431250 0.099141 0.063750
2 0.246984 0.513750 0.013711 0.030000
4 0.410987 0.489375 0.023203 0.060000
4 0.464249 0.475312 0.034805 0.031875
4 0.592394 0.521250 0.021094 0.022500
2 0.608214 0.512812 0.010547 0.031875
2 0.515401 0.528750 0.008437 0.022500
4 0.473214 0.555000 0.014766 0.015000
3 0.607159 0.573750 0.033750 0.033750
3 0.573409 0.577500 0.016875 0.022500
3 0.552843 0.581250 0.011602 0.022500
3 0.535440 0.575625 0.014766 0.026250
3 0.159445 0.596250 0.081211 0.060000
3 0.045181 0.603750 0.090363 0.060000
3 0.928311 0.608437 0.138164 0.680625
