4 0.745191 0.307820 0.017995 0.034123
4 0.908943 0.186256 0.014396 0.021327
4 0.929337 0.269431 0.011996 0.025592
6 0.968259 0.424052 0.046655 0.078910
0 0.969537 0.388305 0.032365 0.103485
3 0.351871 0.393698 0.063906 0.077917
3 0.299524 0.379265 0.028791 0.031991
3 0.229944 0.380331 0.067180 0.051185
3 0.163364 0.384597 0.032390 0.025592
3 0.130374 0.381398 0.031191 0.036256
3 0.094384 0.383531 0.045586 0.044787
3 0.047598 0.389929 0.052784 0.061848
3 0.534654 0.361137 0.016795 0.021327
3 0.547250 0.373933 0.017995 0.029858
3 0.574986 0.384428 0.042187 0.063643
2 0.637823 0.343009 0.009597 0.019194
3 0.671413 0.375000 0.016795 0.031991
3 0.698405 0.382464 0.049185 0.059716
3 0.849560 0.394194 0.046786 0.053318
3 0.920939 0.396327 0.076777 0.066114
3 0.766785 0.399526 0.116365 0.149289
3 0.510061 0.377132 0.049185 0.078910
3 0.622228 0.404858 0.083975 0.113033
