3 0.414351 0.493790 0.026207 0.039934
3 0.411231 0.499337 0.019967 0.037716
3 0.394384 0.498227 0.023711 0.044371
3 0.346650 0.497673 0.029327 0.052136
3 0.285234 0.494899 0.023087 0.046590
3 0.230012 0.472159 0.024959 0.025514
3 0.221588 0.494345 0.024335 0.049918
3 0.152319 0.490338 0.030590 0.046341
7 0.268565 0.458689 0.043054 0.032169
7 0.320978 0.457025 0.054286 0.039934
3 0.184462 0.488244 0.059901 0.064339
3 0.252029 0.491017 0.049918 0.067666
3 0.316165 0.499891 0.045550 0.056574
3 0.379988 0.501001 0.048046 0.052136
3 0.552740 0.507815 0.033071 0.052136
3 0.611259 0.508369 0.042430 0.037716
3 0.907334 0.573579 0.182824 0.189688
2 0.871144 0.421687 0.010608 0.028841
2 0.853673 0.424460 0.010608 0.032169
2 0.900471 0.225026 0.020591 0.070994
2 0.491991 0.317969 0.012479 0.047699
4 0.492838 0.284135 0.009360 0.017749
4 0.437305 0.459006 0.013103 0.027732
4 0.429104 0.485074 0.013103 0.024404
4 0.006123 0.400293 0.012245 0.022186
2 0.093674 0.400452 0.008112 0.022186
2 0.079323 0.398788 0.009360 0.036606
4 0.134232 0.476200 0.011855 0.019967
4 0.207549 0.283264 0.013727 0.058792
4 0.161375 0.296021 0.027455 0.022186
4 0.727140 0.440386 0.017471 0.019967
9 0.859288 0.497831 0.011855 0.034388
3 0.184774 0.487848 0.061773 0.065448
3 0.494042 0.508924 0.093596 0.089852
