3 0.926808 0.805016 0.145378 0.237640
3 0.932496 0.646500 0.134002 0.158249
3 0.764530 0.720325 0.327071 0.295786
3 0.537002 0.636898 0.045506 0.058146
3 0.393375 0.610353 0.045506 0.070786
3 0.475853 0.614145 0.019909 0.027809
3 0.419682 0.619201 0.015643 0.032865
3 0.430348 0.610353 0.017065 0.030337
3 0.441013 0.611617 0.015643 0.022753
3 0.450968 0.615409 0.009954 0.020225
3 0.516382 0.622993 0.018487 0.050562
3 0.504294 0.619201 0.014220 0.027809
3 0.496473 0.617937 0.012798 0.030337
4 0.248325 0.454875 0.019909 0.017697
4 0.780883 0.270325 0.024175 0.048034
4 0.793572 0.319623 0.044302 0.045506
4 0.774484 0.413162 0.068258 0.131461
4 0.852861 0.327207 0.040147 0.060674
4 0.599572 0.545887 0.017065 0.022753
