4 0.187149 0.251115 0.082250 0.184761
4 0.379780 0.513498 0.028054 0.072544
4 0.442136 0.596997 0.008926 0.031738
4 0.377739 0.638936 0.012752 0.029471
4 0.462256 0.626826 0.005738 0.015869
3 0.642145 0.662418 0.039531 0.040806
3 0.687414 0.658451 0.040806 0.044207
3 0.723757 0.661851 0.034430 0.048741
3 0.526103 0.661851 0.014027 0.017003
3 0.479877 0.660151 0.008289 0.013602
3 0.471907 0.660151 0.007651 0.013602
3 0.430464 0.652783 0.030605 0.035139
3 0.316334 0.650516 0.028054 0.030605
3 0.279992 0.656184 0.019128 0.032872
3 0.260864 0.657884 0.026779 0.036272
3 0.050458 0.716826 0.100740 0.163224
3 0.760268 0.674162 0.039433 0.055670
