3 0.521435 0.900583 0.015295 0.035347
3 0.499641 0.898543 0.032883 0.047583
3 0.438845 0.891746 0.019883 0.053021
3 0.376902 0.912139 0.062708 0.069335
3 0.300593 0.914858 0.098650 0.120997
1 0.405852 0.889706 0.055060 0.092447
7 0.564642 0.895824 0.052985 0.044864
3 0.695192 0.918256 0.058884 0.078852
3 0.570159 0.909419 0.026001 0.025831
3 0.463316 0.903302 0.056590 0.084290
1 0.621669 0.876791 0.080296 0.150906
1 0.665805 0.886308 0.023707 0.080211
4 0.974264 0.721126 0.050472 0.035347
4 0.752110 0.785703 0.029824 0.017674
4 0.758610 0.772788 0.026001 0.019033
4 0.632102 0.686265 0.026001 0.050302
4 0.512532 0.844842 0.013000 0.016314
2 0.305837 0.808135 0.020648 0.035347
2 0.432563 0.562354 0.014530 0.066616
2 0.615497 0.685391 0.013765 0.046224
2 0.765821 0.831247 0.026001 0.038066
2 0.421420 0.553906 0.013000 0.081571
2 0.408037 0.553517 0.015295 0.078852
4 0.272680 0.795900 0.015295 0.027190
3 0.838171 0.932492 0.321951 0.134592
