1 0.289184 0.445755 0.041551 0.050943
1 0.256230 0.452548 0.050147 0.045849
1 0.208948 0.455095 0.055879 0.050943
1 0.163815 0.457642 0.071639 0.056038
1 0.095041 0.453821 0.083101 0.063679
1 0.027462 0.465283 0.054923 0.040755
3 0.517713 0.458491 0.017193 0.020377
3 0.534906 0.456368 0.017193 0.017830
3 0.549234 0.462736 0.017193 0.020377
3 0.545652 0.475472 0.024357 0.035660
3 0.532757 0.485661 0.030088 0.050943
3 0.683199 0.453821 0.067341 0.033113
1 0.612993 0.455095 0.081669 0.132453
3 0.491923 0.472925 0.028656 0.035660
3 0.504818 0.503491 0.054446 0.076415
3 0.870894 0.504340 0.253603 0.315849
4 0.688930 0.364246 0.038685 0.045849
4 0.691080 0.400331 0.025790 0.022925
