3 0.363116 0.415052 0.141347 0.161168
3 0.566851 0.378659 0.061413 0.098781
3 0.644348 0.377792 0.056539 0.079718
3 0.516161 0.353530 0.022421 0.034660
3 0.076522 0.375193 0.125750 0.088383
1 0.261736 0.292009 0.244677 0.209692
1 0.442563 0.318870 0.046791 0.076252
3 0.470832 0.333601 0.009748 0.029461
3 0.483505 0.337067 0.019496 0.015597
3 0.498614 0.325802 0.010723 0.020796
3 0.525909 0.335334 0.018521 0.029461
3 0.547842 0.324936 0.009748 0.022529
3 0.599994 0.343999 0.018521 0.036393
3 0.509825 0.325802 0.009748 0.017330
1 0.481068 0.315404 0.016572 0.027728
4 0.468395 0.267747 0.014622 0.025995
4 0.482042 0.273813 0.008773 0.017330
4 0.497152 0.267747 0.017547 0.043325
4 0.518110 0.274679 0.024370 0.032927
4 0.566363 0.273813 0.042892 0.027728
