3 0.115305 0.405301 0.230610 0.187181
3 0.221150 0.381159 0.076947 0.109884
3 0.262777 0.385118 0.031535 0.048144
4 0.638909 0.314514 0.025228 0.017940
4 0.612419 0.312271 0.032797 0.022425
4 0.505198 0.269663 0.015137 0.053821
4 0.483124 0.336939 0.010091 0.022425
4 0.477132 0.336939 0.008830 0.017940
4 0.424152 0.336939 0.016398 0.026910
4 0.332699 0.295452 0.020183 0.038123
4 0.347206 0.294331 0.011353 0.017940
4 0.347836 0.310029 0.007569 0.022425
3 0.297064 0.384593 0.044150 0.042608
3 0.622090 0.373006 0.008830 0.026910
3 0.596862 0.367400 0.008830 0.029153
3 0.585509 0.369643 0.011353 0.038123
3 0.610107 0.374128 0.020183 0.033638
3 0.536944 0.383471 0.093345 0.134551
3 0.876557 0.521387 0.245120 0.589784
4 0.664437 0.307226 0.012614 0.049336
