3 0.602431 0.483505 0.015597 0.017330
3 0.610717 0.491303 0.020471 0.022529
3 0.617541 0.499968 0.020471 0.046791
3 0.638012 0.514699 0.045816 0.062388
3 0.716971 0.544159 0.108204 0.135173
3 0.523472 0.510366 0.040942 0.057189
3 0.497639 0.504301 0.016572 0.048524
3 0.480093 0.506034 0.028269 0.062388
3 0.459622 0.512966 0.041917 0.076252
3 0.428915 0.516432 0.044841 0.097048
3 0.378225 0.527696 0.081884 0.109178
3 0.297316 0.565822 0.116977 0.168100
3 0.123801 0.578819 0.247601 0.305007
3 0.871478 0.608280 0.251500 0.429782
