2 0.439282 0.324170 0.005998 0.021327
2 0.465074 0.346564 0.009597 0.014929
2 0.510661 0.334834 0.009597 0.029858
4 0.622228 0.334834 0.016795 0.029858
3 0.487868 0.386019 0.021594 0.038389
3 0.462675 0.382820 0.023993 0.031991
3 0.439882 0.387085 0.023993 0.036256
3 0.423087 0.391350 0.016795 0.027725
3 0.405092 0.390284 0.019194 0.025592
3 0.371502 0.393483 0.047986 0.044787
3 0.319917 0.390284 0.064781 0.051185
3 0.266533 0.408412 0.049185 0.044787
3 0.220347 0.405213 0.059982 0.059716
3 0.042993 0.419076 0.085987 0.113033
3 0.513060 0.383886 0.014396 0.034123
3 0.529255 0.386019 0.015595 0.029858
3 0.545451 0.394550 0.021594 0.038389
3 0.562845 0.403080 0.015595 0.038389
3 0.581440 0.415877 0.031191 0.046919
3 0.610831 0.425474 0.051585 0.061848
3 0.665415 0.437204 0.071979 0.098104
3 0.718199 0.461730 0.098371 0.130095
3 0.849560 0.491587 0.219535 0.189810
3 0.964068 0.563033 0.071863 0.238862
