3 0.260429 0.510830 0.015007 0.014229
3 0.249423 0.517945 0.019009 0.024901
3 0.237417 0.526838 0.033016 0.035573
3 0.220409 0.539289 0.045022 0.046245
3 0.189394 0.541957 0.087043 0.080040
3 0.168883 0.562411 0.076038 0.078261
3 0.136367 0.579308 0.091045 0.080040
3 0.113356 0.588202 0.083041 0.087154
3 0.082341 0.593538 0.097048 0.087154
3 0.012906 0.629111 0.025813 0.129842
3 0.040420 0.606878 0.080840 0.117391
4 0.657195 0.415853 0.020151 0.027043
9 0.353475 0.557075 0.015007 0.067589
3 0.279438 0.509941 0.013006 0.016008
3 0.297447 0.513498 0.017008 0.023123
3 0.316957 0.514387 0.008004 0.017787
3 0.324961 0.517945 0.014007 0.017787
3 0.331464 0.526838 0.017008 0.024901
3 0.349473 0.537510 0.023011 0.032016
3 0.367482 0.544625 0.019009 0.028459
3 0.379487 0.561522 0.027013 0.058696
3 0.405000 0.563301 0.038019 0.062253
3 0.441518 0.581976 0.065032 0.096047
3 0.477536 0.599763 0.065032 0.103162
3 0.553073 0.605099 0.122060 0.160079
1 0.688140 0.633557 0.234116 0.263241
3 0.865227 0.746502 0.268132 0.350395
