4 0.481382 0.234844 0.058008 0.084375
4 0.379869 0.179765 0.026367 0.025781
4 0.398985 0.231328 0.072510 0.077344
2 0.335704 0.357890 0.009229 0.025781
2 0.419419 0.362578 0.007910 0.021094
4 0.011956 0.336501 0.023912 0.090814
4 0.006682 0.243047 0.013365 0.082031
4 0.013365 0.076641 0.026367 0.044531
4 0.013274 0.143437 0.026548 0.089062
4 0.020616 0.243047 0.017139 0.082031
3 0.194639 0.425859 0.017139 0.021094
3 0.224302 0.431718 0.021094 0.028125
3 0.162339 0.430547 0.026367 0.025781
3 0.311314 0.427031 0.015820 0.018750
3 0.300108 0.436406 0.017139 0.023437
3 0.526206 0.443437 0.023730 0.051562
3 0.643540 0.487968 0.084375 0.117187
3 0.571030 0.517265 0.102832 0.147656
9 0.699570 0.448125 0.014502 0.060937
3 0.415464 0.550078 0.213574 0.353906
3 0.975107 0.430547 0.048779 0.049219
3 0.898643 0.689531 0.201709 0.468750
