2 0.114187 0.418019 0.020668 0.031300
2 0.101173 0.422782 0.014544 0.024496
2 0.085098 0.417339 0.023730 0.035383
2 0.183082 0.410534 0.020668 0.021774
2 0.177723 0.424143 0.032916 0.038105
2 0.234370 0.445917 0.052819 0.087097
2 0.023475 0.449773 0.045930 0.129284
2 0.061750 0.426638 0.026027 0.031300
2 0.138300 0.433443 0.048992 0.061240
2 0.020541 0.499672 0.041082 0.191885
2 0.315513 0.460434 0.161520 0.206855
9 0.022710 0.371522 0.010717 0.010887
9 0.056775 0.342944 0.006889 0.019052
9 0.132176 0.347934 0.006124 0.016331
9 0.155141 0.346573 0.006124 0.016331
