2 0.555210 0.368437 0.007910 0.023437
4 0.718027 0.339140 0.014502 0.025781
4 0.381846 0.383672 0.011865 0.058594
9 0.758897 0.457500 0.014502 0.051562
9 0.726597 0.469218 0.010547 0.065625
9 0.818223 0.442265 0.011865 0.044531
9 0.217710 0.475547 0.023730 0.073594
9 0.315269 0.510234 0.018457 0.110156
9 0.268467 0.523125 0.038232 0.103125
3 0.451719 0.464531 0.030322 0.046875
3 0.412827 0.485625 0.047461 0.070312
3 0.503794 0.459843 0.036914 0.028125
3 0.549937 0.449297 0.010547 0.025781
3 0.559165 0.450468 0.015820 0.028125
3 0.597398 0.449297 0.031641 0.063281
1 0.538072 0.439922 0.015820 0.030469
3 0.568394 0.455156 0.021094 0.023437
3 0.628379 0.455156 0.056689 0.084375
3 0.489951 0.512578 0.088330 0.119531
3 0.387119 0.505547 0.061963 0.082031
