2 0.224467 0.368159 0.013335 0.041174
2 0.206220 0.368159 0.007720 0.036183
2 0.214291 0.367535 0.008422 0.042421
2 0.425189 0.312637 0.011931 0.049908
2 0.438524 0.318876 0.009124 0.044917
2 0.412556 0.313885 0.009124 0.047412
2 0.715394 0.477956 0.016844 0.033688
2 0.699369 0.474083 0.017546 0.033688
2 0.572689 0.520247 0.011229 0.021211
2 0.091237 0.501532 0.015440 0.026201
4 0.112643 0.481569 0.013335 0.016220
4 0.094045 0.444762 0.018247 0.014972
4 0.699018 0.370525 0.011229 0.011229
4 0.707089 0.394231 0.024564 0.016220
9 0.821837 0.648759 0.074393 0.345610
9 0.625677 0.613824 0.030178 0.148475
3 0.642872 0.600723 0.122118 0.079852
3 0.325998 0.603219 0.056848 0.064880
3 0.391618 0.635659 0.116503 0.174676
3 0.180369 0.556430 0.182475 0.170933
4 0.825787 0.007804 0.035510 0.015609
4 0.856517 0.048388 0.036876 0.094694
4 0.820324 0.059314 0.030047 0.048561
