4 0.406959 0.347213 0.007346 0.008162
4 0.407418 0.372515 0.010101 0.016324
4 0.619437 0.321094 0.023874 0.014692
4 0.601991 0.341499 0.012855 0.032648
4 0.380330 0.347539 0.016528 0.008162
2 0.380330 0.323053 0.007346 0.027751
2 0.428537 0.357334 0.006428 0.021221
2 0.463889 0.361415 0.005509 0.016324
2 0.505852 0.270816 0.008264 0.037545
2 0.613285 0.370393 0.006428 0.017956
9 0.370046 0.417080 0.020201 0.068561
9 0.608326 0.421977 0.009182 0.045707
9 0.630364 0.412999 0.011019 0.040810
9 0.644596 0.413815 0.011937 0.062031
9 0.666175 0.422793 0.011019 0.060399
2 0.730451 0.346070 0.016528 0.024486
3 0.415345 0.386880 0.011019 0.016324
1 0.480540 0.398307 0.025710 0.048972
3 0.497527 0.418712 0.011937 0.024486
1 0.564894 0.397491 0.056930 0.119166
3 0.543775 0.428507 0.091823 0.145284
3 0.738766 0.464539 0.117533 0.117533
3 0.801665 0.404956 0.039484 0.060399
3 0.896242 0.440053 0.204765 0.287304
