3 0.469336 0.520898 0.018457 0.023437
3 0.434399 0.519726 0.022412 0.021094
3 0.491089 0.525586 0.017139 0.037500
3 0.505590 0.532617 0.022412 0.051562
3 0.537890 0.545507 0.065918 0.077344
3 0.373095 0.526757 0.058008 0.096094
3 0.301245 0.539648 0.114697 0.121875
3 0.973608 0.600000 0.050098 0.117187
2 0.119311 0.376758 0.017139 0.035156
2 0.138428 0.379101 0.015820 0.039844
2 0.167432 0.388476 0.015820 0.030469
2 0.478564 0.475195 0.010547 0.025781
2 0.644677 0.415429 0.013184 0.032812
2 0.667089 0.416601 0.015820 0.030469
2 0.508886 0.110156 0.015820 0.084375
2 0.531298 0.117187 0.015820 0.079687
4 0.132495 0.279609 0.027686 0.025781
4 0.145019 0.344062 0.036914 0.023437
4 0.638085 0.376875 0.036914 0.028125
