3 0.140571 0.668246 0.085175 0.089573
3 0.465674 0.626658 0.041988 0.070379
1 0.497465 0.594668 0.026392 0.074645
2 0.598235 0.532820 0.007198 0.027725
2 0.522657 0.526421 0.004799 0.023460
2 0.489667 0.529620 0.008398 0.017062
1 0.640822 0.574407 0.073178 0.098104
5 0.759587 0.620260 0.039588 0.091706
0 0.757787 0.579739 0.028791 0.121564
9 0.845361 0.562677 0.016795 0.078910
9 0.868155 0.562677 0.026392 0.078910
9 0.896346 0.555213 0.029991 0.110900
9 0.931136 0.576540 0.034790 0.179147
9 0.991660 0.568009 0.016680 0.076777
