9 0.382856 0.213158 0.010723 0.022529
9 0.442319 0.233954 0.010723 0.019063
9 0.477900 0.214891 0.011698 0.019063
9 0.510068 0.220090 0.011698 0.019063
9 0.535901 0.215757 0.010723 0.020796
9 0.418436 0.223556 0.011698 0.019063
9 0.620709 0.214891 0.009748 0.019063
2 0.472099 0.251284 0.008773 0.024262
2 0.479898 0.257349 0.010723 0.022529
2 0.498907 0.253883 0.033143 0.050257
2 0.562269 0.265148 0.015597 0.034660
2 0.416535 0.250417 0.026320 0.039859
2 0.431645 0.255616 0.015597 0.032927
2 0.803047 0.276412 0.058488 0.036393
2 0.979000 0.269480 0.039967 0.053723
2 0.019618 0.256359 0.038018 0.050257
2 0.454992 0.255616 0.033143 0.048524
2 0.538825 0.272080 0.050690 0.067587
2 0.683584 0.288543 0.096506 0.100514
2 0.908765 0.279878 0.092607 0.069320
2 0.297073 0.250417 0.014622 0.015597
