9 0.481860 0.250781 0.005273 0.025781
9 0.489111 0.253125 0.005273 0.035156
9 0.588647 0.229687 0.005273 0.030469
9 0.599853 0.235547 0.006592 0.032812
9 0.593920 0.232031 0.007910 0.030469
9 0.621606 0.262500 0.007910 0.021094
2 0.456811 0.326953 0.017139 0.028125
2 0.433081 0.322265 0.019775 0.023437
2 0.659179 0.312890 0.011865 0.028125
2 0.671044 0.312890 0.014502 0.042187
2 0.675000 0.316406 0.006592 0.044531
2 0.752124 0.322265 0.055371 0.060937
2 0.388257 0.342187 0.032959 0.035156
2 0.352002 0.343359 0.023730 0.037500
2 0.284106 0.349219 0.040869 0.035156
2 0.217529 0.363281 0.058008 0.053906
2 0.918237 0.292969 0.039551 0.030469
2 0.641381 0.329297 0.036914 0.070312
2 0.319043 0.353906 0.046143 0.044531
2 0.575463 0.357422 0.121289 0.192187
2 0.818701 0.318750 0.085693 0.096094
5 0.112720 0.351562 0.156885 0.138281
7 0.702685 0.303515 0.044824 0.070312
2 0.019775 0.385547 0.039551 0.093750
2 0.969653 0.332812 0.060644 0.086719
