4 0.654583 0.291143 0.012673 0.034660
4 0.949950 0.224422 0.053614 0.091849
4 0.330947 0.311072 0.010723 0.025995
4 0.325586 0.223556 0.015597 0.031194
3 0.516648 0.325802 0.019496 0.024262
3 0.506900 0.328402 0.009748 0.019063
3 0.498614 0.331001 0.020471 0.024262
3 0.466446 0.343132 0.045816 0.055456
3 0.416243 0.359596 0.035093 0.046791
3 0.389436 0.362195 0.018521 0.027728
3 0.363116 0.369127 0.036068 0.041592
3 0.304140 0.385591 0.052640 0.050257
3 0.251988 0.390790 0.057514 0.053723
3 0.565876 0.349198 0.020471 0.043325
3 0.581960 0.356130 0.021446 0.046791
3 0.595608 0.363062 0.025345 0.057189
3 0.619003 0.370860 0.048740 0.058922
4 0.150488 0.365531 0.028509 0.029153
4 0.715315 0.278553 0.021444 0.006728
