2 0.088127 0.478796 0.174607 0.273807
2 0.529174 0.569577 0.317092 0.417299
2 0.970632 0.450097 0.056830 0.061497
2 0.984222 0.422424 0.029650 0.026356
2 0.943728 0.419496 0.039259 0.016106
2 0.946061 0.442191 0.052711 0.058568
9 0.241517 0.194379 0.012731 0.051923
9 0.520479 0.101849 0.013480 0.066568
9 0.596866 0.351479 0.014978 0.025296
9 0.690851 0.232988 0.031453 0.083876
9 0.575897 0.258950 0.012731 0.055917
9 0.503779 0.100917 0.015727 0.066568
9 0.225416 0.190784 0.011982 0.051923
9 0.253499 0.196109 0.011233 0.049260
9 0.124016 0.319260 0.016476 0.023964
9 0.819061 0.281317 0.023216 0.051923
9 0.246759 0.349882 0.009736 0.029290
9 0.388674 0.378439 0.003744 0.011982
9 0.400656 0.375777 0.003744 0.011982
2 0.731753 0.435130 0.090825 0.069914
2 0.757971 0.435962 0.058990 0.071578
2 0.821174 0.434297 0.129215 0.088224
2 0.321400 0.421147 0.016854 0.039951
2 0.331700 0.418650 0.011236 0.034957
2 0.314378 0.421147 0.017791 0.043280
2 0.305482 0.421147 0.014982 0.043280
2 0.288160 0.422811 0.042135 0.056597
2 0.347150 0.424476 0.032772 0.049938
2 0.373835 0.421979 0.016854 0.041615
2 0.389753 0.423644 0.033708 0.051603
2 0.392147 0.422021 0.034100 0.051295
9 0.156072 0.380052 0.007869 0.027979
