4 0.041417 0.197342 0.044150 0.035880
4 0.305053 0.301619 0.016398 0.038123
4 0.304423 0.359925 0.020183 0.015698
4 0.924801 0.319880 0.020183 0.038123
4 0.932369 0.351275 0.020183 0.029153
4 0.914709 0.347911 0.015137 0.017940
4 0.671255 0.412945 0.010091 0.031395
4 0.326798 0.389398 0.008830 0.029153
4 0.596741 0.433127 0.013876 0.013455
2 0.009461 0.256769 0.018921 0.049336
2 0.030905 0.265739 0.016398 0.035880
2 0.481231 0.428322 0.006307 0.024668
2 0.470509 0.429443 0.007569 0.022425
2 0.426990 0.417109 0.006307 0.020183
3 0.404285 0.460839 0.016398 0.026910
3 0.388517 0.454111 0.017660 0.040365
3 0.489431 0.466445 0.020183 0.033638
3 0.567639 0.478779 0.047934 0.040365
3 0.655307 0.474294 0.079469 0.094186
3 0.740453 0.482143 0.138756 0.123339
3 0.671706 0.498961 0.054241 0.076246
3 0.842683 0.580720 0.313984 0.401225
3 0.181644 0.449626 0.146325 0.152492
3 0.367704 0.456353 0.026490 0.040365
3 0.437082 0.461960 0.069378 0.109884
3 0.520335 0.476536 0.054241 0.071761
