3 0.640865 0.414780 0.087298 0.104173
3 0.508722 0.339307 0.011959 0.021260
3 0.523670 0.346748 0.020330 0.031890
3 0.509917 0.366945 0.021526 0.029764
3 0.477031 0.372260 0.044247 0.053150
3 0.476433 0.338244 0.019134 0.014882
1 0.584181 0.315709 0.108824 0.133937
3 0.550697 0.529583 0.199710 0.291260
3 0.769540 0.455173 0.175792 0.244488
3 0.961357 0.505134 0.072948 0.229606
4 0.419151 0.308268 0.020330 0.025512
4 0.476553 0.317835 0.013155 0.014882
2 0.491501 0.308268 0.009567 0.017008
2 0.524985 0.302953 0.011959 0.019134
2 0.666696 0.298701 0.013155 0.023386
3 0.434100 0.324213 0.019134 0.036142
