3 0.415881 0.453238 0.009560 0.033993
3 0.519681 0.428957 0.015024 0.014568
3 0.228632 0.464488 0.019121 0.026709
3 0.206097 0.459632 0.025950 0.026709
3 0.166489 0.468980 0.034145 0.022581
3 0.086591 0.480270 0.030047 0.019424
3 0.024448 0.478306 0.025950 0.027728
3 0.364528 0.451133 0.025950 0.024281
3 0.533202 0.436565 0.010926 0.024281
3 0.393004 0.461331 0.047802 0.065558
3 0.489292 0.490221 0.103800 0.148606
3 0.548704 0.440693 0.017755 0.033993
3 0.295351 0.491682 0.125652 0.145684
3 0.433534 0.452833 0.024106 0.033993
3 0.621568 0.437051 0.012292 0.014568
3 0.632221 0.437051 0.012292 0.009712
3 0.641099 0.437051 0.010926 0.014568
3 0.653391 0.437051 0.019121 0.019424
3 0.769346 0.440693 0.031413 0.026709
3 0.731787 0.433409 0.013658 0.016996
3 0.695594 0.437051 0.012292 0.014568
3 0.676473 0.437051 0.015024 0.014568
3 0.865087 0.416412 0.016389 0.016996
3 0.884208 0.413984 0.016389 0.012140
3 0.908109 0.413984 0.025950 0.012140
3 0.941571 0.412770 0.027316 0.014568
3 0.967521 0.412770 0.021853 0.014568
4 0.362616 0.421268 0.015024 0.021853
4 0.505101 0.381812 0.017960 0.023067
4 0.518178 0.381205 0.013658 0.019424
4 0.500423 0.398202 0.010926 0.014568
4 0.591248 0.370279 0.039608 0.036421
4 0.573492 0.415198 0.017755 0.048561
4 0.666906 0.370477 0.013372 0.031960
3 0.907427 0.437536 0.038242 0.020396
3 0.880794 0.440450 0.055997 0.019424
3 0.946351 0.438022 0.039608 0.029137
