3 0.470654 0.631225 0.008420 0.014970
3 0.476778 0.643473 0.013013 0.017692
3 0.609975 0.660484 0.017606 0.027218
3 0.623754 0.671371 0.032916 0.051714
3 0.663050 0.670691 0.071191 0.080292
1 0.441030 0.632087 0.034396 0.065685
3 0.449195 0.651321 0.042562 0.065323
3 0.521764 0.655403 0.029089 0.038105
3 0.409236 0.642475 0.016841 0.039466
3 0.395457 0.650640 0.033682 0.044909
3 0.184358 0.625555 0.009951 0.013609
3 0.172875 0.626235 0.013013 0.017692
3 0.135366 0.625555 0.052819 0.029940
3 0.111380 0.611946 0.022199 0.035383
3 0.048609 0.611946 0.097218 0.057157
3 0.237687 0.620791 0.022199 0.017692
4 0.835797 0.545262 0.008420 0.021774
4 0.831204 0.514642 0.009951 0.031300
4 0.828882 0.653634 0.006124 0.036200
4 0.596707 0.547757 0.011482 0.020413
4 0.597472 0.571573 0.009951 0.016331
4 0.596400 0.594708 0.013932 0.010887
4 0.619748 0.590081 0.006124 0.019052
3 0.492216 0.644516 0.015310 0.021774
2 0.512119 0.565585 0.004593 0.027218
2 0.142766 0.554562 0.006889 0.027218
3 0.730983 0.682362 0.074851 0.107211
9 0.910561 0.710791 0.019444 0.129284
9 0.892448 0.716194 0.020458 0.126481
9 0.798186 0.686976 0.019137 0.100706
4 0.568919 0.615529 0.007655 0.017692
2 0.474380 0.603962 0.003827 0.010887
2 0.410461 0.557011 0.004593 0.020413
4 0.350752 0.615529 0.009186 0.012248
3 0.359402 0.640706 0.006889 0.010887
9 0.986652 0.733927 0.023730 0.156502
