4 0.217870 0.569288 0.016572 0.008665
4 0.232979 0.570154 0.007798 0.010398
4 0.298291 0.532895 0.023395 0.025995
4 0.294392 0.575353 0.011698 0.013864
4 0.653121 0.598749 0.009748 0.005199
4 0.648247 0.622144 0.013647 0.010398
3 0.101867 0.639474 0.203735 0.630809
1 0.419655 0.599615 0.038018 0.055456
3 0.539556 0.685398 0.084808 0.102247
3 0.263198 0.615212 0.009748 0.013864
3 0.284156 0.616079 0.026320 0.043325
3 0.372377 0.631675 0.027295 0.043325
3 0.393822 0.627343 0.017547 0.024262
3 0.603893 0.655937 0.010723 0.022529
3 0.630701 0.660270 0.031194 0.041592
3 0.712585 0.678466 0.042892 0.046791
3 0.669693 0.671534 0.046791 0.053723
3 0.856759 0.681932 0.061413 0.057189
3 0.905499 0.703595 0.114053 0.090116
3 0.959113 0.720058 0.078959 0.088383
3 0.902938 0.856044 0.193012 0.279012
3 0.418193 0.664891 0.062388 0.083184
3 0.330947 0.640629 0.065312 0.093582
