9 0.277696 0.361406 0.006592 0.023437
9 0.369981 0.316875 0.009229 0.032812
9 0.452378 0.374297 0.007910 0.030469
9 0.801084 0.250078 0.014502 0.063281
9 0.365367 0.376640 0.010547 0.021094
9 0.801743 0.382500 0.013184 0.023437
9 0.110264 0.347344 0.014502 0.028125
2 0.469517 0.434062 0.026367 0.060937
2 0.490611 0.435234 0.015820 0.025781
2 0.559165 0.441093 0.013184 0.028125
2 0.549278 0.444609 0.014502 0.035156
2 0.598716 0.446953 0.026367 0.039844
2 0.520933 0.443437 0.058008 0.084375
2 0.419419 0.441093 0.094922 0.173437
2 0.237486 0.455156 0.126562 0.145312
2 0.883481 0.552421 0.232031 0.250781
