9 0.403605 0.665433 0.005979 0.025512
9 0.307338 0.661181 0.007175 0.021260
9 0.407790 0.666496 0.007175 0.023386
9 0.398821 0.667559 0.008371 0.021260
9 0.311523 0.661181 0.005979 0.021260
2 0.220039 0.785764 0.074144 0.148819
2 0.326711 0.753874 0.023917 0.034016
2 0.393679 0.754937 0.023917 0.036142
2 0.419988 0.777260 0.031093 0.063780
2 0.431349 0.779386 0.025113 0.093543
2 0.481217 0.778323 0.107628 0.172205
2 0.518289 0.811276 0.129154 0.187087
2 0.642778 0.863150 0.217648 0.270000
2 0.143504 0.818504 0.167421 0.206221
2 0.357564 0.782362 0.064577 0.091417
2 0.835477 0.851244 0.326472 0.289134
