2 0.322496 0.425951 0.006829 0.019424
2 0.261718 0.472084 0.005463 0.024281
2 0.538289 0.434449 0.009560 0.031565
2 0.457708 0.447804 0.006829 0.024281
4 0.969194 0.362821 0.049168 0.087410
4 0.303375 0.434449 0.025950 0.016996
4 0.738377 0.504863 0.016389 0.046133
4 0.831250 0.506077 0.019121 0.043705
4 0.873589 0.489081 0.010926 0.024281
4 0.558776 0.462372 0.012292 0.019424
4 0.538972 0.478154 0.013658 0.021853
3 0.280156 0.540070 0.031413 0.072842
3 0.478195 0.540070 0.020487 0.063130
3 0.521217 0.540070 0.081947 0.111691
3 0.766375 0.518217 0.042339 0.033993
3 0.865395 0.526715 0.054631 0.046133
3 0.765009 0.589845 0.140676 0.118975
3 0.901588 0.623838 0.192575 0.191817
3 0.617505 0.570421 0.162528 0.196673
3 0.373712 0.601985 0.226720 0.342356
3 0.167991 0.532150 0.032779 0.026709
3 0.236963 0.527294 0.017755 0.016996
