7 0.305158 0.422113 0.034893 0.065024
2 0.295976 0.436941 0.023874 0.042443
7 0.275009 0.421161 0.024792 0.076723
7 0.178289 0.421161 0.029077 0.122430
7 0.124726 0.417352 0.103760 0.159976
7 0.044367 0.415990 0.087232 0.215478
7 0.231153 0.421977 0.082641 0.128960
9 0.565847 0.150998 0.013773 0.057134
9 0.375862 0.370284 0.007346 0.021221
9 0.463552 0.364571 0.006428 0.019589
9 0.470898 0.364571 0.008264 0.019589
9 0.520023 0.376814 0.007346 0.027751
9 0.404786 0.397219 0.008264 0.019589
7 0.472035 0.429206 0.021119 0.031016
2 0.488498 0.436995 0.014692 0.025139
2 0.442586 0.430792 0.009182 0.017956
2 0.417978 0.432098 0.008815 0.017303
7 0.378769 0.426711 0.013773 0.029383
7 0.351682 0.422630 0.038566 0.037545
2 0.393369 0.428507 0.018365 0.031016
2 0.457186 0.430955 0.008264 0.016324
7 0.428721 0.426874 0.011937 0.034281
2 0.450916 0.433754 0.013773 0.019589
2 0.406382 0.429673 0.009182 0.024486
9 0.821815 0.346886 0.017446 0.034281
