4 0.144162 0.349335 0.040402 0.024486
4 0.418942 0.406877 0.013773 0.029383
4 0.452916 0.419120 0.010101 0.014692
4 0.493777 0.472990 0.011019 0.032648
4 0.472199 0.445239 0.011937 0.032648
4 0.547953 0.435444 0.025710 0.042443
4 0.541984 0.469725 0.008264 0.016324
4 0.394150 0.458298 0.006428 0.013059
2 0.082641 0.409326 0.011019 0.037545
2 0.388640 0.411775 0.006428 0.029383
2 0.135898 0.489559 0.007346 0.037545
2 0.397134 0.413162 0.006428 0.031016
2 0.441209 0.409081 0.006428 0.032648
2 0.212754 0.342152 0.013773 0.058767
2 0.384921 0.474214 0.005509 0.021221
2 0.316054 0.427690 0.009182 0.032648
3 0.356732 0.556651 0.018365 0.039178
3 0.414580 0.619498 0.152426 0.223640
3 0.041724 0.588108 0.082256 0.078414
