3 0.015679 0.732918 0.030890 0.112881
3 0.915774 0.606308 0.161314 0.222712
3 0.061156 0.721478 0.066928 0.068644
3 0.116500 0.699359 0.066070 0.061017
3 0.164122 0.684867 0.042903 0.053390
3 0.197157 0.674952 0.038612 0.042712
3 0.220324 0.670376 0.028316 0.039661
3 0.240059 0.661986 0.021451 0.028983
3 0.784063 0.589528 0.194778 0.201356
3 0.675091 0.605545 0.074650 0.114407
3 0.625324 0.602495 0.057489 0.090000
3 0.590573 0.562071 0.061780 0.024407
3 0.521071 0.592579 0.015445 0.042712
3 0.509058 0.594867 0.020593 0.035085
3 0.497903 0.592579 0.024025 0.036610
3 0.471304 0.589528 0.006864 0.018305
3 0.476023 0.593342 0.009439 0.025932
3 0.562257 0.615461 0.078941 0.100678
3 0.414243 0.623851 0.055773 0.071695
3 0.340451 0.627664 0.030032 0.054915
3 0.305700 0.631478 0.030890 0.047288
3 0.275239 0.645969 0.026600 0.048814
3 0.441701 0.605545 0.014587 0.038136
1 0.374773 0.605545 0.023167 0.056441
1 0.409524 0.581901 0.018877 0.024407
3 0.452428 0.595906 0.013408 0.030337
2 0.352478 0.574598 0.006094 0.023836
2 0.440239 0.562680 0.006094 0.021669
