9 0.396982 0.325781 0.005273 0.023437
9 0.258554 0.300781 0.006152 0.029687
9 0.262509 0.303906 0.005273 0.026562
9 0.401376 0.326562 0.005273 0.021875
9 0.468173 0.379687 0.008789 0.018750
9 0.318759 0.356250 0.005273 0.018750
2 0.319638 0.390625 0.015820 0.025000
7 0.290195 0.381250 0.029004 0.062500
2 0.302499 0.400000 0.025488 0.028125
2 0.272177 0.395312 0.007031 0.015625
2 0.263388 0.398437 0.017578 0.028125
2 0.196591 0.403125 0.017578 0.056250
2 0.168466 0.403125 0.056250 0.062500
2 0.071786 0.393750 0.075586 0.081250
7 0.350839 0.371875 0.030762 0.031250
2 0.362704 0.411719 0.017578 0.060937
7 0.378085 0.380469 0.014941 0.029687
2 0.377648 0.406250 0.010543 0.025000
7 0.401376 0.401562 0.036914 0.090625
2 0.434335 0.425781 0.025488 0.032812
2 0.458945 0.429687 0.034277 0.040625
2 0.514316 0.448437 0.099316 0.131250
2 0.613632 0.461719 0.155566 0.195312
2 0.781611 0.555469 0.290918 0.279687
2 0.916523 0.626562 0.165234 0.365625
