2 0.475271 0.266588 0.010797 0.055450
2 0.634224 0.254858 0.011996 0.040521
2 0.045799 0.138626 0.025193 0.098104
2 0.292326 0.377488 0.009597 0.029858
2 0.142370 0.424407 0.007198 0.029858
2 0.075190 0.149289 0.026392 0.098104
2 0.643821 0.261256 0.007198 0.044787
2 0.902944 0.150355 0.016795 0.057583
2 0.888549 0.154621 0.016795 0.057583
4 0.541252 0.238862 0.058783 0.025592
4 0.985411 0.165284 0.028173 0.031991
3 0.408691 0.434004 0.016795 0.019194
3 0.357706 0.442535 0.015595 0.019194
3 0.340911 0.444668 0.017995 0.019194
3 0.322917 0.455331 0.017995 0.019194
3 0.294125 0.460663 0.017995 0.017062
3 0.275531 0.469194 0.028791 0.025592
3 0.247939 0.476658 0.026392 0.027725
3 0.227545 0.486256 0.031191 0.034123
3 0.196354 0.490521 0.023993 0.025592
3 0.174761 0.491587 0.033590 0.031990
3 0.529255 0.414810 0.029991 0.036256
3 0.508262 0.430805 0.021594 0.042654
3 0.465074 0.444668 0.086374 0.130095
3 0.636623 0.387085 0.007198 0.023460
3 0.649820 0.392417 0.009597 0.021327
3 0.658217 0.390284 0.007198 0.029858
7 0.688208 0.379621 0.047986 0.063981
