2 0.380165 0.302264 0.011462 0.035660
2 0.409538 0.368491 0.007164 0.025472
2 0.497654 0.324340 0.008597 0.025472
2 0.506967 0.381227 0.012895 0.030566
2 0.158084 0.388868 0.020059 0.030566
4 0.419908 0.304569 0.015761 0.010189
4 0.417759 0.314758 0.022925 0.010189
4 0.332508 0.344050 0.018626 0.012736
3 0.438432 0.413915 0.008597 0.020377
3 0.449894 0.419010 0.020059 0.035660
3 0.366793 0.406274 0.014328 0.020377
3 0.387568 0.410095 0.021492 0.022925
3 0.421955 0.416463 0.018626 0.020377
3 0.471386 0.427925 0.028656 0.043302
3 0.540876 0.452123 0.078803 0.086604
3 0.679856 0.513255 0.167636 0.193585
3 0.947575 0.606894 0.100902 0.278351
