9 0.167180 0.335334 0.018521 0.039859
9 0.192037 0.337067 0.025345 0.039859
9 0.358729 0.199294 0.015597 0.048524
9 0.382612 0.201027 0.010723 0.048524
9 0.895361 0.150770 0.016572 0.069320
9 0.921193 0.320603 0.017547 0.038126
9 0.898285 0.320603 0.024370 0.045058
9 0.373839 0.324936 0.008773 0.036393
9 0.374814 0.399455 0.010723 0.022529
9 0.649222 0.296342 0.007798 0.038126
9 0.694063 0.389923 0.011698 0.024262
9 0.659945 0.294609 0.007798 0.031194
9 0.641424 0.295475 0.007798 0.032927
2 0.086388 0.658452 0.172307 0.429611
2 0.503976 0.444512 0.017547 0.022529
2 0.519573 0.441046 0.009748 0.019063
2 0.530783 0.441913 0.006824 0.017330
2 0.568800 0.439313 0.014622 0.019063
2 0.559540 0.436714 0.007798 0.020796
2 0.546867 0.435847 0.009748 0.012131
