9 0.720005 0.536484 0.036914 0.096094
9 0.663975 0.579375 0.038232 0.201562
9 0.546641 0.571640 0.038232 0.166406
4 0.438535 0.432187 0.035596 0.084375
2 0.227598 0.448828 0.003955 0.025781
2 0.150474 0.493359 0.010547 0.016406
3 0.222325 0.534375 0.011865 0.023437
3 0.237486 0.536718 0.015820 0.028125
3 0.158384 0.540234 0.018457 0.035156
3 0.142564 0.537890 0.013184 0.039844
3 0.124766 0.543750 0.025049 0.046875
3 0.092466 0.539062 0.042187 0.056250
3 0.053575 0.544922 0.035596 0.053906
3 0.018638 0.535547 0.036914 0.082031
7 0.365367 0.473437 0.081738 0.084375
3 0.352842 0.696093 0.352002 0.431250
9 0.196617 0.525468 0.007910 0.023437
2 0.234190 0.449297 0.003955 0.030469
