4 0.660920 0.291143 0.109178 0.169833
4 0.562464 0.330135 0.033143 0.060655
4 0.561977 0.385591 0.020471 0.039859
4 0.411856 0.328402 0.063363 0.057189
4 0.351418 0.315404 0.057514 0.083184
3 0.424041 0.429782 0.015597 0.020796
4 0.456697 0.406387 0.010723 0.022529
4 0.465958 0.412452 0.007798 0.024262
3 0.450361 0.446245 0.038992 0.053723
3 0.409907 0.427182 0.010723 0.022529
3 0.387486 0.444512 0.038018 0.060655
3 0.358242 0.427182 0.024370 0.019063
3 0.290005 0.432381 0.026320 0.053723
4 0.296829 0.381258 0.012673 0.020796
3 0.314376 0.447978 0.047766 0.071053
3 0.348981 0.471374 0.068237 0.076252
3 0.245164 0.415052 0.014622 0.019063
3 0.198861 0.408986 0.019496 0.027728
3 0.212996 0.415918 0.022421 0.017330
3 0.123801 0.413319 0.037043 0.029461
3 0.045329 0.412452 0.045816 0.024262
3 0.200323 0.452311 0.038018 0.058922
3 0.238341 0.463575 0.069211 0.074519
3 0.061413 0.512966 0.122826 0.201027
3 0.677491 0.395122 0.017547 0.020796
4 0.850520 0.229621 0.145246 0.251284
3 0.801779 0.426316 0.067262 0.069320
3 0.956446 0.474840 0.086102 0.086650
