2 0.426166 0.312478 0.003928 0.020948
2 0.444496 0.313642 0.006546 0.018621
2 0.483119 0.313642 0.005237 0.018621
2 0.418965 0.313642 0.005237 0.018621
2 0.452352 0.315970 0.003928 0.018621
2 0.489011 0.314806 0.003928 0.020948
2 0.389507 0.313642 0.003928 0.023276
3 0.197045 0.436190 0.077247 0.093103
3 0.348265 0.410237 0.018330 0.048879
3 0.327317 0.409073 0.034041 0.037241
3 0.298513 0.386961 0.020948 0.020948
3 0.403254 0.362715 0.013093 0.016293
3 0.953583 0.667241 0.089030 0.307241
3 0.519779 0.401509 0.018330 0.032586
3 0.544000 0.422457 0.040587 0.060517
3 0.595716 0.441077 0.094267 0.130345
3 0.238287 0.450388 0.094267 0.097759
3 0.434677 0.548146 0.227812 0.358448
