2 0.298740 0.488906 0.087012 0.145312
2 0.686074 0.589687 0.290039 0.290625
2 0.726943 0.442031 0.047461 0.028125
2 0.841113 0.473437 0.085693 0.077344
2 0.928058 0.489843 0.043638 0.056250
2 0.858251 0.689062 0.280810 0.297656
2 0.055298 0.624780 0.110596 0.253125
2 0.369231 0.604687 0.229576 0.366562
9 0.521147 0.157031 0.011865 0.060937
9 0.135791 0.372890 0.018457 0.032344
9 0.291753 0.211406 0.011865 0.051562
9 0.270659 0.209062 0.014502 0.051562
9 0.283447 0.209765 0.007910 0.058594
9 0.535649 0.160547 0.011865 0.058594
9 0.505327 0.160547 0.017139 0.058594
9 0.762011 0.350390 0.019512 0.039844
9 0.735117 0.352734 0.023730 0.039844
9 0.582187 0.386484 0.021094 0.028594
5 0.374546 0.415078 0.043506 0.039844
