4 0.841259 0.340533 0.050690 0.105712
4 0.766199 0.388190 0.015597 0.045058
4 0.591708 0.443646 0.011698 0.020796
4 0.472782 0.406387 0.015597 0.029461
4 0.510312 0.460109 0.028269 0.025995
4 0.785695 0.458376 0.021446 0.022529
3 0.253450 0.545892 0.152070 0.159435
3 0.099918 0.561489 0.162793 0.138639
3 0.192746 0.516432 0.034145 0.038126
3 0.338746 0.514699 0.036068 0.051990
3 0.411856 0.512966 0.039967 0.048524
3 0.380662 0.504301 0.020471 0.031194
3 0.437689 0.506900 0.017547 0.025995
3 0.449386 0.499968 0.011698 0.019063
3 0.482530 0.501701 0.013647 0.029461
3 0.467420 0.493903 0.010723 0.017330
3 0.565389 0.504301 0.035093 0.041592
3 0.599507 0.495636 0.031194 0.041592
3 0.518598 0.507767 0.054589 0.090116
3 0.677491 0.522497 0.126725 0.171566
1 0.387974 0.479172 0.023395 0.029461
