9 0.462646 0.547489 0.011701 0.049923
9 0.008073 0.568290 0.012871 0.041602
9 0.290645 0.688937 0.009361 0.024961
9 0.447435 0.547489 0.014041 0.049923
2 0.550401 0.769022 0.016381 0.022881
2 0.538700 0.771102 0.014041 0.039522
2 0.620020 0.772142 0.010531 0.020801
2 0.657462 0.778383 0.010531 0.029122
2 0.423448 0.767982 0.012871 0.024961
2 0.400632 0.769022 0.016381 0.027042
2 0.381911 0.772142 0.032762 0.037442
2 0.345054 0.779423 0.036272 0.052003
2 0.364360 0.738860 0.039782 0.037442
2 0.312292 0.762782 0.036272 0.052003
2 0.281285 0.769022 0.042123 0.047843
2 0.108700 0.775263 0.101796 0.072804
2 0.852981 0.745101 0.292518 0.220493
7 0.502691 0.754640 0.065524 0.114407
7 0.212514 0.733838 0.102966 0.139368
2 0.588740 0.772073 0.012871 0.018721
2 0.569434 0.776233 0.023401 0.031202
2 0.671815 0.786634 0.026912 0.035362
2 0.630863 0.782474 0.026912 0.031202
