9 0.623074 0.274839 0.015846 0.058507
9 0.421346 0.168660 0.019502 0.071509
9 0.443286 0.174077 0.017065 0.069342
9 0.637091 0.278090 0.012189 0.052006
9 0.766294 0.418940 0.021940 0.034671
9 0.930236 0.308427 0.059726 0.060674
9 0.581631 0.470947 0.008532 0.021669
9 0.613322 0.495866 0.008532 0.019502
9 0.405500 0.439526 0.017065 0.028170
2 0.573099 0.530537 0.013408 0.028170
2 0.558472 0.529454 0.015846 0.034671
2 0.542017 0.524037 0.014627 0.036838
2 0.527390 0.529454 0.017065 0.043339
2 0.503012 0.533788 0.046318 0.052006
2 0.631606 0.525120 0.030472 0.034671
2 0.679689 0.519974 0.048630 0.076385
2 0.978383 0.527287 0.039005 0.095345
9 0.124235 0.341834 0.033932 0.058243
