3 0.716874 0.225855 0.009182 0.024486
3 0.726056 0.234017 0.014692 0.024486
3 0.737534 0.235650 0.021119 0.021221
3 0.674198 0.217110 0.010101 0.026119
3 0.695667 0.239964 0.040184 0.052237
3 0.633796 0.242412 0.028465 0.044075
3 0.768787 0.244045 0.040861 0.052237
4 0.767311 0.103425 0.037647 0.017956
2 0.723856 0.103607 0.008264 0.029383
4 0.578317 0.124012 0.020201 0.031016
9 0.896134 0.244045 0.009182 0.066929
9 0.816248 0.242412 0.011019 0.060399
9 0.794669 0.249758 0.010101 0.048972
4 0.702387 0.176300 0.012855 0.013059
4 0.519091 0.112585 0.013773 0.017956
4 0.520469 0.159109 0.016528 0.029383
4 0.639138 0.159279 0.010101 0.035913
2 0.576239 0.176963 0.009182 0.021221
