2 0.357402 0.283305 0.020183 0.062791
2 0.708077 0.420099 0.015137 0.049336
2 0.880260 0.486254 0.013876 0.051578
2 0.015147 0.086305 0.028572 0.083037
2 0.474714 0.518023 0.007569 0.017940
2 0.548507 0.532599 0.006307 0.020183
4 0.083674 0.209302 0.088299 0.130066
4 0.011793 0.166342 0.020143 0.041070
4 0.335327 0.313580 0.029013 0.033638
4 0.317667 0.401412 0.023967 0.017940
4 0.223692 0.348712 0.030274 0.024668
4 0.872692 0.516902 0.026490 0.020183
4 0.407859 0.437292 0.015137 0.071761
9 0.040786 0.503446 0.027751 0.159219
9 0.420473 0.562873 0.010091 0.031395
9 0.341634 0.553903 0.011353 0.053821
9 0.393983 0.559510 0.007569 0.033638
9 0.381369 0.558388 0.007569 0.035880
3 0.457054 0.595390 0.088299 0.132309
3 0.518233 0.594269 0.049195 0.071761
3 0.019762 0.488123 0.039524 0.103156
3 0.258381 0.550166 0.165246 0.201827
3 0.737089 0.668272 0.285081 0.354319
