4 0.760229 0.108676 0.062826 0.105233
4 0.763644 0.174647 0.025950 0.031565
4 0.555362 0.245061 0.013658 0.021853
4 0.553996 0.272983 0.010926 0.033993
4 0.526680 0.303334 0.010926 0.021853
2 0.493901 0.280267 0.010926 0.019424
2 0.398297 0.282695 0.010926 0.019424
2 0.449303 0.298867 0.004518 0.017775
1 0.152712 0.440519 0.305423 0.403058
9 0.646869 0.322758 0.019121 0.036421
9 0.617505 0.319116 0.015024 0.024281
3 0.517803 0.345825 0.023218 0.038849
3 0.521900 0.348253 0.015024 0.033993
3 0.541021 0.330043 0.025950 0.031565
3 0.534192 0.354323 0.031413 0.036421
3 0.554679 0.366464 0.028681 0.070414
3 0.575848 0.365250 0.043705 0.092266
3 0.600433 0.382246 0.062826 0.101978
3 0.648235 0.396814 0.095605 0.121403
3 0.720621 0.433235 0.142041 0.179676
3 0.782765 0.321544 0.015024 0.019424
3 0.816226 0.315474 0.021853 0.016996
3 0.799837 0.328829 0.027316 0.033993
3 0.864029 0.483010 0.270425 0.454047
3 0.426978 0.340969 0.019121 0.033993
3 0.405808 0.347039 0.031413 0.046133
3 0.373030 0.368892 0.034145 0.080126
3 0.329325 0.401670 0.096971 0.145684
0 0.470000 0.355537 0.020487 0.092266
5 0.468634 0.374962 0.015024 0.067986
9 0.454294 0.338541 0.010926 0.038849
4 0.378829 0.283347 0.018019 0.006102
