2 0.051157 0.778952 0.101952 0.299384
2 0.994823 0.598075 0.009347 0.081776
2 0.957015 0.555108 0.084981 0.103953
2 0.013254 0.586293 0.021830 0.052669
7 0.056524 0.564829 0.113049 0.095597
2 0.339925 0.594610 0.115388 0.166324
2 0.729358 0.589759 0.137997 0.209292
2 0.418670 0.562731 0.053016 0.077618
2 0.832272 0.547484 0.091219 0.113655
7 0.824475 0.479569 0.058473 0.036037
2 0.658411 0.548870 0.019491 0.060986
2 0.913745 0.545405 0.032745 0.065144
2 0.893474 0.546098 0.024949 0.072074
9 0.079914 0.291761 0.025728 0.095637
9 0.063541 0.412346 0.033525 0.056827
9 0.108761 0.413732 0.027288 0.056827
9 0.836560 0.419276 0.007796 0.020791
9 0.697393 0.421355 0.008576 0.027721
9 0.689207 0.425513 0.006237 0.024949
9 0.828373 0.419276 0.007017 0.023563
9 0.934405 0.437988 0.007017 0.027721
2 0.280672 0.543326 0.032745 0.047125
2 0.532498 0.547484 0.021830 0.024949
2 0.543803 0.544712 0.008576 0.019405
7 0.592141 0.523229 0.052236 0.076232
2 0.557447 0.544019 0.010915 0.015246
2 0.640089 0.543326 0.026508 0.058214
