9 0.274862 0.596643 0.008497 0.022657
9 0.385847 0.599475 0.005310 0.020769
9 0.390096 0.623077 0.005310 0.015105
9 0.381068 0.630629 0.004248 0.015105
2 0.244593 0.688217 0.039296 0.047203
2 0.215917 0.691993 0.024427 0.039650
2 0.120863 0.682552 0.091337 0.134056
2 0.051298 0.693881 0.100896 0.160489
7 0.326372 0.684440 0.111517 0.194475
7 0.501612 0.671224 0.081779 0.160489
9 0.455412 0.660839 0.008497 0.015105
9 0.192552 0.577762 0.009559 0.030210
9 0.180869 0.633461 0.011683 0.020769
9 0.218041 0.646678 0.009559 0.013217
