3 0.557232 0.461399 0.017660 0.026910
3 0.532950 0.460278 0.013876 0.017940
3 0.503937 0.460278 0.026490 0.022425
3 0.483124 0.460278 0.022706 0.022425
3 0.467356 0.458035 0.018921 0.022425
3 0.457265 0.459157 0.016398 0.024668
3 0.444020 0.460278 0.017660 0.026910
3 0.432036 0.463642 0.016398 0.029153
3 0.412484 0.464763 0.032797 0.035880
3 0.403654 0.472612 0.027751 0.033638
3 0.386625 0.478218 0.013876 0.022425
3 0.366442 0.470369 0.036581 0.051578
3 0.317247 0.471491 0.013876 0.017940
3 0.335538 0.481582 0.040365 0.047093
3 0.284450 0.488309 0.044150 0.051578
3 0.294541 0.495037 0.054241 0.051578
3 0.176599 0.496158 0.070639 0.067276
3 0.232732 0.495037 0.066855 0.065033
2 0.018291 0.442338 0.016398 0.022425
2 0.548717 0.068958 0.025228 0.109884
2 0.509613 0.292089 0.012614 0.047093
2 0.330492 0.278073 0.015137 0.049336
2 0.309048 0.025789 0.030274 0.051578
2 0.139387 0.265739 0.016398 0.060548
2 0.119204 0.263496 0.016398 0.060548
2 0.014506 0.257890 0.016398 0.062791
4 0.283189 0.354319 0.051718 0.067276
4 0.323554 0.434489 0.018921 0.051578
4 0.549979 0.326848 0.068117 0.047093
4 0.551240 0.360486 0.055502 0.029153
4 0.528729 0.425951 0.017755 0.029137
