9 0.409746 0.323437 0.028477 0.013125
9 0.373359 0.380625 0.010547 0.015000
9 0.289512 0.441562 0.007383 0.020625
9 0.607500 0.415312 0.008437 0.016875
9 0.198281 0.439687 0.014766 0.020625
9 0.160840 0.416250 0.011602 0.037500
9 0.649687 0.399375 0.014766 0.026250
9 0.664453 0.402187 0.008437 0.031875
9 0.645469 0.366562 0.010547 0.031875
2 0.230449 0.541875 0.138164 0.172500
2 0.401836 0.558750 0.162422 0.255000
2 0.606972 0.524062 0.117070 0.159375
7 0.425039 0.446250 0.097031 0.086250
2 0.108633 0.573750 0.217266 0.266250
2 0.029531 0.685312 0.059062 0.196875
