9 0.036914 0.492500 0.008437 0.015000
9 0.059590 0.487812 0.009492 0.016875
3 0.037441 0.523823 0.072773 0.050147
9 0.013711 0.520625 0.023203 0.086250
9 0.052734 0.527187 0.021094 0.088125
9 0.100723 0.494062 0.013711 0.020625
9 0.118125 0.506250 0.012656 0.037500
3 0.092812 0.523125 0.037969 0.033750
4 0.011074 0.332812 0.020039 0.024375
4 0.050625 0.329375 0.031641 0.033750
2 0.130781 0.335000 0.008437 0.037500
2 0.152284 0.335659 0.013475 0.038818
2 0.140273 0.335937 0.010547 0.043125
2 0.135527 0.395000 0.009492 0.030000
2 0.204082 0.404375 0.007383 0.033750
2 0.198281 0.466250 0.012656 0.022500
2 0.198281 0.436966 0.008437 0.016431
3 0.232031 0.524375 0.029531 0.063750
3 0.165586 0.545937 0.137109 0.140625
3 0.339082 0.508750 0.022148 0.037500
3 0.329062 0.513437 0.021094 0.028125
3 0.313242 0.514375 0.018984 0.033750
3 0.283711 0.524375 0.063281 0.086250
3 0.352266 0.515625 0.023203 0.037500
3 0.369140 0.515625 0.027422 0.048750
2 0.377578 0.466562 0.008437 0.020625
3 0.428730 0.515625 0.009492 0.018750
3 0.438750 0.515625 0.012656 0.018750
3 0.400781 0.524062 0.054844 0.084375
3 0.464590 0.494375 0.045352 0.093750
3 0.538418 0.524375 0.108633 0.086250
9 0.572168 0.508750 0.011602 0.030000
2 0.544219 0.376250 0.008437 0.037500
2 0.536836 0.372187 0.006328 0.035625
2 0.551074 0.375937 0.007383 0.031875
4 0.619453 0.400625 0.035859 0.018750
2 0.641601 0.473750 0.012656 0.022500
9 0.648105 0.536562 0.022148 0.084375
2 0.699258 0.315625 0.014766 0.056250
2 0.727381 0.350865 0.016169 0.042980
2 0.720879 0.428750 0.020039 0.037500
4 0.704531 0.242187 0.031641 0.065625
3 0.725097 0.545000 0.157148 0.172500
3 0.862207 0.595625 0.222539 0.206250
3 0.972949 0.655625 0.051680 0.236250
