9 0.346474 0.361062 0.009356 0.031879
9 0.565113 0.340965 0.010135 0.033265
9 0.230594 0.450066 0.018711 0.024949
9 0.638725 0.288989 0.010135 0.036037
9 0.653928 0.425513 0.015593 0.020791
2 0.626640 0.490657 0.088100 0.073460
2 0.578692 0.486499 0.014034 0.037423
2 0.377154 0.500359 0.050677 0.059600
2 0.333493 0.492043 0.019491 0.031879
2 0.255919 0.480262 0.029627 0.030493
2 0.299189 0.510754 0.088100 0.097023
2 0.157586 0.638963 0.314197 0.413039
2 0.522947 0.517685 0.119286 0.198203
7 0.439642 0.449769 0.092778 0.195431
2 0.531317 0.400762 0.049433 0.033657
