3 0.482500 0.221373 0.008608 0.013602
3 0.471501 0.223923 0.011477 0.011902
3 0.457634 0.224773 0.014346 0.017003
3 0.449504 0.227324 0.009564 0.011902
3 0.436115 0.229024 0.011477 0.015302
3 0.400250 0.230724 0.029648 0.022103
3 0.376340 0.234125 0.016259 0.025504
3 0.358647 0.234125 0.032517 0.028904
3 0.305567 0.240926 0.041125 0.035705
3 0.239098 0.242626 0.091814 0.062909
3 0.512148 0.245176 0.041125 0.061209
3 0.595832 0.236675 0.047820 0.071411
7 0.583399 0.210491 0.030605 0.057809
7 0.543709 0.213042 0.027735 0.052708
4 0.523625 0.157783 0.018171 0.044207
4 0.549926 0.160334 0.019128 0.022103
4 0.468632 0.184987 0.007651 0.006801
4 0.471980 0.195189 0.014346 0.013602
4 0.488716 0.192639 0.017215 0.022103
