2 0.479508 0.390790 0.014622 0.036393
2 0.490231 0.393389 0.008773 0.031194
2 0.498029 0.395989 0.014622 0.039859
2 0.514601 0.401188 0.034118 0.060655
2 0.640839 0.430648 0.058488 0.102247
2 0.674470 0.452311 0.069211 0.135173
2 0.568216 0.428915 0.104304 0.154236
2 0.408347 0.433248 0.156944 0.239153
2 0.317202 0.381258 0.023395 0.038126
2 0.335236 0.401188 0.032169 0.077985
2 0.264563 0.429782 0.134523 0.152503
2 0.164645 0.393389 0.063363 0.051990
2 0.086660 0.371727 0.110153 0.126508
2 0.088525 0.503434 0.177049 0.414185
2 0.835654 0.501268 0.326561 0.607414
9 0.328145 0.238163 0.009748 0.031194
9 0.487038 0.259825 0.007798 0.015597
9 0.571359 0.331744 0.008773 0.020796
9 0.261370 0.319613 0.006824 0.017330
9 0.244311 0.320480 0.007798 0.015597
9 0.218479 0.287553 0.008773 0.022529
9 0.317422 0.235563 0.009748 0.039859
