3 0.501504 0.612053 0.015820 0.026250
3 0.490430 0.624241 0.025312 0.058125
7 0.573373 0.606161 0.018231 0.071250
7 0.537890 0.570536 0.063281 0.097500
7 0.838778 0.542411 0.320625 0.626250
3 0.339082 0.577098 0.133945 0.196875
3 0.280019 0.678080 0.155039 0.200625
3 0.427148 0.665223 0.151875 0.298125
3 0.532090 0.633348 0.066445 0.084375
9 0.194590 0.653973 0.024258 0.114375
9 0.171387 0.637098 0.022148 0.136875
9 0.152402 0.646473 0.034805 0.155625
9 0.091230 0.642723 0.024258 0.148125
9 0.072773 0.688660 0.044297 0.251250
2 0.008965 0.443036 0.017930 0.082500
4 0.008437 0.278705 0.016875 0.174375
4 0.642606 0.524598 0.010547 0.016875
4 0.644715 0.547098 0.016875 0.031875
4 0.597782 0.560223 0.011602 0.020625
4 0.603055 0.582723 0.009492 0.016875
9 0.590399 0.621160 0.009492 0.022500
9 0.598309 0.623035 0.008437 0.030000
9 0.603055 0.621160 0.007383 0.030000
9 0.619403 0.614598 0.008437 0.035625
9 0.626786 0.623035 0.010547 0.048750
9 0.665282 0.610848 0.009492 0.039375
9 0.680047 0.623973 0.013711 0.069375
9 0.658953 0.621161 0.015820 0.071250
2 0.490430 0.540803 0.006328 0.018750
