2 0.585312 0.586927 0.015302 0.013602
2 0.591529 0.595429 0.027735 0.027204
2 0.519608 0.607330 0.021997 0.030605
2 0.560255 0.579276 0.028692 0.035705
2 0.495698 0.604780 0.033474 0.052708
2 0.442810 0.644736 0.084163 0.105416
2 0.353865 0.636235 0.065035 0.081612
9 0.131982 0.518237 0.015302 0.037406
9 0.603483 0.529289 0.005738 0.018703
9 0.522190 0.529289 0.005738 0.018703
9 0.098987 0.517387 0.023910 0.035705
9 0.961461 0.479981 0.025823 0.039106
9 0.772574 0.151833 0.022953 0.090113
9 0.753924 0.159484 0.012433 0.088413
9 0.792658 0.154383 0.019128 0.091814
