3 0.154248 0.427999 0.048226 0.043548
3 0.043251 0.484476 0.022199 0.031300
3 0.023730 0.483115 0.019903 0.036744
3 0.197116 0.460660 0.018372 0.027218
3 0.388491 0.442969 0.013779 0.021774
3 0.412221 0.445691 0.010717 0.019052
3 0.450496 0.457939 0.024496 0.048992
3 0.296184 0.492414 0.071064 0.085736
3 0.495916 0.475403 0.069660 0.097984
3 0.430848 0.448866 0.016075 0.023135
4 0.648442 0.096623 0.037637 0.084375
4 0.675617 0.193246 0.036872 0.021774
4 0.652652 0.297354 0.041465 0.028579
4 0.607041 0.319809 0.017606 0.019052
4 0.666625 0.414567 0.011233 0.029764
4 0.369098 0.327067 0.017606 0.027218
4 0.382494 0.350202 0.007655 0.010887
4 0.682953 0.328654 0.011482 0.042188
2 0.434526 0.171812 0.008420 0.056477
2 0.425652 0.158501 0.009951 0.035383
4 0.669252 0.447520 0.013155 0.027638
2 0.022953 0.126669 0.017215 0.028904
2 0.170716 0.216782 0.014346 0.028904
