2 0.239637 0.446174 0.043048 0.065816
2 0.233610 0.456888 0.034439 0.059694
2 0.289142 0.432398 0.016358 0.029082
2 0.326595 0.432398 0.010332 0.016837
7 0.353285 0.414031 0.015497 0.029082
2 0.356872 0.431633 0.015497 0.021429
2 0.340944 0.436225 0.023246 0.033673
2 0.309088 0.449235 0.042188 0.059694
2 0.464698 0.446939 0.034439 0.045918
7 0.394959 0.417092 0.036161 0.053571
2 0.401416 0.431633 0.018080 0.036735
2 0.423371 0.446939 0.048214 0.067347
2 0.515064 0.456888 0.059407 0.071939
2 0.605897 0.460714 0.099872 0.104082
9 0.461480 0.329847 0.007749 0.022959
9 0.394171 0.336726 0.006334 0.027569
2 0.268623 0.426276 0.012915 0.026020
7 0.114078 0.424745 0.213521 0.326021
9 0.386537 0.341471 0.005956 0.026471
9 0.292732 0.330883 0.005956 0.021176
