2 0.834436 0.578819 0.214458 0.277279
2 0.609255 0.507767 0.021446 0.031194
2 0.575137 0.505167 0.015597 0.022529
2 0.529321 0.499968 0.037043 0.046791
2 0.584885 0.493036 0.011698 0.029461
7 0.652146 0.502568 0.040942 0.055456
2 0.202273 0.469641 0.063363 0.024262
9 0.646298 0.406387 0.005849 0.022529
9 0.370427 0.398588 0.009748 0.027728
9 0.638987 0.404654 0.008773 0.029461
9 0.726719 0.473107 0.016572 0.017330
2 0.964572 0.569288 0.069211 0.136906
2 0.424041 0.473973 0.023395 0.015597
9 0.278308 0.448845 0.012673 0.017330
