3 0.200258 0.540070 0.398809 0.461331
3 0.383956 0.524287 0.047802 0.148112
3 0.743157 0.530358 0.173455 0.150540
3 0.646186 0.518217 0.086044 0.106835
3 0.592238 0.510933 0.071021 0.082554
3 0.558776 0.498793 0.055997 0.087410
3 0.539655 0.504863 0.015024 0.050989
3 0.525997 0.504863 0.028681 0.050989
3 0.503462 0.495151 0.032779 0.041277
3 0.482975 0.497579 0.021853 0.031565
3 0.474098 0.490295 0.028681 0.036421
3 0.462488 0.492723 0.013658 0.031565
3 0.454977 0.496365 0.012292 0.029137
3 0.448831 0.491509 0.016389 0.024281
3 0.435173 0.490295 0.013658 0.021853
3 0.420832 0.491509 0.012292 0.014568
4 0.471366 0.434449 0.017755 0.012140
4 0.497316 0.446590 0.012292 0.007284
2 0.453611 0.434796 0.004097 0.021853
4 0.731548 0.332471 0.019121 0.026709
4 0.273327 0.322758 0.017755 0.021853
