3 0.337547 0.463277 0.101709 0.092447
4 0.414726 0.422520 0.009941 0.017674
1 0.464572 0.454079 0.114709 0.070695
3 0.572399 0.496224 0.081061 0.097885
3 0.720756 0.487387 0.111650 0.115559
9 0.112797 0.466994 0.015295 0.058459
9 0.097503 0.464275 0.012236 0.053021
9 0.730315 0.489426 0.031354 0.163142
9 0.646960 0.482628 0.023707 0.108761
3 0.008794 0.486707 0.015295 0.067976
4 0.591135 0.187613 0.055825 0.043505
4 0.623253 0.337160 0.029824 0.054381
4 0.624018 0.375906 0.014530 0.023112
7 0.963575 0.445274 0.071120 0.266465
