9 0.064363 0.461158 0.017755 0.021853
9 0.236451 0.314260 0.012292 0.048561
9 0.508925 0.316688 0.010926 0.043705
9 0.588140 0.469656 0.008195 0.019424
9 0.689208 0.446590 0.013658 0.026709
9 0.246695 0.317035 0.010926 0.048561
9 0.224842 0.313393 0.010926 0.046133
9 0.515754 0.320677 0.008195 0.046133
9 0.497999 0.315821 0.010926 0.046133
9 0.672819 0.448150 0.016389 0.029137
9 0.057534 0.458730 0.017755 0.031565
2 0.795057 0.503649 0.015024 0.019424
2 0.767741 0.525501 0.036876 0.048561
2 0.662576 0.514575 0.025950 0.036421
2 0.690574 0.519431 0.054631 0.046133
2 0.702183 0.537642 0.069655 0.058273
2 0.720621 0.537642 0.073752 0.048561
2 0.308155 0.530358 0.016389 0.033993
2 0.301326 0.538856 0.019121 0.041277
2 0.283571 0.542498 0.027316 0.048561
2 0.254889 0.548568 0.046437 0.055845
2 0.415369 0.667543 0.329154 0.390918
2 0.896125 0.490295 0.020487 0.026709
