2 0.197898 0.131087 0.018009 0.065810
2 0.570582 0.182668 0.013006 0.044466
2 0.529061 0.293834 0.008004 0.024901
2 0.465530 0.306285 0.009004 0.017787
2 0.214906 0.130198 0.012006 0.053360
2 0.187393 0.138202 0.011005 0.048024
4 0.271934 0.297391 0.022011 0.039130
4 0.458527 0.280494 0.017008 0.026680
4 0.574084 0.309842 0.014007 0.017787
4 0.812702 0.176443 0.029014 0.142293
4 0.887238 0.127530 0.052026 0.026680
4 0.862226 0.157767 0.044022 0.023123
4 0.972781 0.155099 0.053026 0.142293
2 0.888239 0.224466 0.034017 0.039130
3 0.580587 0.348972 0.025012 0.021344
3 0.530062 0.367648 0.040020 0.058696
3 0.425010 0.380988 0.058029 0.071146
3 0.026813 0.443241 0.052026 0.060474
3 0.108354 0.421897 0.095047 0.074704
3 0.913751 0.410336 0.171085 0.222332
3 0.710151 0.407668 0.204101 0.302372
4 0.680136 0.231581 0.022011 0.017787
3 0.558506 0.338906 0.022412 0.032812
