4 0.387974 0.233954 0.015597 0.031194
4 0.522984 0.235687 0.026320 0.013864
4 0.558077 0.279878 0.014622 0.008665
4 0.561977 0.272080 0.014622 0.010398
4 0.561489 0.240019 0.007798 0.019063
2 0.493740 0.227888 0.006824 0.022529
2 0.487404 0.225289 0.005849 0.024262
2 0.319250 0.214024 0.006824 0.022529
2 0.310476 0.212291 0.004874 0.025995
2 0.230542 0.266881 0.010723 0.013864
2 0.210071 0.272946 0.008773 0.019063
2 0.601456 0.290276 0.013647 0.019063
3 0.377738 0.327535 0.020471 0.031194
3 0.359704 0.324936 0.021446 0.036393
3 0.462546 0.335334 0.014622 0.039859
3 0.489841 0.331868 0.018521 0.025995
3 0.496177 0.342266 0.019496 0.025995
3 0.513236 0.339666 0.016572 0.055456
3 0.463034 0.313672 0.025345 0.051990
3 0.631188 0.366528 0.061413 0.077985
3 0.662869 0.375193 0.076035 0.091849
3 0.329972 0.324936 0.038018 0.046791
3 0.270997 0.333601 0.062388 0.064121
3 0.545405 0.356130 0.073111 0.098781
3 0.419655 0.348331 0.078959 0.135173
1 0.103817 0.295475 0.207634 0.358729
3 0.820301 0.460109 0.357754 0.580552
