4 0.534168 0.055502 0.042239 0.026119
2 0.440050 0.023670 0.015610 0.047340
2 0.604412 0.164873 0.021119 0.078356
2 0.604872 0.238005 0.012855 0.022854
2 0.591098 0.225762 0.011019 0.021221
3 0.173763 0.357660 0.041320 0.037545
3 0.152185 0.360925 0.062440 0.057134
3 0.112701 0.361741 0.073458 0.065296
3 0.060362 0.365822 0.104678 0.066929
3 0.052098 0.375617 0.088150 0.057134
3 0.029263 0.387044 0.058526 0.073458
3 0.007225 0.395042 0.014451 0.055502
3 0.504400 0.323165 0.030302 0.066929
3 0.629279 0.302760 0.021119 0.029383
3 0.305603 0.361527 0.101005 0.124063
3 0.418086 0.350100 0.164363 0.261185
3 0.697228 0.290517 0.052339 0.050605
3 0.991165 0.312883 0.017670 0.084706
