4 0.220050 0.358912 0.037854 0.044864
4 0.446601 0.414992 0.018353 0.034668
3 0.463999 0.452311 0.012618 0.020393
3 0.454248 0.454350 0.013765 0.024471
3 0.416394 0.458429 0.022942 0.028550
3 0.399762 0.458429 0.017206 0.024471
3 0.386570 0.459449 0.022942 0.026511
3 0.264405 0.454350 0.042442 0.048943
3 0.123886 0.461488 0.050472 0.059139
3 0.075708 0.466586 0.064237 0.057100
3 0.539936 0.459449 0.017206 0.030589
3 0.550260 0.458429 0.021795 0.040785
3 0.569761 0.460468 0.033266 0.048943
3 0.587541 0.470665 0.034413 0.048943
3 0.312091 0.465392 0.067678 0.071375
4 0.173866 0.439609 0.016059 0.036707
4 0.904847 0.193667 0.036707 0.050982
4 0.964496 0.252806 0.068826 0.042825
1 0.026233 0.423150 0.052465 0.152946
3 0.906266 0.442671 0.086032 0.063218
