2 0.432263 0.555206 0.060922 0.080847
2 0.331442 0.534613 0.041186 0.054915
2 0.298945 0.526271 0.017161 0.030508
2 0.398050 0.540763 0.009439 0.032034
2 0.469697 0.549915 0.020593 0.050339
2 0.388611 0.528559 0.021451 0.038136
2 0.281784 0.528559 0.017161 0.028983
2 0.369305 0.535424 0.020593 0.027458
2 0.358150 0.528559 0.008581 0.019831
9 0.435804 0.443898 0.009439 0.021356
9 0.238023 0.419491 0.008581 0.015254
9 0.366302 0.506441 0.006006 0.012203
2 0.256471 0.535424 0.023167 0.027458
9 0.494580 0.398898 0.006864 0.025932
9 0.507022 0.472881 0.023167 0.018305
