2 0.141548 0.164309 0.032245 0.136776
2 0.636776 0.287763 0.022981 0.099474
2 0.426528 0.573750 0.012149 0.039079
2 0.508382 0.564868 0.007993 0.024868
2 0.540355 0.603947 0.007993 0.021316
2 0.624786 0.570197 0.008993 0.024868
2 0.667750 0.294868 0.020983 0.085263
2 0.189644 0.195395 0.039967 0.063947
2 0.306048 0.163421 0.042965 0.092368
2 0.089726 0.444967 0.037969 0.072829
4 0.150176 0.361480 0.040966 0.051513
4 0.135189 0.305526 0.072940 0.046184
4 0.376490 0.233586 0.127895 0.065724
4 0.586317 0.584408 0.019984 0.017763
4 0.466416 0.562204 0.019984 0.019539
4 0.120701 0.544441 0.055954 0.058618
9 0.276572 0.643914 0.015987 0.058618
9 0.297555 0.644803 0.017985 0.053289
9 0.263083 0.643026 0.010991 0.056842
3 0.502886 0.643026 0.012989 0.042632
3 0.489397 0.651020 0.017985 0.069276
3 0.454926 0.664342 0.074938 0.127895
3 0.532861 0.643914 0.032973 0.044408
3 0.570331 0.629704 0.019984 0.033750
3 0.583819 0.659013 0.026978 0.046184
3 0.617792 0.662566 0.056953 0.071053
3 0.717709 0.722961 0.154873 0.166974
9 0.089726 0.770921 0.069942 0.326842
2 0.857114 0.070547 0.063281 0.138281
