3 0.101380 0.780713 0.200810 0.434981
3 0.910958 0.787645 0.174491 0.199294
3 0.253937 0.746919 0.201785 0.228755
3 0.807141 0.734788 0.243702 0.266881
3 0.689189 0.709660 0.081884 0.161168
3 0.602919 0.659403 0.028269 0.036393
3 0.533707 0.694930 0.100405 0.162901
3 0.417218 0.680199 0.066287 0.091849
3 0.457672 0.678466 0.024370 0.060655
3 0.469857 0.670668 0.019496 0.041592
2 0.596582 0.550225 0.005849 0.025995
2 0.452311 0.568421 0.003899 0.024262
2 0.591708 0.551091 0.005849 0.027728
9 0.215920 0.614346 0.014622 0.043325
9 0.235903 0.621278 0.013647 0.032927
9 0.296342 0.621278 0.011698 0.019063
4 0.750602 0.551091 0.044841 0.069320
4 0.746215 0.488704 0.024370 0.055456
4 0.631188 0.595283 0.012673 0.025995
