4 0.630357 0.486797 0.013184 0.021094
4 0.650791 0.487968 0.022412 0.018750
4 0.458970 0.589321 0.013184 0.026983
3 0.458970 0.622734 0.010547 0.030469
3 0.466880 0.621562 0.013184 0.032812
3 0.476768 0.622734 0.011865 0.035156
3 0.487974 0.619218 0.021094 0.037500
3 0.395030 0.630937 0.014502 0.023437
3 0.515000 0.626250 0.038232 0.046875
3 0.561802 0.634453 0.058008 0.067969
3 0.350205 0.645000 0.019775 0.023437
3 0.379209 0.637968 0.019775 0.028125
3 0.426011 0.649687 0.044824 0.065625
3 0.935557 0.530156 0.127881 0.126562
3 0.984336 0.749296 0.030322 0.185156
