2 0.465641 0.436225 0.007749 0.012245
2 0.473820 0.447704 0.024107 0.035204
2 0.500080 0.440817 0.016358 0.012245
2 0.504385 0.450000 0.016358 0.018367
2 0.517299 0.463010 0.026690 0.047449
2 0.539254 0.469898 0.046492 0.067347
2 0.441104 0.447704 0.008610 0.013776
2 0.434216 0.447704 0.008610 0.016837
2 0.427328 0.448470 0.008610 0.018367
2 0.420440 0.448470 0.015497 0.027551
2 0.416566 0.455357 0.011193 0.029082
2 0.410109 0.453061 0.013776 0.036735
2 0.402790 0.455357 0.019802 0.041327
2 0.395472 0.459949 0.020663 0.041327
2 0.381553 0.460714 0.019802 0.048980
2 0.369500 0.464541 0.026690 0.056633
2 0.451923 0.447857 0.007749 0.012245
2 0.486620 0.466225 0.034439 0.052041
2 0.621743 0.557799 0.189413 0.269388
2 0.339960 0.467493 0.053380 0.073469
9 0.267116 0.311097 0.011193 0.042857
9 0.249466 0.356250 0.022385 0.029082
9 0.679305 0.179464 0.012054 0.061225
9 0.763250 0.393750 0.019802 0.030612
9 0.665960 0.182653 0.014636 0.061225
9 0.932717 0.103827 0.025829 0.084184
