4 0.668455 0.544650 0.049024 0.062253
4 0.437841 0.454574 0.044022 0.060474
4 0.420608 0.504249 0.044022 0.033794
4 0.409602 0.533597 0.010005 0.021344
4 0.289043 0.549605 0.011005 0.017787
4 0.204101 0.558202 0.010005 0.019565
4 0.178088 0.564427 0.014007 0.021344
4 0.167083 0.519961 0.018009 0.046245
4 0.128564 0.513735 0.021010 0.044466
2 0.297397 0.447332 0.010005 0.033794
2 0.221359 0.458893 0.010005 0.032016
2 0.369933 0.521146 0.009004 0.017787
2 0.242520 0.497668 0.012006 0.021344
2 0.262530 0.494111 0.008004 0.017787
9 0.389369 0.570949 0.017008 0.060474
3 0.351674 0.550050 0.013006 0.017787
3 0.342169 0.560721 0.016008 0.017787
3 0.314155 0.553607 0.020010 0.024901
3 0.302650 0.572283 0.023011 0.033794
3 0.285641 0.566057 0.017008 0.028459
1 0.256127 0.571393 0.052026 0.096047
3 0.225111 0.566057 0.020010 0.035573
3 0.198098 0.576729 0.020010 0.010672
3 0.221609 0.599852 0.019009 0.028459
3 0.203601 0.604299 0.037018 0.048024
3 0.149074 0.606077 0.032016 0.037352
3 0.108053 0.628310 0.048024 0.060474
3 0.083541 0.614081 0.015007 0.021344
3 0.053526 0.650544 0.083041 0.094269
3 0.012506 0.649654 0.025012 0.053360
3 0.542945 0.529743 0.048024 0.048024
