9 0.472569 0.175659 0.007413 0.060033
9 0.218670 0.307438 0.013552 0.036605
9 0.551906 0.354293 0.004658 0.016106
2 0.716359 0.446538 0.014001 0.045390
2 0.584581 0.417986 0.043652 0.073210
2 0.496042 0.440681 0.019767 0.068818
2 0.430153 0.429699 0.052711 0.070282
2 0.400091 0.439949 0.061771 0.076139
2 0.689592 0.443609 0.046123 0.101030
2 0.632762 0.448002 0.075773 0.133243
7 0.699475 0.396755 0.047770 0.036605
7 0.644293 0.376256 0.057653 0.042462
7 0.497689 0.397487 0.032945 0.032213
2 0.542988 0.481679 0.116954 0.168384
2 0.331853 0.446407 0.086724 0.095434
2 0.879515 0.486749 0.168490 0.183051
9 0.233051 0.306818 0.010531 0.031202
