9 0.214522 0.337777 0.023711 0.067666
9 0.498741 0.118139 0.016847 0.052136
9 0.941762 0.407662 0.023087 0.041044
9 0.935238 0.469597 0.018095 0.031060
9 0.203630 0.421713 0.019967 0.034388
2 0.341001 0.528204 0.081740 0.112038
2 0.474947 0.558710 0.087980 0.135333
2 0.654859 0.579324 0.141642 0.164174
2 0.565319 0.476160 0.042430 0.066557
2 0.753974 0.529499 0.063645 0.084306
2 0.468292 0.469227 0.036814 0.031060
2 0.533913 0.438722 0.029951 0.032169
2 0.500530 0.436504 0.025583 0.027732
2 0.461532 0.441495 0.023711 0.017749
2 0.482747 0.414873 0.012479 0.015530
9 0.518833 0.415427 0.008112 0.025514
9 0.467356 0.371056 0.008736 0.023295
9 0.434597 0.400452 0.006864 0.019967
2 0.379312 0.490331 0.034387 0.033113
2 0.394356 0.471227 0.032954 0.035660
2 0.405102 0.458491 0.031521 0.030566
2 0.417281 0.444482 0.018626 0.017830
