9 0.473533 0.315918 0.010332 0.036735
9 0.331473 0.354490 0.009298 0.029388
9 0.440988 0.446633 0.007232 0.020204
9 0.170816 0.438673 0.010332 0.034898
9 0.622653 0.441735 0.008265 0.027551
2 0.190963 0.527449 0.042360 0.056939
2 0.141888 0.565408 0.107449 0.101020
2 0.061129 0.584694 0.122258 0.132245
2 0.055619 0.684184 0.110548 0.244286
2 0.251403 0.559898 0.111582 0.152449
2 0.414298 0.544286 0.045459 0.091837
2 0.428246 0.506633 0.021696 0.042245
7 0.462168 0.493775 0.016531 0.038571
2 0.477149 0.506326 0.013431 0.033061
2 0.486964 0.508163 0.018597 0.029388
2 0.497812 0.509082 0.019630 0.042245
2 0.589592 0.533877 0.061990 0.073469
2 0.647449 0.538469 0.099184 0.115714
2 0.738367 0.558367 0.150842 0.166531
2 0.881977 0.595102 0.233495 0.293877
2 0.452725 0.516514 0.035445 0.063013
2 0.527911 0.532744 0.069815 0.103112
2 0.332965 0.633946 0.208372 0.267327
9 0.395047 0.450637 0.004296 0.022914
