3 0.413339 0.489096 0.027895 0.022041
3 0.374079 0.489096 0.042360 0.036735
3 0.334557 0.500286 0.039260 0.029388
3 0.259136 0.501204 0.059923 0.056939
3 0.158919 0.512224 0.103316 0.093673
3 0.559787 0.591204 0.030995 0.053265
3 0.492114 0.585694 0.106416 0.145102
3 0.624359 0.563653 0.102283 0.141429
3 0.727159 0.586612 0.132245 0.220408
3 0.838224 0.688551 0.317181 0.611633
4 0.771068 0.336816 0.021696 0.047755
4 0.438390 0.404776 0.025829 0.040408
4 0.410494 0.407531 0.027895 0.038571
4 0.384665 0.407531 0.023763 0.038571
4 0.565469 0.486510 0.042360 0.034898
4 0.294264 0.412122 0.051658 0.033061
4 0.328358 0.410286 0.014464 0.025714
7 0.316477 0.462633 0.069222 0.082653
