2 0.356285 0.406128 0.013779 0.029940
2 0.508619 0.405447 0.010717 0.023135
2 0.435263 0.458211 0.007655 0.020413
2 0.506071 0.453448 0.008420 0.019052
4 0.419876 0.460933 0.013013 0.012248
4 0.517095 0.458211 0.017606 0.014970
4 0.539294 0.412621 0.023730 0.016331
3 0.517915 0.494942 0.032151 0.065387
3 0.239273 0.522192 0.117887 0.138811
3 0.356395 0.514027 0.113294 0.179637
3 0.423758 0.501098 0.030620 0.034022
3 0.452847 0.508583 0.024496 0.027218
3 0.479257 0.508583 0.028323 0.021774
3 0.554549 0.526275 0.102577 0.141532
4 0.270604 0.438546 0.015310 0.013609
4 0.756313 0.367099 0.028323 0.072127
4 0.577569 0.446031 0.013013 0.009526
4 0.582545 0.426298 0.009186 0.010887
