4 0.969467 0.195853 0.061066 0.159952
4 0.978655 0.300355 0.042690 0.031991
4 0.147769 0.536019 0.022793 0.046919
3 0.340311 0.592535 0.009597 0.014929
3 0.329515 0.593601 0.011996 0.017062
3 0.314519 0.593601 0.015595 0.025592
3 0.301323 0.596801 0.013196 0.019194
3 0.292926 0.601066 0.022793 0.027725
3 0.279729 0.609597 0.020394 0.031991
3 0.261135 0.609597 0.026392 0.044787
3 0.211575 0.619653 0.080826 0.094756
3 0.361905 0.592535 0.023993 0.040521
3 0.385898 0.591469 0.014396 0.021327
3 0.396095 0.598933 0.010797 0.023460
3 0.403893 0.600000 0.016795 0.025592
3 0.417688 0.603199 0.020394 0.040521
3 0.444680 0.611729 0.045586 0.061848
3 0.753133 0.606398 0.153267 0.098104
3 0.954924 0.814336 0.090151 0.334834
3 0.964068 0.612796 0.071863 0.140758
3 0.896946 0.605331 0.105569 0.087441
