2 0.408932 0.324416 0.014622 0.072786
2 0.390898 0.320084 0.015597 0.074519
2 0.645323 0.540174 0.007798 0.036393
2 0.351418 0.523710 0.004874 0.017330
2 0.417705 0.533242 0.004874 0.022529
4 0.466446 0.544506 0.008773 0.020796
4 0.662382 0.498582 0.018521 0.077985
3 0.380175 0.561836 0.027295 0.038126
3 0.359704 0.560969 0.009748 0.022529
3 0.350931 0.559236 0.011698 0.025995
3 0.342158 0.566168 0.009748 0.019063
3 0.334359 0.567035 0.011698 0.024262
3 0.319250 0.574833 0.018521 0.032927
3 0.224206 0.582632 0.023395 0.051990
3 0.208609 0.583498 0.019496 0.060655
3 0.159381 0.591297 0.090657 0.097048
3 0.272946 0.596496 0.074085 0.090116
3 0.427941 0.575700 0.011698 0.020796
3 0.445975 0.589564 0.012673 0.034660
3 0.453773 0.593896 0.018521 0.032927
3 0.465471 0.605161 0.014622 0.045058
3 0.483505 0.606894 0.019496 0.041592
3 0.494228 0.614692 0.021446 0.046791
3 0.511287 0.621624 0.034118 0.057189
3 0.530783 0.631156 0.041917 0.069320
3 0.563439 0.647619 0.077985 0.095315
