4 0.720011 0.220312 0.027422 0.129375
3 0.021451 0.384375 0.042902 0.033750
3 0.020923 0.405000 0.041847 0.052500
3 0.296027 0.382500 0.031641 0.045000
2 0.452120 0.330000 0.006328 0.022500
2 0.481124 0.350625 0.007383 0.018750
9 0.548097 0.384375 0.008437 0.041250
3 0.559698 0.387187 0.014766 0.028125
3 0.458976 0.387187 0.036914 0.058125
3 0.427335 0.379687 0.017930 0.031875
3 0.409933 0.378750 0.006328 0.022500
3 0.402550 0.379687 0.008437 0.024375
3 0.389894 0.382500 0.021094 0.030000
3 0.375655 0.379687 0.009492 0.024375
3 0.359308 0.381562 0.023203 0.028125
3 0.326085 0.387187 0.034805 0.043125
4 0.531480 0.329765 0.013184 0.030469
