3 0.273726 0.500510 0.016484 0.021429
3 0.231601 0.494388 0.018080 0.015306
3 0.216964 0.494388 0.012915 0.009184
3 0.214812 0.502806 0.012054 0.016837
3 0.268192 0.504337 0.017219 0.022959
3 0.294452 0.502041 0.021524 0.024490
3 0.200606 0.509694 0.023246 0.033673
3 0.088680 0.524235 0.031856 0.062755
3 0.059407 0.509694 0.037022 0.048980
3 0.288425 0.532653 0.033578 0.042857
3 0.173055 0.531123 0.061129 0.097959
3 0.039820 0.548725 0.079640 0.114796
3 0.127854 0.551786 0.092985 0.120918
3 0.246668 0.509694 0.037883 0.030612
3 0.241072 0.586990 0.102455 0.148469
3 0.338361 0.557908 0.083514 0.133163
1 0.444691 0.497449 0.168750 0.284694
4 0.320281 0.472959 0.014636 0.024490
4 0.569101 0.428572 0.018080 0.070408
4 0.266470 0.431633 0.051658 0.030612
4 0.344818 0.419388 0.025829 0.012245
4 0.072752 0.433929 0.070600 0.047449
4 0.051658 0.361225 0.012915 0.027551
2 0.071460 0.370408 0.011193 0.039796
2 0.091263 0.371939 0.006027 0.033673
2 0.262165 0.384184 0.005166 0.027551
2 0.274219 0.384949 0.005166 0.026020
2 0.268623 0.388010 0.007749 0.032143
2 0.085236 0.371174 0.011193 0.035204
4 0.286703 0.387245 0.011193 0.021429
