9 0.500719 0.375675 0.021473 0.050321
9 0.426538 0.308001 0.021473 0.067673
9 0.240599 0.344441 0.012689 0.053792
9 0.225958 0.347043 0.012689 0.058997
9 0.126888 0.377410 0.013665 0.064203
9 0.108831 0.458097 0.012689 0.020823
9 0.121031 0.462435 0.011713 0.029499
9 0.829163 0.452024 0.014641 0.043380
9 0.330396 0.424261 0.014641 0.032969
9 0.312339 0.422525 0.019521 0.036440
9 0.320148 0.470244 0.027330 0.048586
2 0.620774 0.578695 0.105414 0.168316
2 0.822330 0.622943 0.323076 0.315810
2 0.440203 0.590842 0.263536 0.425128
