2 0.350451 0.350667 0.007017 0.013860
2 0.386314 0.351360 0.007017 0.015246
2 0.392941 0.384625 0.006237 0.015246
3 0.063541 0.423434 0.027288 0.037423
3 0.957405 0.471252 0.082642 0.135832
3 0.919592 0.453927 0.044440 0.092864
3 0.746121 0.451848 0.126303 0.138604
3 0.689986 0.436601 0.060812 0.066530
3 0.658800 0.431750 0.053016 0.062372
3 0.621377 0.435908 0.032745 0.045739
3 0.594480 0.431750 0.036643 0.040195
3 0.571090 0.419969 0.044440 0.044353
3 0.494685 0.420662 0.019491 0.037423
3 0.462525 0.423434 0.010915 0.019405
3 0.355713 0.419276 0.018711 0.011088
3 0.395085 0.417197 0.014813 0.012474
3 0.374425 0.418583 0.017152 0.015246
