2 0.267363 0.485625 0.017930 0.018750
2 0.204609 0.491250 0.033750 0.030000
2 0.160312 0.484687 0.050625 0.050625
2 0.335918 0.485625 0.053789 0.090000
2 0.780258 0.526875 0.031641 0.048750
2 0.072773 0.502500 0.145547 0.153750
2 0.447187 0.570000 0.194062 0.326250
5 0.603281 0.494062 0.335391 0.196875
9 0.099668 0.405000 0.015820 0.018750
9 0.118125 0.403125 0.010547 0.026250
9 0.200918 0.059062 0.043242 0.118125
9 0.235195 0.074062 0.029531 0.148125
9 0.455625 0.390000 0.010547 0.030000
9 0.650215 0.296250 0.009492 0.045000
9 0.753574 0.368437 0.009492 0.039375
9 0.636504 0.298125 0.011602 0.041250
9 0.747562 0.453750 0.012656 0.018750
9 0.925804 0.330000 0.010547 0.026250
