4 0.322376 0.453821 0.008597 0.028019
4 0.373240 0.457217 0.010029 0.029717
4 0.375147 0.493561 0.013842 0.032782
4 0.923429 0.477170 0.015761 0.030566
4 0.922713 0.444057 0.014328 0.030566
2 0.461357 0.480566 0.008597 0.033962
2 0.825284 0.466557 0.008597 0.028019
2 0.740033 0.434717 0.010029 0.040755
2 0.690602 0.438538 0.011462 0.033113
2 0.580278 0.440236 0.008597 0.038208
2 0.525832 0.441510 0.008597 0.030566
4 0.544458 0.473349 0.014328 0.028019
3 0.487624 0.604953 0.086922 0.109528
3 0.406911 0.559953 0.057311 0.038208
3 0.238559 0.573963 0.050147 0.050943
3 0.282975 0.581604 0.050147 0.050943
3 0.157606 0.582878 0.108892 0.073868
7 0.970473 0.511133 0.057311 0.371887
3 0.575024 0.548491 0.025790 0.035660
3 0.639261 0.553161 0.021492 0.028019
3 0.681050 0.557406 0.028656 0.038208
3 0.607023 0.552312 0.023880 0.033113
3 0.708989 0.551038 0.027223 0.040755
3 0.656693 0.530661 0.024835 0.033962
3 0.547562 0.542548 0.018626 0.025472
3 0.536100 0.555284 0.021492 0.035660
3 0.618485 0.542548 0.011462 0.025472
3 0.664750 0.550156 0.013093 0.021160
4 0.553344 0.439914 0.027376 0.040204
4 0.618212 0.493871 0.021424 0.016928
4 0.706290 0.485407 0.014283 0.021160
4 0.727119 0.470595 0.020234 0.029624
