3 0.500552 0.504921 0.249772 0.359291
7 0.276245 0.367795 0.110020 0.165827
3 0.058680 0.440079 0.117359 0.182835
3 0.894389 0.548504 0.209277 0.527244
3 0.145896 0.409252 0.126762 0.142441
3 0.719396 0.440079 0.202266 0.216850
3 0.623046 0.406063 0.078927 0.144567
3 0.583665 0.355039 0.026145 0.042520
3 0.376698 0.390118 0.040659 0.074409
3 0.402409 0.434764 0.051422 0.172205
4 0.508841 0.304016 0.025113 0.017008
2 0.328265 0.258307 0.008371 0.023386
2 0.334843 0.258307 0.007175 0.027638
2 0.340224 0.259370 0.008371 0.029764
2 0.477151 0.289134 0.007175 0.021260
2 0.482532 0.289134 0.005979 0.017008
2 0.486718 0.288071 0.004783 0.023386
