3 0.677727 0.442968 0.139927 0.140625
4 0.347387 0.214453 0.030322 0.058594
4 0.350024 0.277734 0.025049 0.049219
4 0.711254 0.216797 0.043506 0.082031
4 0.169409 0.363281 0.032959 0.070312
4 0.179956 0.410156 0.017139 0.018750
2 0.336181 0.355078 0.013184 0.058594
2 0.394848 0.342187 0.009229 0.042187
2 0.270263 0.398437 0.007910 0.023437
2 0.280810 0.256640 0.018457 0.049219
2 0.315747 0.266015 0.022412 0.058594
2 0.396167 0.133594 0.030322 0.079687
4 0.142383 0.447656 0.010547 0.018750
3 0.484365 0.430078 0.076465 0.077344
3 0.409878 0.471093 0.072510 0.084375
3 0.360439 0.464062 0.100195 0.084375
3 0.106128 0.492187 0.038232 0.037500
3 0.063940 0.500390 0.038232 0.044531
3 0.022412 0.510937 0.036914 0.046875
4 0.101514 0.451172 0.010547 0.016406
4 0.782446 0.124609 0.043506 0.157031
4 0.246714 0.471093 0.007910 0.042187
2 0.424388 0.286080 0.017880 0.061704
