2 0.450079 0.309952 0.008398 0.038389
2 0.461475 0.316350 0.011996 0.034123
2 0.633624 0.400592 0.017995 0.036256
2 0.647420 0.400592 0.019194 0.031990
4 0.619229 0.337677 0.034790 0.025592
4 0.635424 0.273696 0.031191 0.017062
4 0.622228 0.290758 0.007198 0.017062
4 0.670813 0.273696 0.027592 0.046919
4 0.661816 0.316350 0.014396 0.034123
4 0.684609 0.324881 0.021594 0.051185
4 0.532254 0.386730 0.023993 0.012796
4 0.523257 0.366469 0.017995 0.014929
3 0.360106 0.521090 0.029991 0.072512
3 0.448879 0.527488 0.154754 0.311374
2 0.227545 0.242772 0.011996 0.023460
7 0.176423 0.470880 0.344573 0.437386
9 0.633025 0.515758 0.016795 0.078910
9 0.653996 0.523222 0.015639 0.089573
9 0.667814 0.531753 0.016795 0.106635
2 0.004046 0.420000 0.008091 0.042187
