9 0.473472 0.512914 0.011996 0.031991
9 0.421887 0.518246 0.009597 0.029858
2 0.448279 0.550237 0.016795 0.025592
2 0.427286 0.557701 0.013196 0.027725
2 0.410491 0.560900 0.017995 0.029858
2 0.385898 0.565166 0.028791 0.034123
2 0.348709 0.572630 0.055184 0.066114
2 0.469273 0.555568 0.017995 0.027725
2 0.482469 0.558767 0.025193 0.034123
2 0.505862 0.568365 0.026392 0.031990
2 0.525656 0.567298 0.029991 0.068246
2 0.547850 0.568365 0.040788 0.087441
2 0.573642 0.582227 0.061182 0.093839
2 0.627626 0.589692 0.089973 0.108768
2 0.217348 0.571564 0.176348 0.204739
2 0.743992 0.614218 0.217136 0.213270
