3 0.414802 0.520031 0.016381 0.024961
3 0.453414 0.512750 0.014041 0.020801
3 0.428258 0.513790 0.009361 0.018721
3 0.437033 0.514310 0.012871 0.019761
3 0.537952 0.502350 0.018136 0.020801
3 0.487346 0.530431 0.067864 0.095686
9 0.101808 0.549153 0.021061 0.093606
3 0.360381 0.519857 0.015211 0.032242
3 0.345170 0.518297 0.028082 0.039522
3 0.334640 0.524018 0.022231 0.042643
3 0.316796 0.529738 0.023986 0.037442
3 0.302463 0.531818 0.026912 0.047843
3 0.284327 0.533378 0.029252 0.048883
3 0.262388 0.541179 0.053238 0.056163
3 0.038846 0.592939 0.077693 0.169530
3 0.278476 0.640678 0.004095 0.010401
4 0.821985 0.374178 0.035102 0.045763
4 0.120236 0.456863 0.018136 0.028082
