9 0.166205 0.470507 0.014622 0.015597
9 0.288056 0.324069 0.010723 0.041592
9 0.676029 0.207959 0.016572 0.062388
9 0.666281 0.379525 0.008773 0.031194
9 0.832486 0.431515 0.011698 0.020796
9 0.655558 0.209692 0.016572 0.058922
9 0.714534 0.272946 0.017547 0.039859
2 0.189600 0.575353 0.178390 0.176765
9 0.184239 0.473973 0.011698 0.019063
2 0.048740 0.588351 0.097481 0.136906
2 0.076035 0.577953 0.066287 0.084917
2 0.643861 0.726990 0.324611 0.376059
2 0.906571 0.706194 0.183264 0.493903
7 0.537119 0.528562 0.173516 0.124775
2 0.410394 0.545026 0.091632 0.091849
