4 0.779359 0.246951 0.038018 0.015597
2 0.553691 0.114377 0.011698 0.062388
2 0.564414 0.120443 0.007798 0.067587
2 0.756938 0.305007 0.014622 0.024262
2 0.497639 0.354397 0.006824 0.019063
2 0.774972 0.302407 0.015597 0.029461
4 0.167667 0.356130 0.019496 0.036393
1 0.064690 0.460901 0.129380 0.239302
3 0.346544 0.408986 0.055564 0.072786
3 0.421604 0.401188 0.026320 0.036393
3 0.484479 0.408986 0.056539 0.076252
3 0.590246 0.408986 0.047766 0.058922
3 0.561002 0.408120 0.018521 0.046791
3 0.548817 0.407253 0.013647 0.031194
3 0.924605 0.385591 0.149146 0.129974
9 0.724770 0.406387 0.014622 0.071053
3 0.520060 0.395989 0.024370 0.036393
4 0.158384 0.327187 0.023730 0.018750
