9 0.433575 0.391509 0.007456 0.021412
9 0.534232 0.380803 0.005735 0.030589
9 0.530739 0.380525 0.005735 0.028550
9 0.302728 0.446801 0.012618 0.018353
9 0.444785 0.431816 0.006309 0.017334
9 0.495544 0.432326 0.004588 0.016314
2 0.442673 0.475351 0.018353 0.018353
2 0.463325 0.489584 0.034405 0.050898
2 0.387326 0.495744 0.022368 0.032628
2 0.400804 0.475351 0.018353 0.014275
2 0.325294 0.513337 0.053517 0.061697
2 0.278664 0.526487 0.057404 0.075762
2 0.217270 0.522254 0.095209 0.122356
2 0.136686 0.545706 0.151990 0.157024
2 0.482952 0.479429 0.009750 0.022432
2 0.055220 0.581154 0.110439 0.182515
2 0.587807 0.495803 0.029405 0.069854
2 0.610911 0.495190 0.058098 0.089021
2 0.769867 0.553502 0.097129 0.146426
2 0.832946 0.551154 0.134210 0.247772
2 0.823195 0.783631 0.001147 0.009177
2 0.976332 0.568488 0.043590 0.343618
2 0.903205 0.573076 0.140519 0.297734
2 0.493644 0.480079 0.013765 0.027530
2 0.421245 0.514220 0.067414 0.095812
2 0.648984 0.519518 0.077820 0.089701
