3 0.080069 0.603199 0.125652 0.106835
1 0.446782 0.564350 0.113360 0.169964
3 0.342982 0.574063 0.088776 0.121403
3 0.213916 0.583775 0.065558 0.072842
3 0.293131 0.570421 0.024584 0.065558
3 0.532143 0.564350 0.032779 0.048561
3 0.520400 0.559756 0.028950 0.045058
9 0.621602 0.544926 0.015024 0.043705
3 0.618188 0.540070 0.035510 0.053417
3 0.590872 0.549782 0.013658 0.043705
2 0.089630 0.536428 0.021853 0.021853
4 0.080069 0.515789 0.019121 0.014568
4 0.216647 0.517003 0.016389 0.031565
4 0.437904 0.464800 0.019121 0.024281
4 0.364835 0.495151 0.017755 0.012140
4 0.365518 0.474512 0.010926 0.019424
2 0.400055 0.493937 0.008980 0.029137
2 0.452928 0.467228 0.008195 0.024281
2 0.290400 0.448150 0.008195 0.033993
