3 0.644650 0.668930 0.038242 0.055845
3 0.568166 0.681071 0.125652 0.138399
3 0.437051 0.647078 0.120189 0.138399
3 0.797618 0.654362 0.040974 0.075270
3 0.820836 0.661646 0.013658 0.031565
3 0.863858 0.654362 0.042339 0.036421
1 0.721134 0.673787 0.122921 0.284083
3 0.602857 0.845936 0.286815 0.301079
3 0.375590 0.810972 0.259499 0.262230
4 0.125652 0.670144 0.038242 0.082554
4 0.281351 0.518391 0.027316 0.031565
3 0.190527 0.755216 0.310033 0.281476
4 0.527192 0.571808 0.024584 0.016996
4 0.528558 0.585162 0.016389 0.014568
4 0.600262 0.585162 0.020487 0.014568
4 0.893769 0.552384 0.027316 0.031565
4 0.921767 0.540243 0.017755 0.031565
4 0.916987 0.571808 0.010926 0.046133
4 0.929962 0.573022 0.015024 0.048561
2 0.776465 0.511349 0.013965 0.038849
9 0.124286 0.801502 0.060094 0.235522
4 0.869492 0.534000 0.024584 0.026709
4 0.135383 0.872714 0.064192 0.116547
