3 0.324313 0.613791 0.023910 0.040806
3 0.272667 0.626543 0.046863 0.059509
3 0.307576 0.620592 0.026779 0.044207
3 0.349179 0.605290 0.023910 0.027204
3 0.371176 0.603590 0.023910 0.061209
3 0.233838 0.628243 0.052602 0.059509
3 0.186496 0.632494 0.040168 0.068010
3 0.134504 0.653747 0.065730 0.095214
3 0.093509 0.798312 0.184584 0.399559
3 0.811977 0.713985 0.332824 0.290743
7 0.671997 0.564824 0.251531 0.210831
3 0.502126 0.709005 0.311784 0.510076
4 0.484066 0.433905 0.051645 0.027204
4 0.543362 0.416052 0.021041 0.059509
4 0.815551 0.337840 0.045907 0.056108
2 0.416190 0.426197 0.010520 0.047607
2 0.427507 0.429824 0.011477 0.040806
2 0.722008 0.450567 0.025823 0.037406
2 0.751451 0.440365 0.030605 0.047607
