2 0.470661 0.621349 0.197915 0.289464
2 0.130978 0.555846 0.138961 0.145980
2 0.214144 0.529377 0.027371 0.037431
2 0.238708 0.533744 0.032986 0.026201
2 0.261518 0.533744 0.007018 0.026201
2 0.276958 0.531872 0.026669 0.029945
2 0.389601 0.536239 0.009124 0.011229
2 0.372406 0.536239 0.012633 0.011229
2 0.356966 0.534991 0.009826 0.013725
2 0.347140 0.534367 0.011229 0.014972
2 0.334507 0.533120 0.015440 0.017468
2 0.320471 0.536863 0.012633 0.017468
2 0.305332 0.534991 0.015440 0.018715
5 0.072025 0.489807 0.143172 0.142237
