2 0.530620 0.533761 0.013647 0.027728
2 0.543293 0.546759 0.027295 0.046791
2 0.485292 0.571021 0.094556 0.136906
2 0.578873 0.550225 0.067262 0.105712
2 0.621278 0.574487 0.021446 0.039859
2 0.677816 0.591817 0.118927 0.136906
2 0.751902 0.585751 0.017547 0.027728
9 0.497396 0.426316 0.005849 0.025995
9 0.592439 0.420250 0.006824 0.031194
9 0.491059 0.430648 0.006824 0.034660
9 0.501295 0.429782 0.005849 0.022529
9 0.584641 0.418518 0.006824 0.031194
9 0.598288 0.420250 0.006824 0.027728
9 0.689433 0.501701 0.009748 0.027728
9 0.741585 0.511233 0.016572 0.025995
