2 0.323034 0.260230 0.010991 0.051513
2 0.780657 0.350822 0.008993 0.030197
2 0.311544 0.262895 0.009992 0.039079
2 0.331527 0.265559 0.005995 0.040855
2 0.259087 0.410329 0.012989 0.017763
2 0.588316 0.372138 0.007993 0.019539
2 0.792148 0.391678 0.007993 0.015987
4 0.274574 0.386349 0.019984 0.015987
4 0.780158 0.379243 0.017985 0.015987
4 0.618791 0.378355 0.010991 0.014211
4 0.628782 0.381020 0.008993 0.015987
4 0.671747 0.381908 0.010991 0.010658
4 0.717210 0.378355 0.013988 0.024868
4 0.721206 0.400559 0.009992 0.015987
3 0.356507 0.468947 0.039967 0.031974
3 0.102715 0.475164 0.049959 0.023092
3 0.054355 0.520461 0.108711 0.120789
3 0.222117 0.544441 0.136887 0.229145
3 0.503386 0.593289 0.335724 0.440526
3 0.885571 0.585296 0.226813 0.449408
