2 0.456077 0.238507 0.008398 0.036256
2 0.361905 0.263033 0.009597 0.038389
2 0.384698 0.325948 0.007198 0.019194
4 0.227545 0.308886 0.009597 0.023460
4 0.273731 0.280095 0.013196 0.012796
4 0.319917 0.268365 0.033590 0.014929
4 0.220947 0.219313 0.017995 0.031990
4 0.480670 0.232109 0.011996 0.023460
2 0.425486 0.327014 0.007198 0.021327
3 0.310920 0.387796 0.070779 0.108768
3 0.366104 0.366469 0.010797 0.027725
3 0.349909 0.370734 0.019194 0.027725
3 0.471073 0.385663 0.035989 0.074645
3 0.498664 0.385663 0.067180 0.104502
3 0.537653 0.414455 0.087574 0.162085
3 0.649820 0.462440 0.244727 0.270853
3 0.223946 0.430450 0.151155 0.189810
3 0.038795 0.445379 0.077589 0.215403
3 0.396695 0.398459 0.064781 0.100237
