2 0.521231 0.486735 0.011365 0.025714
2 0.468023 0.487653 0.020663 0.038571
9 0.483779 0.381582 0.007232 0.023878
9 0.442969 0.408214 0.006199 0.022041
2 0.767124 0.536851 0.067156 0.117551
5 0.581326 0.457959 0.095051 0.213061
5 0.429451 0.471735 0.039260 0.112041
2 0.407238 0.479082 0.058890 0.112041
2 0.492302 0.500051 0.037194 0.058775
2 0.373747 0.518418 0.085753 0.113878
2 0.653476 0.545510 0.194235 0.262653
2 0.227108 0.546371 0.169439 0.183673
2 0.869773 0.649898 0.259324 0.538163
2 0.089734 0.591122 0.178737 0.332449
