2 0.536384 0.345919 0.010332 0.055102
2 0.527344 0.346429 0.014636 0.058163
2 0.481139 0.350000 0.006027 0.021429
2 0.474251 0.350255 0.009471 0.029082
2 0.302200 0.290816 0.008610 0.033673
9 0.239780 0.398572 0.009471 0.039796
6 0.283259 0.402551 0.020663 0.026020
9 0.505389 0.408783 0.008610 0.035204
9 0.976647 0.529373 0.043909 0.223469
6 0.198597 0.426276 0.043048 0.038265
0 0.194518 0.414687 0.016358 0.065816
2 0.081731 0.347558 0.006027 0.016837
4 0.075909 0.354592 0.007749 0.024490
6 0.018654 0.451786 0.036161 0.090306
0 0.004448 0.399745 0.007749 0.059694
3 0.416217 0.404191 0.022385 0.029082
3 0.464432 0.410314 0.024107 0.035204
3 0.814354 0.486298 0.213521 0.168367
3 0.387067 0.428134 0.051658 0.079592
5 0.582815 0.457981 0.029396 0.059694
