9 0.390490 0.444903 0.006401 0.018493
9 0.501316 0.452727 0.005601 0.019916
9 0.384889 0.443836 0.004801 0.019916
9 0.496515 0.453082 0.005601 0.018493
9 0.496915 0.482956 0.008002 0.012803
2 0.449570 0.515912 0.012003 0.017071
2 0.417963 0.505243 0.027206 0.029874
2 0.432767 0.530137 0.026406 0.045522
2 0.409161 0.536539 0.035208 0.044099
2 0.472776 0.535827 0.029607 0.045522
2 0.485979 0.525158 0.009602 0.021338
2 0.500782 0.525158 0.010402 0.027028
2 0.508784 0.525870 0.018404 0.039831
2 0.514786 0.535827 0.019204 0.028451
2 0.610408 0.547208 0.037609 0.034141
2 0.263261 0.529426 0.083219 0.089621
2 0.124429 0.545785 0.148034 0.116649
2 0.407094 0.533457 0.032808 0.046944
