5 0.234390 0.502795 0.086102 0.082913
2 0.353379 0.543189 0.015546 0.023386
2 0.383275 0.548504 0.037072 0.051024
2 0.408986 0.545315 0.011959 0.019134
7 0.428120 0.555945 0.016742 0.023386
2 0.438883 0.555945 0.009567 0.014882
2 0.454429 0.555945 0.023917 0.044646
2 0.477151 0.562323 0.014350 0.027638
2 0.491501 0.564449 0.026309 0.040394
2 0.530965 0.568701 0.050226 0.065906
7 0.891111 0.564070 0.212811 0.623007
7 0.395832 0.518740 0.023917 0.025512
9 0.414368 0.435295 0.005979 0.023386
9 0.483728 0.463996 0.005979 0.021260
2 0.040062 0.504921 0.080123 0.044646
2 0.118391 0.507047 0.064577 0.040394
