2 0.552393 0.318093 0.020238 0.086037
2 0.463960 0.623133 0.008799 0.029722
2 0.441962 0.634866 0.010559 0.021900
2 0.372448 0.516760 0.008799 0.029722
2 0.662383 0.501117 0.014959 0.057879
2 0.756513 0.498281 0.020282 0.037500
4 0.608268 0.330079 0.029917 0.033908
4 0.766654 0.401783 0.008799 0.028158
4 0.551513 0.260213 0.018478 0.029722
4 0.233860 0.634084 0.018478 0.029722
4 0.281376 0.679449 0.011439 0.023465
4 0.328452 0.658330 0.012319 0.025029
3 0.308654 0.697438 0.037837 0.040672
3 0.455517 0.689249 0.035909 0.039938
3 0.483319 0.677102 0.031677 0.068830
3 0.541834 0.684142 0.097672 0.126709
7 0.585532 0.627187 0.134473 0.173437
1 0.753078 0.716508 0.303450 0.388545
2 0.091148 0.338906 0.023730 0.103125
3 0.404917 0.686953 0.039551 0.058594
