2 0.481536 0.488977 0.071752 0.093543
2 0.375701 0.496772 0.058597 0.080787
2 0.279633 0.509882 0.037869 0.050315
2 0.312918 0.494646 0.021526 0.025512
2 0.338032 0.492520 0.014350 0.021260
7 0.297372 0.475512 0.023917 0.038268
2 0.086700 0.495354 0.041855 0.017008
2 0.133339 0.495354 0.025113 0.012756
7 0.161442 0.484725 0.023917 0.029764
2 0.181174 0.494291 0.017938 0.019134
2 0.206287 0.494291 0.013155 0.010630
2 0.223627 0.494291 0.011959 0.006378
2 0.245153 0.477284 0.009567 0.014882
2 0.253524 0.467717 0.009567 0.012756
