9 0.017547 0.322336 0.013647 0.045058
9 0.276358 0.217490 0.014622 0.057189
9 0.575624 0.324069 0.026320 0.038126
9 0.291468 0.221823 0.013647 0.062388
2 0.057514 0.638607 0.115027 0.313672
2 0.452798 0.519031 0.258324 0.393389
2 0.148658 0.535494 0.039967 0.062388
2 0.172541 0.525963 0.025345 0.046791
7 0.188138 0.504301 0.042892 0.079718
2 0.217382 0.507767 0.013647 0.041592
2 0.311939 0.500835 0.019496 0.038126
7 0.304140 0.486104 0.029244 0.060655
2 0.270022 0.502568 0.015597 0.027728
2 0.231029 0.510366 0.013647 0.025995
