9 0.432700 0.220495 0.016804 0.027028
9 0.459006 0.259006 0.009602 0.015648
2 0.423138 0.345680 0.022405 0.028451
2 0.405934 0.349947 0.016804 0.022761
2 0.387129 0.345680 0.027206 0.042677
2 0.377527 0.358483 0.022405 0.028451
2 0.368325 0.366307 0.020005 0.032719
2 0.351521 0.371997 0.029607 0.041254
2 0.464649 0.346391 0.020805 0.021338
2 0.403435 0.388356 0.021605 0.031296
2 0.565872 0.407561 0.079218 0.143678
2 0.676298 0.411828 0.197646 0.251791
2 0.861399 0.522787 0.274463 0.448103
2 0.455305 0.430322 0.104024 0.157903
2 0.060414 0.411828 0.108025 0.083930
2 0.008402 0.425343 0.016804 0.085353
