4 0.202844 0.408875 0.012618 0.014275
4 0.202271 0.428248 0.016059 0.016314
4 0.323862 0.438444 0.009177 0.012236
4 0.314686 0.443542 0.011471 0.018353
4 0.323289 0.456798 0.008030 0.016314
3 0.384849 0.493505 0.012618 0.022432
3 0.375099 0.496563 0.009177 0.016314
3 0.370511 0.497583 0.009177 0.022432
3 0.351584 0.488406 0.019501 0.036707
3 0.677358 0.527153 0.068826 0.175378
3 0.756507 0.533270 0.130768 0.167221
3 0.103812 0.561820 0.207624 0.452719
3 0.265251 0.511042 0.081444 0.106042
3 0.330635 0.510023 0.035560 0.042825
3 0.522773 0.542651 0.293656 0.532251
