2 0.257683 0.239335 0.021035 0.080402
2 0.495908 0.100035 0.023139 0.119668
4 0.096763 0.487085 0.018932 0.014958
4 0.119375 0.485215 0.024191 0.018698
4 0.224552 0.496434 0.015776 0.029917
4 0.225078 0.524481 0.010518 0.026177
4 0.298702 0.488020 0.008414 0.016828
4 0.481709 0.440340 0.010518 0.018698
3 0.213509 0.569356 0.035760 0.063573
3 0.183007 0.565617 0.048381 0.059834
3 0.413870 0.546919 0.055744 0.052355
3 0.479080 0.546919 0.047329 0.059834
9 0.507477 0.567486 0.017880 0.093490
3 0.131471 0.673131 0.262942 0.615167
3 0.783566 0.588989 0.430172 0.574031
