9 0.495698 0.368017 0.012189 0.019502
9 0.468883 0.360433 0.007313 0.017335
2 0.478024 0.413523 0.010970 0.019502
2 0.467664 0.418940 0.014627 0.021669
2 0.456084 0.421107 0.020721 0.030337
2 0.447552 0.434109 0.015846 0.026003
2 0.434144 0.433025 0.023159 0.036838
2 0.426221 0.438443 0.019502 0.043339
2 0.403062 0.444943 0.031691 0.052006
2 0.377465 0.457945 0.043880 0.065008
2 0.340289 0.473114 0.059726 0.078010
2 0.278734 0.494783 0.104825 0.104013
2 0.493870 0.416773 0.023159 0.021669
2 0.559081 0.422191 0.014627 0.028170
2 0.565785 0.423274 0.015846 0.030337
2 0.576146 0.433025 0.019502 0.036838
2 0.591992 0.437359 0.029254 0.058507
2 0.787015 0.501284 0.424177 0.333708
