2 0.411643 0.382724 0.015137 0.026910
2 0.389568 0.385714 0.023967 0.026910
2 0.368124 0.386835 0.021444 0.033638
2 0.348572 0.389078 0.022706 0.038123
2 0.326497 0.385714 0.026490 0.049336
2 0.295593 0.391320 0.037843 0.051578
2 0.264057 0.398048 0.050457 0.065033
2 0.228737 0.400290 0.055502 0.078488
2 0.499943 0.387957 0.015137 0.035880
2 0.509403 0.395805 0.021444 0.038123
2 0.481652 0.374501 0.023967 0.040365
2 0.532109 0.407018 0.041627 0.060548
2 0.161882 0.396927 0.105959 0.103156
2 0.742135 0.467940 0.189213 0.206312
2 0.883667 0.495501 0.230084 0.454292
2 0.011773 0.430938 0.022706 0.109884
9 0.466515 0.316570 0.011353 0.020183
9 0.407228 0.327782 0.011353 0.024668
9 0.445702 0.354692 0.010091 0.020183
9 0.500573 0.342359 0.011353 0.017940
2 0.437803 0.393723 0.031535 0.049336
2 0.452940 0.402373 0.046673 0.062791
