9 0.223921 0.431982 0.009668 0.018750
9 0.383882 0.483545 0.007910 0.012500
9 0.554829 0.305420 0.008789 0.025000
9 0.665572 0.420264 0.014062 0.017187
9 0.054732 0.436670 0.012305 0.018750
9 0.908150 0.397607 0.017578 0.034375
2 0.344331 0.521826 0.036035 0.039062
2 0.579439 0.516357 0.024609 0.043750
2 0.752144 0.603076 0.246973 0.264062
2 0.370019 0.513672 0.024609 0.035937
2 0.313594 0.530469 0.056250 0.042187
2 0.156270 0.630469 0.307617 0.314062
2 0.488935 0.610156 0.215332 0.292187
2 0.922236 0.691406 0.153809 0.401562
