9 0.622602 0.429281 0.008587 0.023990
9 0.483363 0.446729 0.007361 0.028352
9 0.509739 0.492528 0.008587 0.023990
2 0.517713 0.530695 0.012268 0.021809
2 0.509739 0.530695 0.015948 0.021809
2 0.501151 0.530695 0.013495 0.017448
2 0.491951 0.532876 0.009814 0.026171
2 0.482136 0.531785 0.019628 0.023990
2 0.444106 0.527423 0.036803 0.045800
2 0.426318 0.535057 0.025762 0.047981
2 0.380927 0.519790 0.084648 0.095961
2 0.316521 0.552504 0.090782 0.135218
2 0.182803 0.571042 0.218366 0.207189
2 0.036196 0.634289 0.072393 0.176656
2 0.542248 0.520881 0.012268 0.019628
2 0.554516 0.524152 0.012268 0.017448
2 0.567397 0.521971 0.013495 0.021809
2 0.584572 0.524152 0.013495 0.021809
2 0.604814 0.530695 0.014721 0.021809
2 0.628123 0.524152 0.012268 0.017448
2 0.645298 0.529604 0.024536 0.023990
2 0.798645 0.538328 0.235541 0.307512
