9 0.331699 0.361562 0.007383 0.028125
9 0.415547 0.380312 0.006328 0.028125
9 0.284766 0.443125 0.010547 0.022500
9 0.237305 0.430000 0.018984 0.026250
9 0.339609 0.364375 0.008437 0.022500
9 0.423984 0.380312 0.004219 0.028125
9 0.499922 0.445000 0.014766 0.018750
2 0.328008 0.496875 0.025312 0.037500
2 0.547910 0.540000 0.104414 0.176250
2 0.275801 0.504375 0.045352 0.071250
2 0.225176 0.506250 0.058008 0.116250
2 0.174023 0.517500 0.080156 0.138750
2 0.415547 0.583125 0.200391 0.303750
2 0.078047 0.530625 0.156094 0.198750
