3 0.223029 0.518528 0.029897 0.031890
3 0.200906 0.528095 0.050226 0.034016
3 0.160844 0.524906 0.058597 0.040394
3 0.115999 0.521717 0.033484 0.021260
3 0.090288 0.530221 0.070556 0.042520
3 0.018020 0.543614 0.033320 0.056551
3 0.355770 0.521717 0.051422 0.034016
3 0.440079 0.531284 0.028701 0.040394
3 0.486718 0.520654 0.031093 0.044646
3 0.409069 0.537236 0.047999 0.056551
3 0.600325 0.524906 0.014350 0.014882
3 0.620057 0.519591 0.017938 0.017008
3 0.572222 0.521717 0.008371 0.017008
3 0.562655 0.520654 0.015546 0.019134
3 0.537542 0.519591 0.017938 0.021260
3 0.656531 0.551480 0.052618 0.055276
3 0.779107 0.539788 0.046639 0.031890
3 0.776117 0.522780 0.045443 0.023386
3 0.835313 0.533410 0.039464 0.044646
3 0.736056 0.539788 0.065773 0.036142
3 0.703767 0.533410 0.022721 0.027638
9 0.687025 0.542977 0.010763 0.051024
9 0.682242 0.521291 0.010763 0.037417
4 0.756019 0.445394 0.016608 0.017008
2 0.564090 0.457937 0.008371 0.017008
1 0.286666 0.484269 0.098061 0.108425
9 0.049828 0.541417 0.016742 0.085039
9 0.039065 0.553890 0.009567 0.060094
3 0.275214 0.545103 0.124370 0.136063
