2 0.078418 0.442413 0.155236 0.196312
2 0.723459 0.505006 0.198629 0.230453
2 0.463707 0.404004 0.026406 0.036986
2 0.208048 0.425343 0.118427 0.142255
2 0.300469 0.413251 0.074417 0.103846
2 0.358083 0.416807 0.053612 0.071128
2 0.389690 0.413251 0.028807 0.058325
2 0.417296 0.406850 0.039209 0.051212
2 0.438101 0.405427 0.031207 0.045522
2 0.621343 0.440991 0.084019 0.108114
2 0.584135 0.436012 0.025606 0.072550
2 0.575333 0.426765 0.035208 0.071128
2 0.558529 0.421075 0.022405 0.059747
2 0.550127 0.412540 0.020005 0.054057
2 0.538524 0.408272 0.020805 0.036986
2 0.532523 0.407561 0.023205 0.038409
9 0.468508 0.320074 0.007202 0.025606
9 0.563330 0.366307 0.008002 0.021338
9 0.486912 0.367018 0.004001 0.017071
9 0.518120 0.369152 0.007202 0.021338
2 0.503135 0.402183 0.023770 0.028913
