9 0.409907 0.494769 0.006824 0.015597
9 0.502513 0.465308 0.010723 0.015597
9 0.519573 0.462709 0.009748 0.017330
9 0.546380 0.481772 0.008773 0.020796
2 0.373839 0.499968 0.043866 0.029461
2 0.214945 0.512099 0.043866 0.032927
2 0.299266 0.469641 0.038992 0.031194
2 0.422579 0.503434 0.008773 0.015597
2 0.409419 0.508633 0.013647 0.012131
2 0.431352 0.506034 0.020471 0.034660
2 0.493740 0.519031 0.024370 0.064121
2 0.565876 0.486971 0.012673 0.024262
2 0.629238 0.493903 0.012673 0.031194
2 0.605843 0.494769 0.032169 0.043325
2 0.457672 0.542426 0.077010 0.114377
