3 0.129224 0.573670 0.082114 0.046164
3 0.311397 0.543725 0.023160 0.021211
3 0.344032 0.530001 0.009826 0.018715
3 0.364385 0.531248 0.029477 0.031192
3 0.491161 0.506146 0.006316 0.009982
3 0.459228 0.509265 0.007018 0.013725
3 0.415013 0.515504 0.008422 0.013725
3 0.501244 0.508433 0.012633 0.016220
3 0.480540 0.509681 0.013335 0.016220
3 0.582655 0.548983 0.074393 0.089834
3 0.581953 0.496580 0.023862 0.017468
3 0.264310 0.579708 0.087130 0.108030
3 0.991917 0.559945 0.014037 0.088586
4 0.347228 0.376178 0.024564 0.044917
4 0.347228 0.411737 0.034389 0.018715
4 0.602605 0.459773 0.012106 0.007486
4 0.599534 0.434820 0.007018 0.012477
4 0.434605 0.488470 0.036495 0.027449
2 0.467423 0.123105 0.022458 0.069871
2 0.485670 0.448336 0.009826 0.014972
2 0.539009 0.438979 0.007018 0.008734
2 0.522165 0.477033 0.008422 0.012477
2 0.488478 0.474538 0.009826 0.009982
3 0.697614 0.482440 0.032284 0.047412
