9 0.437383 0.364027 0.009182 0.026119
9 0.488804 0.352600 0.007346 0.019589
9 0.561344 0.367291 0.007346 0.022854
2 0.354502 0.454742 0.024792 0.032648
2 0.328332 0.458823 0.025710 0.027751
2 0.288848 0.475147 0.025710 0.034281
2 0.258088 0.475963 0.035811 0.042443
2 0.211717 0.478412 0.056930 0.050605
2 0.156624 0.493103 0.042239 0.037545
2 0.056230 0.505696 0.109269 0.069261
2 0.529944 0.441566 0.012855 0.021221
2 0.542506 0.440699 0.016528 0.024486
2 0.561330 0.452559 0.035811 0.041677
2 0.606065 0.449728 0.046830 0.099577
2 0.657010 0.446463 0.091788 0.132225
2 0.456578 0.453809 0.028465 0.039178
2 0.501878 0.452060 0.051421 0.076723
2 0.773608 0.457074 0.181809 0.225272
