3 0.768446 0.557290 0.013918 0.024742
3 0.760328 0.568630 0.013918 0.043299
3 0.758008 0.575847 0.027835 0.053608
3 0.732493 0.571723 0.046392 0.074227
3 0.718575 0.592342 0.062629 0.082474
3 0.803240 0.557290 0.064948 0.037113
3 0.876887 0.581002 0.019716 0.030928
3 0.526629 0.690280 0.240077 0.261856
3 0.829336 0.677909 0.170490 0.232990
4 0.750138 0.522239 0.010438 0.020619
4 0.750138 0.499558 0.012758 0.020619
4 0.760908 0.512666 0.008119 0.022680
4 0.807299 0.527393 0.010438 0.014433
4 0.818897 0.512960 0.008119 0.022680
4 0.849632 0.496465 0.023196 0.043299
4 0.913421 0.517084 0.013918 0.026804
4 0.912261 0.538734 0.009278 0.020619
4 0.992287 0.582032 0.011598 0.065979
3 0.915160 0.462445 0.017397 0.016495
3 0.890225 0.484094 0.013918 0.018557
