4 0.423597 0.344388 0.030995 0.026020
4 0.844611 0.391072 0.014636 0.024490
4 0.967300 0.388010 0.018941 0.021429
4 0.789509 0.340561 0.040466 0.015306
4 0.831266 0.412500 0.010332 0.024490
4 0.576850 0.415561 0.028412 0.024490
4 0.269484 0.328316 0.077487 0.033673
4 0.966008 0.406378 0.007749 0.015306
3 0.223278 0.415051 0.034439 0.026020
3 0.326738 0.408929 0.023246 0.019898
3 0.367204 0.410459 0.016358 0.010714
3 0.409391 0.408929 0.018080 0.010714
3 0.451435 0.404337 0.017219 0.013776
3 0.494197 0.404337 0.017219 0.013776
3 0.553317 0.404337 0.012054 0.010714
3 0.540833 0.405102 0.012915 0.009184
3 0.598518 0.407398 0.016358 0.010714
3 0.618320 0.405102 0.012915 0.018367
3 0.583451 0.427296 0.025829 0.010714
3 0.555469 0.457143 0.019802 0.021429
3 0.631378 0.447194 0.030995 0.047449
3 0.770855 0.434184 0.017219 0.021429
3 0.870727 0.426531 0.017219 0.018367
3 0.410970 0.463776 0.006888 0.012245
3 0.394611 0.462245 0.029273 0.021429
3 0.117522 0.426276 0.047353 0.038265
3 0.043909 0.451531 0.087819 0.104082
3 0.036591 0.486225 0.073182 0.107143
3 0.436512 0.458419 0.023246 0.015306
3 0.512708 0.448470 0.015497 0.010714
3 0.791231 0.450000 0.049936 0.053571
3 0.713313 0.466072 0.095568 0.122449
3 0.589764 0.469133 0.055963 0.079592
3 0.886368 0.432398 0.025829 0.024490
3 0.847194 0.425510 0.026690 0.029082
3 0.949650 0.490561 0.097290 0.165306
