2 0.588039 0.528544 0.012758 0.026804
2 0.425667 0.648132 0.010438 0.026804
2 0.485397 0.659472 0.009278 0.016495
2 0.552085 0.613080 0.010438 0.018557
2 0.585719 0.534729 0.010438 0.026804
4 0.612974 0.520296 0.020876 0.022680
4 0.411170 0.665657 0.018557 0.020619
4 0.609809 0.562532 0.013289 0.024807
3 0.321130 0.826581 0.025950 0.029137
3 0.480758 0.693492 0.013918 0.030928
3 0.494095 0.697616 0.017397 0.055670
3 0.538747 0.647101 0.013918 0.024742
3 0.556144 0.644008 0.013918 0.026804
3 0.626892 0.590400 0.020876 0.030928
3 0.697403 0.548484 0.073752 0.052903
3 0.458142 0.721327 0.038273 0.057732
3 0.592678 0.635760 0.056830 0.109278
3 0.524250 0.686276 0.049871 0.103093
