2 0.324974 0.518036 0.143351 0.184141
2 0.243557 0.505155 0.088144 0.140206
2 0.204704 0.498969 0.033634 0.107217
2 0.185567 0.506186 0.032474 0.068041
2 0.171070 0.497938 0.031314 0.076289
2 0.146134 0.487629 0.030155 0.051546
2 0.133376 0.481443 0.027835 0.039175
2 0.114820 0.470103 0.013918 0.045361
2 0.096843 0.471650 0.010438 0.020619
2 0.086405 0.468557 0.012758 0.026804
2 0.026624 0.484298 0.023298 0.015941
2 0.039433 0.479588 0.020876 0.016495
2 0.049291 0.474433 0.019716 0.018557
2 0.066108 0.465773 0.025515 0.035052
9 0.096653 0.363624 0.008112 0.031060
9 0.105015 0.363402 0.006864 0.031060
