4 0.292822 0.221679 0.042032 0.094649
2 0.064449 0.420941 0.008406 0.024908
3 0.106481 0.490683 0.014011 0.034871
3 0.126096 0.491928 0.028021 0.042343
3 0.145010 0.495664 0.023818 0.069742
3 0.176534 0.495664 0.044834 0.079705
3 0.181437 0.509364 0.023818 0.077214
3 0.206657 0.509364 0.051839 0.117066
3 0.041331 0.498155 0.012610 0.014945
3 0.052540 0.491928 0.009807 0.022417
3 0.071454 0.499401 0.039230 0.057288
1 0.102978 0.472002 0.032224 0.067251
3 0.028722 0.503137 0.029422 0.039852
3 0.007005 0.514345 0.014011 0.082196
3 0.275309 0.523063 0.138705 0.194281
3 0.418217 0.545480 0.236779 0.283948
4 0.801057 0.348709 0.043433 0.146956
4 0.824875 0.028021 0.060246 0.056042
4 0.766731 0.014945 0.053240 0.027399
