4 0.136664 0.269190 0.037754 0.067119
4 0.380350 0.251647 0.022309 0.013729
4 0.370483 0.291308 0.048909 0.059492
4 0.110174 0.408661 0.020593 0.022881
3 0.338930 0.422542 0.008581 0.018305
3 0.322198 0.423305 0.007722 0.013729
3 0.311901 0.425593 0.018019 0.033559
3 0.283500 0.420254 0.012013 0.019831
3 0.238023 0.430169 0.025742 0.027458
3 0.262049 0.428644 0.005148 0.012203
3 0.270629 0.430932 0.006864 0.010678
3 0.274919 0.424068 0.012013 0.012203
3 0.384578 0.455339 0.101250 0.169322
3 0.295341 0.433983 0.029174 0.035085
3 0.159426 0.447712 0.094386 0.111356
3 0.098933 0.440085 0.035180 0.044237
