9 0.463171 0.217138 0.012292 0.063130
9 0.021340 0.280267 0.016389 0.058273
9 0.618871 0.394386 0.015024 0.033993
9 0.217330 0.472084 0.009560 0.019424
9 0.317715 0.451446 0.008195 0.021853
9 0.323178 0.449018 0.008195 0.021853
9 0.478878 0.213496 0.013658 0.060701
9 0.607261 0.394386 0.010926 0.033993
9 0.593604 0.399242 0.008195 0.033993
2 0.278108 0.514575 0.016389 0.036421
2 0.244646 0.519431 0.009560 0.026709
2 0.209136 0.524287 0.012292 0.012140
2 0.418100 0.500007 0.028681 0.046133
2 0.435856 0.501221 0.028681 0.067986
2 0.259670 0.520645 0.028681 0.043705
2 0.226891 0.521859 0.028681 0.041277
2 0.187966 0.524287 0.010926 0.012140
2 0.176357 0.526715 0.012292 0.012140
2 0.163382 0.529144 0.010926 0.016996
2 0.152456 0.530358 0.010926 0.014568
2 0.137432 0.534000 0.019121 0.016996
2 0.353226 0.575277 0.166626 0.245234
2 0.480244 0.500007 0.084679 0.094694
2 0.859249 0.487867 0.176186 0.123831
2 0.072130 0.582561 0.144261 0.342356
