4 0.322433 0.394133 0.007749 0.013776
4 0.403795 0.395663 0.012054 0.016837
4 0.714318 0.403061 0.036161 0.042857
4 0.692363 0.313521 0.009471 0.016837
4 0.269197 0.375000 0.006888 0.015306
4 0.259295 0.389541 0.011193 0.022959
4 0.284264 0.378827 0.006027 0.013776
4 0.276658 0.388776 0.020663 0.030612
4 0.535954 0.339796 0.011193 0.024490
2 0.329895 0.060459 0.033578 0.056633
2 0.300622 0.350255 0.007749 0.016837
2 0.289429 0.349490 0.014636 0.018367
4 0.695090 0.328061 0.012054 0.009184
3 0.302774 0.413265 0.015497 0.015306
3 0.362468 0.418623 0.032717 0.013776
3 0.393463 0.440051 0.032717 0.035204
3 0.494627 0.430102 0.016358 0.012245
3 0.448996 0.420153 0.019802 0.016837
2 0.322809 0.354706 0.008934 0.026471
3 0.472897 0.426177 0.029779 0.015882
