9 0.302698 0.179093 0.012433 0.051008
9 0.416349 0.313413 0.007651 0.034005
9 0.563953 0.334666 0.007651 0.032305
9 0.638551 0.135170 0.011477 0.066310
9 0.282614 0.314263 0.016259 0.028904
9 0.345576 0.404377 0.011477 0.018703
9 0.687327 0.327015 0.015302 0.020403
9 0.372834 0.281392 0.010520 0.035705
9 0.362313 0.342318 0.008608 0.027204
9 0.358009 0.366121 0.011477 0.020403
9 0.630741 0.368671 0.012433 0.018703
9 0.629306 0.138854 0.009564 0.051008
9 0.953682 0.077078 0.027735 0.085013
2 0.456358 0.412595 0.054514 0.125819
2 0.140111 0.488823 0.280223 0.408627
2 0.854184 0.618325 0.291632 0.347985
2 0.529841 0.478054 0.107116 0.158124
2 0.047820 0.641562 0.095639 0.319648
2 0.978389 0.765114 0.038256 0.251637
