2 0.544092 0.400290 0.015137 0.047093
2 0.488590 0.435050 0.010091 0.031395
2 0.493005 0.472051 0.011353 0.020183
4 0.764210 0.351702 0.034058 0.065033
4 0.639960 0.377118 0.015137 0.024668
3 0.463992 0.531478 0.041627 0.080731
3 0.561752 0.513538 0.015137 0.044850
3 0.571213 0.514659 0.011353 0.029153
3 0.371278 0.540074 0.037843 0.033638
3 0.420473 0.541196 0.065594 0.112126
3 0.523279 0.559136 0.097129 0.156977
3 0.587611 0.513164 0.026490 0.038123
3 0.889090 0.600996 0.220748 0.246678
3 0.169492 0.486628 0.338142 0.973255
2 0.552922 0.463081 0.010091 0.020183
