2 0.220180 0.613637 0.326450 0.336980
2 0.914617 0.573074 0.166150 0.438906
2 0.375800 0.576195 0.066694 0.128968
2 0.424358 0.559554 0.081905 0.104006
2 0.466480 0.550193 0.039782 0.081125
2 0.485201 0.536672 0.030422 0.041602
2 0.503922 0.525231 0.025742 0.035362
2 0.517963 0.518991 0.016381 0.027042
2 0.547215 0.515871 0.009361 0.024961
2 0.558331 0.523151 0.015211 0.027042
2 0.571786 0.526272 0.023401 0.029122
2 0.606889 0.540832 0.044463 0.066564
2 0.641991 0.549153 0.039782 0.091525
2 0.677678 0.555393 0.080735 0.104006
2 0.791175 0.575154 0.172000 0.235054
2 0.532589 0.517951 0.012871 0.029122
