3 0.500727 0.483727 0.011695 0.009702
3 0.503846 0.486499 0.008576 0.009702
3 0.510083 0.487192 0.008576 0.011088
3 0.489422 0.485806 0.010915 0.011088
3 0.482016 0.487885 0.011695 0.012474
3 0.470711 0.487192 0.007796 0.011088
3 0.477338 0.496201 0.010135 0.012474
3 0.461745 0.487885 0.007017 0.009702
3 0.467592 0.495508 0.010915 0.013860
3 0.443034 0.492043 0.007017 0.009702
3 0.442254 0.489271 0.010135 0.009702
3 0.443034 0.494122 0.008576 0.011088
3 0.437186 0.496894 0.007796 0.016632
3 0.444203 0.501745 0.010915 0.018018
3 0.455898 0.497587 0.012474 0.009702
3 0.453949 0.502438 0.014813 0.016632
3 0.470711 0.511447 0.015593 0.026335
3 0.466813 0.519764 0.012474 0.031879
3 0.459016 0.525308 0.023389 0.037423
3 0.529184 0.512833 0.023389 0.029107
3 0.543218 0.512140 0.009356 0.016632
3 0.418085 0.507289 0.022610 0.023563
3 0.415356 0.510754 0.023389 0.013860
3 0.439135 0.533624 0.035084 0.054055
3 0.379103 0.502438 0.021050 0.013860
3 0.381052 0.525308 0.024949 0.042967
3 0.407170 0.544019 0.055355 0.072074
3 0.357662 0.518378 0.021830 0.031879
3 0.293731 0.512833 0.031186 0.031879
1 0.254749 0.534317 0.074846 0.085934
3 0.195886 0.516299 0.027288 0.019405
3 0.132678 0.571509 0.169183 0.158008
3 0.326810 0.572202 0.117726 0.134446
3 0.510416 0.596458 0.113828 0.169096
3 0.572788 0.513295 0.015593 0.019405
3 0.600855 0.549332 0.057694 0.074846
3 0.647634 0.509137 0.032745 0.030493
3 0.713904 0.513989 0.015593 0.026335
3 0.744700 0.516761 0.030406 0.040195
3 0.731446 0.525770 0.042881 0.044353
3 0.777055 0.513989 0.032745 0.034651
3 0.780173 0.525770 0.034304 0.044353
3 0.823574 0.493660 0.043660 0.020791
3 0.813438 0.521381 0.038982 0.040195
3 0.846963 0.512371 0.046779 0.041581
1 0.908555 0.506827 0.070168 0.041581
3 0.965079 0.508213 0.031965 0.033265
3 0.012474 0.866966 0.024949 0.212064
4 0.452904 0.473430 0.021830 0.016632
4 0.588173 0.478975 0.014813 0.022177
4 0.656782 0.470658 0.017932 0.024949
4 0.662239 0.456798 0.014813 0.027721
4 0.885365 0.487983 0.011227 0.050093
3 0.041128 0.572213 0.036955 0.063579
1 0.025034 0.514992 0.050069 0.055102
