2 0.123772 0.193996 0.013155 0.080787
4 0.138123 0.203563 0.013155 0.031890
4 0.325276 0.381083 0.026309 0.029764
4 0.442471 0.495886 0.021526 0.025512
4 0.442471 0.519272 0.011959 0.017008
4 0.441275 0.540532 0.011959 0.021260
2 0.564449 0.260965 0.014350 0.074409
4 0.853550 0.355571 0.013155 0.017008
2 0.246946 0.270532 0.015546 0.055276
2 0.388059 0.451240 0.010763 0.034016
2 0.367131 0.450177 0.011959 0.036142
4 0.777014 0.478878 0.013155 0.017008
4 0.776416 0.503327 0.023917 0.027638
4 0.777313 0.528839 0.014350 0.014882
4 0.776715 0.554351 0.010763 0.027638
4 0.618263 0.534154 0.011959 0.029764
3 0.391048 0.556477 0.095669 0.108425
3 0.008371 0.537343 0.016742 0.078661
3 0.101051 0.544784 0.060989 0.063780
3 0.173999 0.588366 0.139916 0.180709
3 0.569591 0.615898 0.166225 0.206221
