2 0.295863 0.434449 0.013658 0.021853
2 0.265133 0.434449 0.006829 0.026709
2 0.271279 0.435663 0.008195 0.029137
3 0.278791 0.523073 0.036876 0.063130
3 0.153138 0.576491 0.233549 0.281655
3 0.041144 0.510933 0.034145 0.063130
3 0.025011 0.580133 0.050022 0.211241
3 0.383273 0.538856 0.101068 0.157824
0 0.317032 0.549782 0.058729 0.169964
6 0.319764 0.605627 0.088776 0.145684
4 0.672136 0.129728 0.072387 0.053417
4 0.659133 0.178349 0.035454 0.082673
2 0.706281 0.269341 0.031413 0.089838
2 0.734962 0.274197 0.028681 0.075270
4 0.695396 0.080433 0.056206 0.027638
