4 0.241125 0.046750 0.041787 0.093501
4 0.015618 0.151779 0.008646 0.042268
4 0.117564 0.211338 0.016571 0.043548
4 0.117924 0.247201 0.011528 0.023055
4 0.027145 0.188283 0.011528 0.017932
4 0.015978 0.199810 0.009366 0.017932
4 0.436612 0.233752 0.017291 0.011528
4 0.440935 0.242078 0.011528 0.010247
4 0.364565 0.226067 0.021614 0.042268
4 0.694901 0.124241 0.051153 0.025617
4 0.784599 0.146656 0.028819 0.019213
4 0.778835 0.163947 0.011528 0.012808
4 0.795046 0.192125 0.022335 0.015370
4 0.689497 0.238235 0.011528 0.015370
4 0.643747 0.223506 0.015130 0.021774
4 0.643387 0.242078 0.008646 0.012808
4 0.515143 0.272177 0.007205 0.011528
4 0.425805 0.277941 0.011528 0.017932
2 0.613673 0.111982 0.008646 0.035863
2 0.548470 0.205483 0.006484 0.025617
2 0.471020 0.190113 0.007205 0.028178
2 0.406538 0.204202 0.009366 0.025617
2 0.414463 0.241346 0.009366 0.017932
2 0.363405 0.170991 0.012968 0.060199
2 0.396907 0.224402 0.009366 0.020493
2 0.372771 0.269872 0.010087 0.016651
2 0.245248 0.178292 0.011528 0.030740
2 0.271545 0.167405 0.015130 0.067884
2 0.276228 0.228885 0.010087 0.024336
4 0.288116 0.245536 0.020894 0.016651
2 0.165475 0.040346 0.020173 0.052514
2 0.166916 0.108231 0.024496 0.057638
2 0.172680 0.173553 0.028819 0.052514
2 0.137017 0.176115 0.033862 0.047391
2 0.801890 0.232472 0.020173 0.029459
2 0.624295 0.252965 0.007925 0.016651
2 0.543242 0.262571 0.007205 0.017932
9 0.992663 0.335579 0.012968 0.112713
9 0.934665 0.329815 0.032421 0.113994
9 0.908728 0.327253 0.022335 0.103748
9 0.887835 0.354791 0.055476 0.274099
9 0.834520 0.310603 0.012248 0.070446
9 0.821191 0.311243 0.015850 0.074288
9 0.846408 0.335579 0.021614 0.102467
9 0.736536 0.300996 0.007925 0.028178
9 0.730412 0.300996 0.007205 0.028178
9 0.709158 0.293311 0.013689 0.040987
9 0.520780 0.292671 0.007925 0.019213
9 0.507811 0.312524 0.007925 0.043548
9 0.495923 0.315726 0.007205 0.042268
9 0.490880 0.315726 0.008646 0.042268
9 0.485837 0.315726 0.008646 0.037144
9 0.480433 0.315085 0.012248 0.043548
9 0.471788 0.313164 0.010807 0.044829
9 0.457738 0.313164 0.011528 0.042268
9 0.440807 0.323411 0.020894 0.088378
9 0.399020 0.293311 0.018012 0.056357
9 0.386772 0.301637 0.013689 0.070446
9 0.382449 0.302917 0.020894 0.073008
9 0.356152 0.302917 0.015850 0.067884
9 0.352190 0.294592 0.007925 0.030740
9 0.309322 0.313805 0.018732 0.099905
9 0.289149 0.308041 0.012968 0.062761
9 0.260330 0.302917 0.043228 0.170351
9 0.237995 0.322770 0.015850 0.143454
9 0.181919 0.313164 0.012248 0.062761
9 0.160305 0.315726 0.015130 0.065323
9 0.131125 0.316366 0.015850 0.061480
9 0.105909 0.297794 0.033142 0.103748
3 0.649511 0.336219 0.228389 0.157543
3 0.170519 0.292030 0.047551 0.030740
3 0.126930 0.308681 0.058358 0.069165
3 0.209424 0.317007 0.047551 0.052514
3 0.062448 0.299715 0.070606 0.066603
