9 0.485977 0.170812 0.015077 0.074227
9 0.308528 0.293492 0.010438 0.047423
9 0.474959 0.345039 0.009278 0.039175
9 0.254598 0.446070 0.011598 0.022680
9 0.136879 0.389369 0.012758 0.028866
9 0.564263 0.467719 0.013918 0.032990
9 0.463941 0.171843 0.017397 0.068041
9 0.777665 0.368750 0.023196 0.049485
9 0.263876 0.449162 0.006959 0.020619
9 0.321866 0.297616 0.009278 0.043299
9 0.484817 0.348132 0.008119 0.028866
9 0.643709 0.428544 0.019716 0.028866
2 0.400732 0.565657 0.183247 0.245361
2 0.758528 0.546070 0.045232 0.070103
9 0.480244 0.487867 0.010926 0.026709
