9 0.237853 0.524230 0.017547 0.084917
9 0.294392 0.519898 0.015597 0.076252
9 0.272459 0.515565 0.018521 0.095315
9 0.125263 0.565822 0.030219 0.223556
9 0.081396 0.556290 0.041917 0.204493
9 0.606330 0.517298 0.031194 0.154236
9 0.668718 0.525096 0.038992 0.176765
9 0.781796 0.522497 0.042892 0.192362
9 0.740367 0.516432 0.028269 0.180231
9 0.576111 0.491303 0.019496 0.091849
9 0.500076 0.493903 0.021446 0.090116
9 0.521522 0.493903 0.015597 0.072786
9 0.540044 0.494769 0.015597 0.064121
9 0.310476 0.512099 0.014622 0.077985
9 0.324124 0.516432 0.010723 0.069320
9 0.987480 0.489570 0.023395 0.251284
9 0.960186 0.490437 0.025345 0.239153
9 0.915832 0.436714 0.026320 0.103980
9 0.937765 0.436714 0.025345 0.086650
9 0.857831 0.509500 0.035093 0.221823
9 0.834923 0.462709 0.024370 0.128241
9 0.823225 0.506034 0.030219 0.201027
9 0.717946 0.519898 0.026320 0.173299
9 0.166205 0.517298 0.012673 0.067587
9 0.479605 0.504301 0.011698 0.065854
9 0.561002 0.491303 0.010723 0.077985
9 0.550766 0.492170 0.009748 0.069320
9 0.696988 0.501701 0.019496 0.126508
0 0.047278 0.558023 0.036068 0.190629
5 0.049715 0.603081 0.031194 0.055456
3 0.018521 0.525963 0.037043 0.088383
9 0.102355 0.523364 0.019496 0.110911
3 0.347519 0.519031 0.022421 0.050257
9 0.631188 0.512966 0.026320 0.149037
3 0.384562 0.529429 0.078959 0.095315
2 0.344595 0.343999 0.006824 0.032927
2 0.467908 0.324069 0.009748 0.034660
2 0.456697 0.323203 0.008773 0.039859
2 0.745241 0.208826 0.016572 0.053723
2 0.872940 0.334467 0.012673 0.034660
2 0.840284 0.340533 0.023395 0.046791
2 0.202273 0.448845 0.010723 0.017330
4 0.210558 0.415052 0.019496 0.008665
2 0.216895 0.455777 0.008773 0.024262
4 0.888537 0.216624 0.061413 0.107445
4 0.791544 0.194962 0.025345 0.071053
4 0.515186 0.406387 0.022421 0.019063
2 0.532245 0.436714 0.007798 0.020796
2 0.517136 0.436714 0.008773 0.017330
3 0.459134 0.522497 0.025345 0.039859
3 0.439914 0.514755 0.032228 0.066247
