2 0.468857 0.392072 0.013113 0.025432
2 0.447995 0.392072 0.016690 0.021193
2 0.428922 0.393132 0.023842 0.027551
2 0.412828 0.395251 0.013113 0.027551
2 0.394350 0.389953 0.028611 0.042386
2 0.374681 0.392072 0.020266 0.038148
2 0.347858 0.396311 0.035763 0.038148
2 0.274186 0.397370 0.042916 0.057221
2 0.228885 0.398430 0.066758 0.067818
2 0.595221 0.391012 0.013113 0.023312
2 0.617871 0.410086 0.032187 0.052983
2 0.875725 0.385714 0.128748 0.076295
2 0.582346 0.395251 0.017882 0.027551
2 0.639568 0.417504 0.048877 0.067818
2 0.539430 0.401609 0.010729 0.040267
2 0.507243 0.417504 0.070335 0.110204
2 0.835670 0.644270 0.325446 0.474725
9 0.459559 0.282928 0.008345 0.036028
9 0.712167 0.341209 0.016690 0.029670
2 0.956192 0.366640 0.015497 0.021193
9 0.578174 0.187559 0.011921 0.048744
9 0.564465 0.188618 0.013113 0.046625
2 0.551471 0.389953 0.011921 0.012716
2 0.561246 0.387833 0.009537 0.012716
