9 0.397066 0.126514 0.014941 0.048437
9 0.642281 0.257764 0.007910 0.020312
2 0.849702 0.315576 0.053613 0.057812
2 0.776314 0.323389 0.080859 0.082812
2 0.506050 0.335889 0.034277 0.048437
2 0.430464 0.322607 0.013184 0.025000
2 0.413765 0.314014 0.009668 0.020312
2 0.372896 0.328857 0.015820 0.021875
2 0.350484 0.335107 0.023730 0.031250
5 0.357076 0.309326 0.028125 0.029687
2 0.329390 0.331982 0.018457 0.028125
2 0.307417 0.348389 0.016699 0.026562
2 0.268306 0.343701 0.054492 0.054687
2 0.237105 0.339014 0.023730 0.045312
2 0.207662 0.345264 0.052734 0.057812
2 0.184810 0.338232 0.022852 0.021875
5 0.080660 0.271826 0.160840 0.304687
2 0.398384 0.315576 0.008789 0.026562
