9 0.231752 0.401429 0.006217 0.010202
9 0.356322 0.400154 0.004782 0.007651
9 0.468219 0.346596 0.006695 0.022953
9 0.494520 0.372525 0.007651 0.023804
9 0.353626 0.412594 0.004304 0.005101
9 0.312740 0.387941 0.003826 0.006801
9 0.382557 0.323615 0.005738 0.025504
2 0.361277 0.423848 0.011955 0.008501
2 0.352669 0.431925 0.014824 0.021253
2 0.340475 0.430224 0.027735 0.021253
2 0.327086 0.433200 0.027735 0.023804
2 0.308197 0.435325 0.028214 0.028054
2 0.291460 0.434900 0.020562 0.020403
2 0.274006 0.440001 0.038256 0.034005
2 0.522349 0.409761 0.007651 0.015302
2 0.510633 0.423363 0.021519 0.032305
2 0.532152 0.415286 0.015780 0.024654
2 0.448468 0.423363 0.026301 0.025504
2 0.609779 0.409336 0.005260 0.019553
2 0.617191 0.415712 0.013389 0.034005
2 0.643014 0.402960 0.006695 0.015302
2 0.649231 0.403385 0.008608 0.016152
2 0.652817 0.405510 0.009086 0.013602
2 0.664294 0.404235 0.011955 0.021253
2 0.676727 0.404660 0.010999 0.022103
2 0.687486 0.404660 0.011477 0.018703
2 0.696811 0.405510 0.010042 0.023804
2 0.707331 0.404235 0.010042 0.019553
2 0.724546 0.404235 0.026301 0.026354
2 0.239663 0.468287 0.091814 0.079912
2 0.092258 0.480868 0.072208 0.055258
2 0.051611 0.473217 0.044472 0.041656
2 0.402846 0.470666 0.107116 0.133470
2 0.482534 0.433261 0.048298 0.073961
2 0.573733 0.441337 0.088466 0.149622
2 0.631731 0.419659 0.027257 0.036555
5 0.865773 0.334099 0.266833 0.491373
