4 0.193134 0.373277 0.016528 0.032648
4 0.194511 0.433676 0.021119 0.022854
4 0.467684 0.433676 0.014692 0.045707
4 0.561344 0.374909 0.014692 0.029383
4 0.600062 0.419801 0.089068 0.073458
4 0.569302 0.504686 0.007346 0.024486
4 0.632659 0.503053 0.007346 0.027751
4 0.805746 0.242412 0.028465 0.044075
4 0.805286 0.279141 0.020201 0.022854
4 0.805286 0.316687 0.016528 0.052237
4 0.796104 0.352056 0.020201 0.016324
4 0.811714 0.364299 0.016528 0.011427
4 0.806205 0.388785 0.025710 0.011427
4 0.754325 0.435308 0.015610 0.026119
4 0.980668 0.238603 0.036729 0.044075
4 0.983423 0.300907 0.031220 0.097944
4 0.961385 0.447823 0.009182 0.065296
3 0.419477 0.519649 0.070704 0.081620
3 0.786463 0.497612 0.057848 0.066929
3 0.746105 0.476321 0.022925 0.025472
