2 0.322917 0.292239 0.008398 0.037085
2 0.501664 0.240640 0.013196 0.044787
2 0.521458 0.390995 0.009597 0.021327
2 0.333713 0.292891 0.005998 0.038389
2 0.486068 0.238507 0.010797 0.044787
2 0.521617 0.301422 0.009278 0.051185
2 0.551449 0.268365 0.009597 0.061848
2 0.572443 0.285426 0.008398 0.036256
2 0.629825 0.353673 0.024793 0.023460
3 0.372702 0.434715 0.026392 0.036256
3 0.348109 0.415521 0.022793 0.040521
1 0.325916 0.409123 0.023993 0.036256
9 0.294125 0.436848 0.015595 0.070379
9 0.277330 0.435782 0.013196 0.059716
9 0.306122 0.412322 0.010797 0.029858
9 0.640822 0.449644 0.020394 0.095971
9 0.630025 0.445379 0.010797 0.087441
9 0.601834 0.447512 0.021594 0.070379
9 0.574842 0.453910 0.013196 0.091706
9 0.566444 0.438981 0.013196 0.061848
9 0.544851 0.434715 0.013196 0.074645
9 0.532254 0.429384 0.009597 0.055450
9 0.651619 0.415521 0.013196 0.023460
4 0.535254 0.330213 0.013196 0.010664
4 0.616229 0.302488 0.021594 0.019194
3 0.453678 0.543483 0.217136 0.351896
3 0.666586 0.454774 0.014452 0.063577
4 0.586192 0.254531 0.022412 0.056250
