4 0.578814 0.545780 0.018353 0.054381
2 0.481396 0.627417 0.004588 0.012236
2 0.468396 0.635574 0.004588 0.012236
2 0.454248 0.637613 0.005353 0.010876
2 0.437042 0.628097 0.006118 0.013595
3 0.106950 0.739577 0.054296 0.076133
3 0.157422 0.731420 0.069590 0.078852
3 0.043343 0.754532 0.086685 0.108761
3 0.485093 0.665937 0.013765 0.020393
3 0.496946 0.674094 0.009941 0.017674
3 0.503446 0.676133 0.012236 0.019033
3 0.518358 0.682251 0.023707 0.031269
3 0.551241 0.680891 0.029824 0.069335
3 0.585272 0.684970 0.056590 0.082931
3 0.468268 0.668656 0.013765 0.023112
3 0.461768 0.680211 0.016059 0.040785
3 0.449915 0.677492 0.029060 0.046224
3 0.389501 0.712160 0.126945 0.172659
3 0.658686 0.694486 0.100944 0.118278
