2 0.294445 0.341858 0.011005 0.039130
2 0.455025 0.311621 0.012006 0.042688
2 0.466030 0.312510 0.010005 0.044466
2 0.086843 0.296502 0.012006 0.040909
2 0.073836 0.294723 0.012006 0.040909
4 0.136868 0.321403 0.024012 0.016008
4 0.137368 0.345415 0.025012 0.017787
4 0.010805 0.282273 0.020010 0.019565
3 0.214406 0.469032 0.021010 0.030237
4 0.220909 0.403221 0.022011 0.008893
3 0.396496 0.476146 0.013006 0.030237
3 0.414005 0.469032 0.008004 0.023123
3 0.423009 0.471700 0.020010 0.035573
3 0.548571 0.498380 0.031015 0.081818
2 0.560077 0.415672 0.010005 0.019565
4 0.546070 0.400553 0.018009 0.010672
4 0.146372 0.419229 0.029014 0.051581
3 0.174886 0.485929 0.068034 0.071146
3 0.103851 0.477036 0.042021 0.035573
3 0.068834 0.477036 0.028014 0.035573
3 0.358977 0.468142 0.074037 0.117391
3 0.238918 0.477036 0.036018 0.078261
3 0.293945 0.506384 0.132065 0.158300
3 0.470032 0.492154 0.084042 0.136957
3 0.610101 0.492154 0.120059 0.179644
