2 0.473312 0.442680 0.019716 0.035052
2 0.382848 0.434227 0.008119 0.020619
2 0.402796 0.437732 0.031778 0.031753
2 0.486070 0.432165 0.008119 0.020619
9 0.416250 0.381031 0.005799 0.016495
9 0.397693 0.398557 0.005799 0.018557
9 0.382616 0.392371 0.008119 0.018557
9 0.466121 0.372784 0.005799 0.020619
9 0.476211 0.395052 0.006959 0.016495
9 0.477951 0.413608 0.008119 0.016495
2 0.187111 0.436171 0.113528 0.082973
2 0.014927 0.495598 0.029013 0.098671
2 0.571843 0.439908 0.035320 0.033638
2 0.449065 0.426079 0.015137 0.020183
2 0.433298 0.433928 0.026490 0.031395
