4 0.263472 0.454456 0.011815 0.042009
4 0.293009 0.468777 0.008593 0.024823
4 0.506107 0.490736 0.008593 0.019095
4 0.642300 0.505057 0.008593 0.013366
2 0.542518 0.473550 0.005370 0.019095
2 0.575493 0.450637 0.004296 0.030552
3 0.556052 0.534654 0.013963 0.026733
3 0.606426 0.540382 0.017185 0.026733
3 0.615556 0.541337 0.016111 0.040099
3 0.624686 0.542292 0.017185 0.042009
3 0.640797 0.543246 0.027926 0.047737
3 0.815227 0.527970 0.182594 0.219590
3 0.304932 0.515559 0.054778 0.053465
3 0.234364 0.518423 0.062297 0.063013
3 0.534785 0.533699 0.031148 0.043918
3 0.576352 0.535608 0.027926 0.043918
3 0.671945 0.548975 0.053704 0.063013
3 0.914258 0.610078 0.169705 0.200495
9 0.063371 0.502193 0.019333 0.076379
