3 0.009748 0.529429 0.017547 0.060655
4 0.067262 0.499968 0.023395 0.039859
3 0.167180 0.517298 0.168642 0.178498
3 0.355317 0.548492 0.096506 0.116110
3 0.495202 0.562356 0.095531 0.143838
3 0.452798 0.512099 0.041917 0.088383
3 0.400646 0.532028 0.021446 0.051990
3 0.427453 0.525963 0.014622 0.036393
3 0.263198 0.502568 0.015597 0.010398
3 0.291468 0.502568 0.013647 0.013864
2 0.342158 0.455777 0.003899 0.017330
2 0.309989 0.292009 0.015597 0.053723
4 0.310476 0.255616 0.010723 0.015597
2 0.375788 0.443646 0.006824 0.020796
3 0.635575 0.528562 0.091632 0.058922
3 0.547842 0.527696 0.027295 0.046791
3 0.600482 0.518165 0.074085 0.062388
4 0.609742 0.382991 0.016572 0.017330
4 0.607793 0.446245 0.018521 0.022529
4 0.607793 0.412452 0.016572 0.041592
9 0.821276 0.509500 0.016572 0.055456
6 0.834436 0.558023 0.056539 0.097048
2 0.714534 0.287677 0.025345 0.069320
