3 0.041938 0.498969 0.083875 0.121181
3 0.096432 0.487276 0.082515 0.097795
3 0.172369 0.468142 0.038268 0.042520
3 0.207647 0.460701 0.027505 0.031890
3 0.232163 0.466016 0.023917 0.034016
3 0.257874 0.480898 0.063381 0.068032
3 0.307502 0.478772 0.038268 0.029764
3 0.294946 0.461764 0.015546 0.025512
3 0.336203 0.476646 0.026309 0.034016
3 0.318265 0.462827 0.033484 0.019134
3 0.409749 0.507473 0.058597 0.087165
3 0.483294 0.501095 0.033484 0.044646
6 0.469542 0.528732 0.015546 0.027638
0 0.466552 0.493654 0.014350 0.042520
0 0.500037 0.489402 0.026309 0.034016
6 0.501830 0.530858 0.022721 0.031890
3 0.522758 0.480898 0.023917 0.034016
3 0.579562 0.405425 0.017938 0.027638
3 0.578366 0.376725 0.020330 0.021260
9 0.698550 0.504284 0.023917 0.072283
2 0.443831 0.430937 0.009567 0.023386
2 0.488078 0.385228 0.011959 0.025512
2 0.491068 0.336331 0.008371 0.038268
4 0.369687 0.477709 0.011959 0.027638
4 0.359522 0.473457 0.010763 0.031890
0 0.841456 0.530858 0.049031 0.172205
5 0.838467 0.564874 0.045443 0.133937
2 0.610056 0.468142 0.009567 0.025512
