3 0.535384 0.415728 0.017099 0.023245
3 0.542425 0.421987 0.015087 0.025033
3 0.552986 0.433609 0.010058 0.041126
7 0.481574 0.410364 0.092533 0.187748
7 0.595732 0.399636 0.081469 0.144834
1 0.391556 0.405000 0.099574 0.184172
3 0.308075 0.487252 0.089516 0.123377
3 0.193917 0.502450 0.094545 0.103709
3 0.033493 0.563245 0.065377 0.239603
9 0.700838 0.421093 0.018104 0.087616
9 0.733526 0.411258 0.021122 0.092980
9 0.812984 0.422881 0.031180 0.123377
9 0.873834 0.470796 0.064371 0.219209
9 0.935188 0.467583 0.054313 0.262848
9 0.970894 0.441656 0.055319 0.232450
4 0.715422 0.243179 0.021122 0.017881
4 0.696815 0.245861 0.016093 0.012517
4 0.704861 0.213675 0.016093 0.033974
4 0.598247 0.273576 0.014081 0.039338
