3 0.243310 0.534490 0.133278 0.101633
3 0.483693 0.495612 0.011365 0.031224
3 0.516754 0.502041 0.009298 0.022041
3 0.549298 0.501122 0.010332 0.038571
3 0.627819 0.516735 0.016531 0.033061
3 0.656427 0.529136 0.028288 0.046844
3 0.670867 0.521326 0.024796 0.060612
3 0.083615 0.502732 0.167229 0.065965
3 0.904879 0.596326 0.189069 0.264490
3 0.160140 0.719081 0.320281 0.427959
3 0.426180 0.526224 0.077487 0.097347
3 0.535867 0.507245 0.026862 0.049592
3 0.604056 0.516428 0.039260 0.056939
3 0.729227 0.520041 0.107221 0.172674
9 0.329861 0.524750 0.031535 0.125581
9 0.346890 0.507932 0.017660 0.065033
9 0.483502 0.497840 0.010848 0.026910
3 0.561332 0.485506 0.027751 0.065033
4 0.185429 0.209676 0.052980 0.038123
4 0.362658 0.372259 0.029013 0.017940
4 0.417530 0.445141 0.007569 0.029153
4 0.874290 0.395805 0.026490 0.020183
2 0.139387 0.318438 0.036581 0.067276
4 0.252915 0.337500 0.162723 0.217525
2 0.343989 0.437292 0.013876 0.022425
2 0.535725 0.313953 0.008830 0.040365
2 0.775268 0.291528 0.012614 0.053821
2 0.791036 0.289286 0.013876 0.053821
1 0.459157 0.489991 0.042888 0.096429
1 0.500279 0.493355 0.017660 0.040365
