2 0.016108 0.469783 0.030032 0.129661
2 0.166696 0.460630 0.089237 0.099153
2 0.252930 0.462918 0.007722 0.024407
5 0.289826 0.463681 0.014587 0.019831
2 0.316855 0.478935 0.022309 0.032034
2 0.370034 0.484322 0.012013 0.021356
2 0.236607 0.459152 0.028316 0.038136
2 0.347725 0.498051 0.048051 0.076271
2 0.504748 0.530847 0.054915 0.083898
2 0.297529 0.475932 0.007722 0.013729
2 0.303535 0.478983 0.009439 0.022881
7 0.314261 0.446186 0.029174 0.048814
2 0.208302 0.440824 0.023187 0.025885
2 0.270500 0.469830 0.030890 0.035085
