1 0.016186 0.488265 0.032372 0.060612
3 0.031807 0.547609 0.063613 0.088163
3 0.174850 0.554694 0.077487 0.102857
3 0.524847 0.487653 0.012398 0.011020
3 0.536728 0.492245 0.007232 0.016531
3 0.508833 0.495918 0.015497 0.020204
3 0.506250 0.508775 0.016531 0.023878
3 0.544994 0.496837 0.015497 0.022041
3 0.322347 0.511531 0.028929 0.044082
3 0.272755 0.513367 0.082653 0.066122
3 0.251575 0.532653 0.127079 0.104694
3 0.383303 0.506020 0.047526 0.084490
3 0.558941 0.540918 0.043393 0.058775
3 0.574955 0.530816 0.015497 0.038571
3 0.618348 0.589592 0.104349 0.137755
9 0.699796 0.530204 0.016531 0.066122
4 0.945918 0.471256 0.020663 0.036735
4 0.443284 0.457481 0.013431 0.023878
