9 0.595291 0.479118 0.005956 0.021176
9 0.198033 0.501618 0.005956 0.023824
9 0.589335 0.479118 0.005956 0.021176
2 0.571318 0.555883 0.013401 0.021176
2 0.585464 0.555883 0.017868 0.026471
2 0.639513 0.569118 0.028290 0.084706
2 0.661848 0.577059 0.046158 0.105882
2 0.696839 0.586324 0.068493 0.150882
2 0.785581 0.596912 0.175699 0.246177
2 0.552706 0.553236 0.011912 0.021176
2 0.544517 0.550589 0.013401 0.031765
2 0.496125 0.565147 0.014890 0.045000
2 0.477662 0.567795 0.032757 0.050294
2 0.529776 0.553236 0.020846 0.031765
2 0.607649 0.562500 0.037224 0.050294
2 0.904104 0.636618 0.190588 0.468530
7 0.376710 0.504265 0.148897 0.164118
