9 0.301793 0.631663 0.005696 0.016878
9 0.372996 0.636726 0.005696 0.016878
2 0.248753 0.682436 0.027532 0.045570
2 0.202709 0.654588 0.037975 0.023629
2 0.216949 0.711972 0.053165 0.101266
2 0.126285 0.706909 0.166139 0.178903
2 0.649860 0.684968 0.062658 0.081013
2 0.341316 0.682436 0.039873 0.042194
2 0.313310 0.675685 0.031329 0.035443
2 0.799261 0.774279 0.282911 0.281856
2 0.063027 0.742211 0.124367 0.197468
2 0.500211 0.803815 0.375949 0.388185
2 0.927426 0.732929 0.140506 0.283544
9 0.015559 0.636726 0.008544 0.013502
