2 0.048864 0.495340 0.021041 0.029471
2 0.364473 0.485705 0.010839 0.021537
2 0.283180 0.511209 0.007651 0.013602
2 0.517814 0.550881 0.007651 0.015869
2 0.222627 0.627393 0.008289 0.010202
4 0.192322 0.597808 0.018490 0.034005
4 0.108479 0.622745 0.015302 0.029471
4 0.270795 0.608366 0.008926 0.043073
4 0.791391 0.529021 0.040168 0.018136
4 0.900101 0.215365 0.105841 0.170025
4 0.804280 0.522382 0.021678 0.092947
3 0.179589 0.689735 0.016577 0.014736
3 0.253869 0.680667 0.018490 0.019270
3 0.199354 0.688224 0.020403 0.021537
3 0.223583 0.683690 0.022953 0.021537
2 0.288599 0.645415 0.007014 0.011335
4 0.286686 0.656750 0.007014 0.011335
3 0.391252 0.673186 0.043994 0.060076
3 0.573412 0.704387 0.186178 0.269713
3 0.848091 0.635214 0.078813 0.065743
4 0.055552 0.554296 0.034277 0.053906
3 0.764170 0.657421 0.143701 0.152344
3 0.700889 0.648046 0.046143 0.063281
