2 0.016819 0.592026 0.030274 0.094186
2 0.978020 0.546054 0.040365 0.074003
2 0.517602 0.581935 0.012614 0.015698
2 0.502465 0.576328 0.012614 0.026910
2 0.483544 0.571843 0.030274 0.035880
2 0.455793 0.576328 0.035320 0.035880
2 0.677803 0.572965 0.015137 0.020183
2 0.700508 0.570722 0.015137 0.024668
2 0.714384 0.566237 0.017660 0.033638
2 0.731413 0.558388 0.031535 0.040365
2 0.086828 0.575207 0.117312 0.078488
2 0.416689 0.578571 0.042888 0.040365
2 0.766733 0.553903 0.056764 0.062791
2 0.601487 0.537084 0.157677 0.109884
