9 0.370808 0.548461 0.010005 0.016008
9 0.326786 0.590260 0.010005 0.017787
9 0.590417 0.541347 0.007003 0.016008
9 0.631937 0.572473 0.008004 0.014229
2 0.509252 0.606077 0.010005 0.019565
2 0.520257 0.609635 0.012006 0.019565
2 0.542768 0.602520 0.031015 0.023123
2 0.492743 0.606077 0.011005 0.023123
2 0.500747 0.605188 0.011005 0.014229
2 0.500747 0.621196 0.017008 0.028459
2 0.481738 0.613192 0.015007 0.023123
2 0.488241 0.636314 0.022011 0.037352
2 0.465230 0.608745 0.012006 0.021344
2 0.454224 0.633646 0.020010 0.049802
9 0.430713 0.592737 0.011005 0.014229
2 0.417206 0.656621 0.080040 0.126285
7 0.114646 0.645266 0.193275 0.191682
2 0.582454 0.637056 0.021010 0.033794
2 0.539218 0.671739 0.076608 0.135178
5 0.858674 0.608301 0.281139 0.622530
2 0.707149 0.663439 0.054027 0.110277
