2 0.442491 0.278203 0.006592 0.025781
2 0.538072 0.286406 0.007910 0.018750
4 0.602671 0.318047 0.013184 0.011719
4 0.764829 0.308672 0.015820 0.044531
4 0.308018 0.270000 0.011865 0.042187
9 0.248033 0.369609 0.021094 0.077344
3 0.412827 0.363750 0.015820 0.042187
3 0.401621 0.369609 0.019775 0.044531
3 0.381846 0.373125 0.040869 0.060937
3 0.631016 0.369609 0.040869 0.058594
3 0.772080 0.395390 0.069873 0.082031
3 0.309996 0.378984 0.110742 0.152344
3 0.472154 0.348515 0.010547 0.021094
3 0.435899 0.345000 0.014502 0.023437
3 0.497202 0.366093 0.031641 0.046875
3 0.542686 0.368437 0.030322 0.042187
3 0.573667 0.368437 0.031641 0.051562
3 0.654087 0.384843 0.047461 0.065625
3 0.714732 0.387187 0.065918 0.084375
3 0.453037 0.368437 0.046143 0.079687
1 0.863047 0.400078 0.143701 0.133594
3 0.131267 0.445781 0.262535 0.281250
3 0.044915 0.594609 0.089830 0.222656
