9 0.492517 0.299630 0.007491 0.026634
9 0.380624 0.332922 0.006554 0.023305
9 0.388115 0.331258 0.006554 0.023305
9 0.375942 0.333755 0.008427 0.024969
9 0.500008 0.302127 0.007491 0.024969
9 0.486431 0.297133 0.004682 0.024969
9 0.559934 0.362885 0.007491 0.013317
2 0.481749 0.382861 0.008427 0.013317
2 0.468172 0.388687 0.005618 0.014982
2 0.462554 0.392848 0.011236 0.019975
2 0.454127 0.400339 0.016854 0.028298
2 0.476599 0.393681 0.016854 0.021640
7 0.433527 0.397010 0.035581 0.051603
2 0.431655 0.417818 0.020600 0.029963
2 0.416673 0.435296 0.028090 0.038286
2 0.367047 0.474414 0.035581 0.076572
7 0.289330 0.445284 0.146070 0.234710
2 0.306185 0.517694 0.108616 0.129840
2 0.130152 0.582614 0.187269 0.173120
2 0.048690 0.615074 0.097380 0.201418
2 0.546825 0.394513 0.117979 0.056597
9 0.603006 0.360388 0.018727 0.018311
2 0.664336 0.673336 0.495326 0.560974
