9 0.415756 0.522497 0.014622 0.029461
9 0.492278 0.527696 0.013647 0.032927
9 0.478631 0.564089 0.009748 0.012131
2 0.460109 0.597016 0.027295 0.036393
2 0.441588 0.601348 0.025345 0.038126
2 0.482042 0.594416 0.010723 0.024262
2 0.489841 0.596149 0.014622 0.020796
2 0.506413 0.601348 0.018521 0.031194
2 0.518598 0.608280 0.021446 0.041592
2 0.546380 0.605681 0.036068 0.057189
2 0.561489 0.613479 0.027295 0.062388
2 0.575137 0.611746 0.029244 0.090116
2 0.617053 0.617812 0.079934 0.126508
2 0.684803 0.632542 0.123801 0.169833
2 0.832486 0.667202 0.304140 0.249551
2 0.420630 0.602215 0.008773 0.029461
2 0.415268 0.606547 0.013647 0.027728
2 0.402108 0.606547 0.014622 0.027728
2 0.389436 0.610013 0.012673 0.038126
2 0.376276 0.614346 0.019496 0.043325
2 0.352880 0.621278 0.029244 0.053723
7 0.304627 0.596149 0.075060 0.128241
2 0.144272 0.647272 0.136473 0.168100
2 0.057026 0.683665 0.110153 0.192362
