4 0.606818 0.252150 0.008773 0.015597
2 0.471320 0.244352 0.004874 0.017330
3 0.032656 0.532895 0.065312 0.185430
3 0.128187 0.453177 0.211533 0.199294
3 0.270997 0.398588 0.105279 0.124775
3 0.413806 0.324069 0.051665 0.058922
3 0.441101 0.321470 0.012673 0.039859
3 0.452311 0.314538 0.019496 0.043325
3 0.470832 0.298075 0.021446 0.034660
3 0.483017 0.291143 0.016572 0.031194
3 0.495690 0.290276 0.004874 0.022529
3 0.501051 0.291143 0.007798 0.027728
3 0.878789 0.560623 0.240778 0.379525
3 0.771560 0.415918 0.184239 0.228755
3 0.536632 0.376926 0.096506 0.140372
3 0.656046 0.333601 0.068237 0.088383
3 0.611205 0.299808 0.031194 0.041592
3 0.554666 0.311939 0.042892 0.048524
3 0.592683 0.286810 0.019496 0.032927
7 0.549304 0.270347 0.041917 0.062388
3 0.577086 0.284211 0.011698 0.024262
