9 0.524707 0.298125 0.011602 0.052500
9 0.682383 0.407812 0.008437 0.035625
9 0.488847 0.431250 0.007383 0.022500
9 0.530508 0.459375 0.006328 0.018750
9 0.978222 0.090000 0.041133 0.172500
9 0.985078 0.265312 0.027422 0.091875
9 0.685547 0.455625 0.012656 0.022500
9 0.946054 0.286875 0.018984 0.063750
2 0.535254 0.522187 0.011602 0.022500
2 0.476191 0.524062 0.049570 0.048750
2 0.513633 0.528750 0.035859 0.050625
2 0.418711 0.544687 0.033750 0.067500
2 0.881191 0.504375 0.009492 0.018750
2 0.890683 0.501562 0.015820 0.024375
2 0.900175 0.498750 0.015820 0.030000
2 0.923906 0.492187 0.050625 0.054375
2 0.950800 0.493125 0.079102 0.048750
2 0.989297 0.485625 0.018984 0.041250
2 0.996679 0.508125 0.004219 0.030000
7 0.375996 0.528750 0.055898 0.108750
2 0.456152 0.559687 0.089648 0.103125
2 0.718242 0.499687 0.033750 0.061875
2 0.775195 0.509062 0.101250 0.076875
2 0.789433 0.515625 0.127617 0.060000
7 0.582715 0.531562 0.076992 0.155625
5 0.170332 0.466875 0.340664 0.611250
