4 0.324716 0.518246 0.016795 0.012796
4 0.291126 0.494786 0.021594 0.017062
4 0.282129 0.476658 0.017995 0.014929
4 0.291126 0.461730 0.007198 0.019194
4 0.256936 0.477725 0.013196 0.017062
2 0.276130 0.533175 0.017995 0.025592
2 0.376901 0.472393 0.008398 0.040521
2 0.367903 0.475592 0.004799 0.038389
2 0.384098 0.473459 0.008398 0.042654
2 0.499264 0.446801 0.008398 0.027725
7 0.302523 0.602488 0.080376 0.138626
7 0.358306 0.604620 0.079176 0.177014
3 0.309121 0.624881 0.033590 0.098104
3 0.172361 0.581161 0.062381 0.027725
3 0.249139 0.664336 0.100770 0.164218
3 0.149568 0.703791 0.194342 0.255924
3 0.502263 0.765639 0.345497 0.456398
3 0.085387 0.727251 0.169150 0.516113
1 0.738593 0.541706 0.518246 0.895734
