4 0.070600 0.182908 0.043909 0.182143
4 0.317698 0.349745 0.018080 0.081122
4 0.702982 0.213521 0.030995 0.145408
4 0.607845 0.338265 0.018080 0.076531
4 0.579002 0.374235 0.012054 0.056633
4 0.550160 0.404082 0.009471 0.039796
4 0.545424 0.414796 0.008610 0.030612
4 0.109343 0.419388 0.018080 0.039796
4 0.051658 0.371174 0.021524 0.068878
3 0.443830 0.482143 0.024968 0.044388
3 0.405517 0.489031 0.025829 0.052041
3 0.296174 0.511225 0.055102 0.075000
3 0.256139 0.506633 0.042188 0.053571
3 0.193718 0.537245 0.105038 0.117857
3 0.136894 0.510459 0.030995 0.036735
3 0.524933 0.467449 0.012915 0.021429
3 0.533973 0.474337 0.012054 0.038265
3 0.561955 0.487347 0.055963 0.082653
7 0.629512 0.456123 0.081792 0.116327
3 0.494771 0.489796 0.061990 0.104082
3 0.691203 0.528980 0.159592 0.189796
7 0.354838 0.444031 0.037883 0.041327
3 0.347245 0.506446 0.057685 0.099490
3 0.076674 0.594925 0.152392 0.278572
0 0.842889 0.454592 0.037022 0.102551
9 0.949650 0.453827 0.028412 0.104082
9 0.976340 0.435459 0.028412 0.076531
5 0.851499 0.511990 0.059407 0.071939
5 0.878189 0.499745 0.031856 0.078061
