3 0.925087 0.629089 0.147429 0.232974
3 0.944978 0.502202 0.107646 0.116487
3 0.796964 0.586447 0.202422 0.189291
3 0.510882 0.502202 0.051483 0.062404
3 0.421372 0.469960 0.019891 0.022881
3 0.444773 0.492841 0.031592 0.056163
3 0.338882 0.474120 0.032762 0.043683
3 0.376909 0.458519 0.026912 0.041602
3 0.402650 0.456439 0.017551 0.033282
3 0.402650 0.520923 0.064354 0.104006
3 0.302609 0.479320 0.021061 0.029122
3 0.141140 0.476200 0.063184 0.043683
3 0.564924 0.529837 0.063623 0.071913
2 0.307875 0.381554 0.005850 0.029122
2 0.311908 0.383692 0.007145 0.028642
2 0.302024 0.381851 0.005850 0.033282
2 0.447113 0.403693 0.005850 0.022881
2 0.451208 0.403693 0.004680 0.027042
2 0.444188 0.402653 0.004680 0.024961
9 0.480460 0.477240 0.004680 0.020801
3 0.634178 0.488829 0.044463 0.024961
3 0.599076 0.475309 0.025742 0.018721
3 0.588545 0.494030 0.039782 0.031202
