2 0.473730 0.540458 0.007722 0.013729
2 0.465149 0.541220 0.011155 0.018305
2 0.458714 0.548847 0.008581 0.021356
2 0.451420 0.553424 0.016303 0.033559
2 0.433830 0.560288 0.029174 0.047288
2 0.372051 0.561051 0.008581 0.021356
2 0.396162 0.577220 0.055087 0.075051
2 0.362269 0.562576 0.017161 0.036610
2 0.345108 0.567915 0.020593 0.047288
2 0.323228 0.567152 0.035180 0.051864
2 0.273461 0.529017 0.057489 0.045763
2 0.483941 0.587288 0.068301 0.094576
2 0.487115 0.543813 0.014587 0.007627
2 0.073020 0.626491 0.136087 0.139424
2 0.149644 0.589424 0.032606 0.054915
2 0.192118 0.577220 0.050625 0.067119
2 0.221720 0.691627 0.260847 0.289830
2 0.011841 0.665847 0.020593 0.114407
7 0.538255 0.533898 0.026600 0.125085
7 0.579013 0.491186 0.065212 0.259322
7 0.793096 0.407288 0.385265 0.695593
9 0.452021 0.504915 0.008581 0.018305
