9 0.156891 0.364484 0.011439 0.018772
9 0.271721 0.247161 0.021118 0.025029
9 0.564736 0.256547 0.015839 0.031286
9 0.495553 0.377260 0.007919 0.017207
9 0.471310 0.392419 0.007039 0.018772
9 0.919091 0.259676 0.036077 0.046929
2 0.374188 0.450521 0.029917 0.048494
2 0.336791 0.446611 0.053675 0.059444
2 0.490910 0.435191 0.009679 0.018772
2 0.479911 0.437538 0.015839 0.020336
2 0.548545 0.410944 0.010559 0.017207
2 0.540186 0.411727 0.009679 0.015643
2 0.525667 0.442231 0.043996 0.070394
2 0.572303 0.432845 0.014079 0.020336
2 0.582862 0.444577 0.010559 0.015643
2 0.592541 0.443795 0.008799 0.017207
2 0.600461 0.445359 0.010559 0.023465
2 0.609260 0.444577 0.010559 0.025029
2 0.618499 0.443795 0.009679 0.029722
2 0.625978 0.443013 0.008799 0.028158
2 0.633898 0.439102 0.010559 0.035979
2 0.640937 0.438320 0.010559 0.037543
2 0.663815 0.443013 0.047516 0.050058
2 0.427995 0.435191 0.084473 0.140788
2 0.932076 0.461919 0.132869 0.231518
9 0.549643 0.385714 0.011365 0.022041
