2 0.369703 0.495497 0.013196 0.059716
2 0.480670 0.475237 0.011996 0.044787
2 0.471073 0.537085 0.009597 0.019194
2 0.409291 0.544549 0.013196 0.021327
4 0.483069 0.554147 0.011996 0.019194
4 0.522057 0.542417 0.013196 0.025592
4 0.540652 0.536019 0.016795 0.034123
3 0.455477 0.593601 0.009597 0.017062
3 0.463875 0.603199 0.011996 0.031990
3 0.477071 0.613862 0.028791 0.049052
3 0.433884 0.636255 0.047986 0.076777
3 0.523257 0.657582 0.039588 0.076777
3 0.553848 0.667180 0.057583 0.104502
3 0.657617 0.681042 0.214736 0.251659
3 0.858500 0.727962 0.283000 0.541706
