2 0.542221 0.414162 0.023419 0.057964
2 0.533666 0.404813 0.010518 0.013089
2 0.495803 0.413227 0.023139 0.033657
2 0.468457 0.416967 0.037864 0.074792
2 0.432171 0.430991 0.059951 0.114058
2 0.401144 0.443144 0.084141 0.164543
2 0.308273 0.459973 0.192473 0.239335
2 0.683964 0.432860 0.033867 0.057964
2 0.714570 0.435665 0.056795 0.067313
2 0.775257 0.465582 0.135678 0.142105
2 0.518626 0.410423 0.015776 0.024307
2 0.626432 0.429121 0.012621 0.046745
2 0.582679 0.437535 0.091504 0.143975
9 0.424388 0.364145 0.010518 0.024307
9 0.508529 0.326749 0.008414 0.020568
9 0.506426 0.364145 0.008414 0.016828
9 0.596352 0.332358 0.008414 0.024307
9 0.484864 0.394997 0.008414 0.018698
9 0.689959 0.380038 0.012621 0.014958
2 0.673341 0.426316 0.027346 0.044875
2 0.886639 0.595534 0.224026 0.448754
2 0.145144 0.582445 0.290288 0.456233
