9 0.139863 0.054635 0.026629 0.107739
9 0.615964 0.236648 0.020201 0.086518
9 0.134061 0.536518 0.005509 0.019589
2 0.017363 0.630651 0.034726 0.044075
2 0.444270 0.611336 0.010101 0.011427
2 0.452993 0.617866 0.012855 0.014692
2 0.432792 0.613785 0.012855 0.013059
2 0.418100 0.615417 0.016528 0.029383
2 0.321686 0.613785 0.016528 0.013059
2 0.489722 0.621947 0.014692 0.026119
2 0.506709 0.626844 0.021119 0.029383
2 0.240729 0.617866 0.019283 0.024486
2 0.193440 0.623579 0.018365 0.026119
2 0.170944 0.622763 0.026629 0.031016
2 0.070704 0.630925 0.042239 0.037545
2 0.264144 0.618682 0.036729 0.039178
2 0.396828 0.612969 0.015610 0.024486
2 0.431720 0.646433 0.039484 0.055502
2 0.531960 0.635822 0.036729 0.047340
2 0.641689 0.658676 0.039484 0.057134
2 0.686682 0.660308 0.072540 0.089782
2 0.733756 0.693773 0.140489 0.127328
