9 0.034237 0.400709 0.018557 0.030928
9 0.260397 0.257410 0.013918 0.053608
9 0.476119 0.257410 0.011598 0.061856
9 0.637330 0.363595 0.009278 0.030928
9 0.670964 0.414111 0.013918 0.024742
9 0.663425 0.426482 0.008119 0.028866
9 0.719675 0.458441 0.011598 0.026804
9 0.277794 0.428544 0.009278 0.016495
9 0.341582 0.429575 0.009278 0.018557
9 0.053953 0.447101 0.011598 0.020619
9 0.233722 0.426482 0.009278 0.024742
9 0.251118 0.251224 0.009278 0.065979
9 0.467420 0.253286 0.008119 0.061856
9 0.679082 0.325451 0.011598 0.041237
9 0.236041 0.388338 0.009278 0.026804
9 0.224443 0.389369 0.009278 0.032990
9 0.012201 0.397616 0.023196 0.041237
2 0.599057 0.507925 0.055670 0.047423
2 0.323583 0.468729 0.011598 0.020619
2 0.311405 0.468729 0.012758 0.020619
5 0.346199 0.472852 0.033634 0.053608
2 0.353737 0.490722 0.018557 0.028866
2 0.405507 0.494227 0.042912 0.039175
2 0.112080 0.483918 0.049871 0.063918
2 0.063368 0.494227 0.047552 0.051546
2 0.963209 0.535052 0.070747 0.080412
2 0.303866 0.485567 0.023196 0.026804
