3 0.425965 0.570291 0.018932 0.026177
4 0.437009 0.525416 0.013673 0.018698
4 0.408085 0.530090 0.016828 0.035526
2 0.358126 0.445949 0.009466 0.046745
2 0.365489 0.449689 0.007362 0.031787
3 0.194051 0.571226 0.146196 0.114058
3 0.100444 0.572161 0.051537 0.037396
2 0.074675 0.364612 0.016828 0.086011
2 0.095185 0.359938 0.022087 0.072922
4 0.083615 0.445014 0.034708 0.059834
4 0.087297 0.500173 0.021035 0.043006
3 0.098866 0.710994 0.197732 0.487085
1 0.316582 0.602078 0.210353 0.237465
3 0.519573 0.514197 0.084141 0.028047
2 0.534297 0.373026 0.010518 0.041136
4 0.603714 0.373961 0.048381 0.020568
2 0.621594 0.496434 0.007362 0.018698
2 0.629482 0.523546 0.008414 0.020568
4 0.705735 0.347784 0.026294 0.065443
4 0.766212 0.418837 0.023139 0.057964
4 0.721512 0.433795 0.017880 0.016828
4 0.708891 0.453428 0.011569 0.018698
2 0.724667 0.476801 0.013673 0.024307
4 0.710468 0.510457 0.010518 0.043006
4 0.711520 0.536635 0.014725 0.016828
4 0.760953 0.528220 0.014725 0.048615
7 0.911242 0.530268 0.170159 0.108094
3 0.905404 0.727241 0.186497 0.450395
3 0.540753 0.730160 0.307116 0.439405
