2 0.110779 0.763406 0.219973 0.453467
2 0.883025 0.694762 0.226994 0.432666
2 0.384575 0.615717 0.091265 0.112327
2 0.523814 0.576195 0.023401 0.037442
2 0.442494 0.592836 0.040952 0.062404
2 0.463555 0.580355 0.029252 0.054083
2 0.755487 0.640678 0.168490 0.216333
2 0.644916 0.605316 0.080735 0.108166
2 0.603378 0.605316 0.023401 0.070724
2 0.586412 0.586595 0.045633 0.091525
2 0.566521 0.584515 0.024571 0.058243
2 0.551310 0.581395 0.017551 0.039522
2 0.539025 0.562674 0.011701 0.027042
7 0.472331 0.562674 0.044463 0.076965
7 0.494562 0.564754 0.011701 0.060324
