9 0.094410 0.509719 0.045071 0.191817
9 0.158602 0.510933 0.042339 0.169964
9 0.200258 0.504863 0.043705 0.162680
9 0.237817 0.501221 0.039608 0.160252
9 0.795740 0.473298 0.016389 0.075270
9 0.911148 0.479368 0.020487 0.101978
9 0.259670 0.485438 0.025950 0.143256
9 0.845591 0.461158 0.009560 0.075270
9 0.851737 0.472084 0.016389 0.092266
9 0.883833 0.480582 0.023218 0.099550
9 0.868809 0.475726 0.009560 0.104407
9 0.943927 0.474512 0.015024 0.097122
9 0.933001 0.472084 0.009560 0.101978
9 0.054119 0.509719 0.027316 0.211241
9 0.954853 0.476940 0.006829 0.101978
1 0.030901 0.560708 0.060094 0.871673
1 0.964282 0.419881 0.069391 0.832824
2 0.904680 0.017569 0.025229 0.032363
2 0.444050 0.115506 0.012292 0.058273
2 0.925489 0.020812 0.010926 0.038849
2 0.308155 0.252692 0.016389 0.070414
2 0.466586 0.126433 0.019121 0.094694
3 0.422198 0.530358 0.326422 0.636152
1 0.565776 0.445549 0.035510 0.092266
2 0.275547 0.381205 0.017755 0.031565
4 0.274181 0.322932 0.025950 0.016996
4 0.274864 0.304721 0.021853 0.014568
4 0.293985 0.340900 0.027316 0.019424
4 0.652025 0.332401 0.013658 0.016996
4 0.653391 0.365180 0.016389 0.019424
4 0.653391 0.382177 0.013658 0.009712
4 0.656805 0.408885 0.006829 0.029137
3 0.126696 0.504474 0.195839 0.163421
