3 0.544219 0.354481 0.032954 0.048396
3 0.421716 0.346415 0.014328 0.030566
3 0.270557 0.348963 0.053013 0.035660
3 0.222559 0.350236 0.085967 0.048396
3 0.450372 0.369340 0.054446 0.071321
4 0.861581 0.062830 0.080236 0.081510
4 0.543503 0.276793 0.028656 0.050943
4 0.543503 0.307359 0.017193 0.025472
4 0.486191 0.308632 0.022925 0.022925
4 0.324287 0.260236 0.028656 0.043302
4 0.322854 0.293349 0.020059 0.022925
4 0.239036 0.262783 0.087400 0.084057
4 0.376583 0.295896 0.010029 0.022925
4 0.380165 0.320095 0.011462 0.025472
4 0.405239 0.309906 0.012895 0.025472
2 0.446074 0.292076 0.011462 0.030566
2 0.426015 0.289104 0.011462 0.028019
3 0.529891 0.348963 0.018626 0.025472
