2 0.067094 0.610484 0.132481 0.301079
2 0.887930 0.667543 0.219891 0.624011
2 0.138798 0.535214 0.174820 0.189389
2 0.573800 0.506077 0.088776 0.145684
2 0.404443 0.490295 0.113360 0.201529
2 0.684428 0.526715 0.217160 0.245234
2 0.470683 0.464800 0.024584 0.048561
2 0.348445 0.452660 0.015024 0.024281
2 0.461123 0.440519 0.016389 0.029137
9 0.174991 0.384674 0.015024 0.024281
9 0.154504 0.383460 0.012292 0.016996
9 0.265816 0.398028 0.013658 0.021853
9 0.525314 0.285124 0.008195 0.033993
9 0.322496 0.299692 0.009560 0.038849
9 0.330007 0.301253 0.005463 0.050989
9 0.314301 0.300906 0.006829 0.041277
9 0.514388 0.285124 0.008195 0.043705
9 0.532826 0.285124 0.006829 0.038849
2 0.200810 0.457510 0.064337 0.055456
