2 0.414922 0.457635 0.011569 0.028047
2 0.408085 0.459505 0.008414 0.031787
2 0.402301 0.460440 0.009466 0.037396
2 0.389679 0.460440 0.017880 0.041136
2 0.379162 0.462310 0.015776 0.041136
2 0.372325 0.464180 0.014725 0.048615
2 0.353394 0.465114 0.035760 0.054224
2 0.327099 0.479138 0.033657 0.056094
2 0.287132 0.476333 0.052588 0.076662
2 0.242958 0.493162 0.063106 0.084141
2 0.165127 0.497836 0.109384 0.127147
2 0.450682 0.445482 0.007362 0.014958
2 0.494856 0.447351 0.005259 0.014958
2 0.501167 0.447351 0.007362 0.018698
2 0.506426 0.446416 0.007362 0.016828
2 0.510633 0.449221 0.007362 0.026177
2 0.516943 0.447351 0.007362 0.029917
2 0.525357 0.447351 0.015776 0.041136
2 0.541660 0.450156 0.033657 0.054224
2 0.563221 0.453896 0.024191 0.091621
2 0.587937 0.460440 0.056795 0.119668
2 0.618439 0.470724 0.056795 0.147715
2 0.717305 0.481943 0.180904 0.218767
2 0.460148 0.450935 0.019984 0.028047
2 0.058899 0.535076 0.117798 0.166413
2 0.434905 0.460596 0.036812 0.052355
2 0.488020 0.449377 0.006311 0.014958
