2 0.663377 0.497848 0.024968 0.045918
2 0.279385 0.604592 0.019802 0.018367
2 0.384423 0.341327 0.006027 0.064286
2 0.374522 0.336735 0.012054 0.061225
4 0.651754 0.452296 0.025829 0.035204
3 0.489892 0.667347 0.053380 0.070408
3 0.109774 0.701786 0.093846 0.111735
3 0.222130 0.669643 0.043048 0.062755
3 0.199745 0.668113 0.022385 0.056633
3 0.154114 0.665051 0.012054 0.026020
3 0.047066 0.673215 0.020663 0.022959
3 0.025542 0.664796 0.013776 0.018367
3 0.010045 0.668623 0.015497 0.016837
3 0.418575 0.669388 0.050797 0.052041
9 0.005740 0.682653 0.006888 0.039796
3 0.451722 0.662500 0.030995 0.050510
3 0.521461 0.668623 0.015497 0.026020
3 0.536958 0.667857 0.017219 0.021429
3 0.619611 0.660970 0.013776 0.016837
3 0.630804 0.657908 0.010332 0.022959
3 0.640275 0.657143 0.012054 0.021429
3 0.581298 0.630357 0.035300 0.022959
3 0.575702 0.674745 0.061990 0.093367
