5 0.393335 0.408120 0.121851 0.258216
2 0.932891 0.599615 0.130624 0.287677
2 0.833461 0.496502 0.331435 0.306740
2 0.651172 0.487837 0.113078 0.140372
2 0.594145 0.467041 0.071161 0.116110
2 0.557103 0.459243 0.028269 0.072786
2 0.538094 0.454044 0.042892 0.072786
2 0.514699 0.457510 0.013647 0.045058
2 0.507387 0.450578 0.026320 0.048524
2 0.493253 0.454044 0.015597 0.041592
2 0.459622 0.452311 0.010723 0.034660
2 0.024370 0.480039 0.048740 0.110911
2 0.080909 0.484371 0.077985 0.088383
2 0.138910 0.469641 0.067262 0.083184
2 0.192037 0.467908 0.046791 0.069320
2 0.227130 0.448845 0.054589 0.086650
2 0.096993 0.438447 0.034118 0.017330
