4 0.255400 0.281091 0.027295 0.020796
4 0.239803 0.262895 0.031194 0.022529
2 0.237853 0.354743 0.025345 0.036393
3 0.378713 0.438793 0.012673 0.034660
3 0.366528 0.441393 0.009748 0.039859
3 0.360679 0.444859 0.011698 0.053723
3 0.343132 0.444859 0.033143 0.074519
3 0.308039 0.454390 0.064337 0.083184
3 0.389923 0.433595 0.011698 0.024262
3 0.459622 0.430995 0.010723 0.046791
3 0.525421 0.444859 0.037043 0.057189
3 0.569288 0.451791 0.072136 0.091849
3 0.487404 0.428396 0.050690 0.090116
3 0.641424 0.424063 0.062388 0.088383
4 0.899260 0.240366 0.038018 0.022529
4 0.910471 0.213505 0.013647 0.024262
4 0.882689 0.271560 0.024370 0.022529
2 0.770098 0.041938 0.029244 0.076252
2 0.743291 0.033967 0.022421 0.067933
3 0.415268 0.429262 0.019496 0.029461
