2 0.453678 0.429739 0.020394 0.019194
2 0.413490 0.431872 0.031191 0.031990
2 0.384098 0.436137 0.022793 0.023460
2 0.355310 0.436137 0.029985 0.031991
2 0.327493 0.440778 0.037633 0.054068
2 0.289327 0.440403 0.044387 0.044787
2 0.243140 0.452132 0.057583 0.055450
2 0.120177 0.481990 0.097171 0.098104
2 0.026198 0.518246 0.052397 0.115166
2 0.474672 0.422275 0.014396 0.042654
2 0.499264 0.416943 0.039588 0.087441
2 0.549049 0.435071 0.076777 0.127962
2 0.615030 0.454265 0.131961 0.183412
2 0.742792 0.504384 0.250726 0.245260
