4 0.416360 0.384820 0.039597 0.075087
4 0.879494 0.492758 0.025518 0.053187
4 0.635755 0.557416 0.013199 0.031286
4 0.537203 0.576188 0.009679 0.018772
4 0.501126 0.580099 0.009679 0.017207
4 0.418853 0.554287 0.029917 0.034415
3 0.364509 0.610863 0.017598 0.017207
3 0.289715 0.606170 0.019358 0.017207
3 0.330192 0.612428 0.012319 0.014079
3 0.315673 0.617903 0.021998 0.031286
3 0.342071 0.628071 0.029038 0.032851
3 0.507937 0.613210 0.028158 0.046929
3 0.433143 0.617121 0.017598 0.029722
3 0.484179 0.628071 0.047516 0.064137
3 0.560732 0.610081 0.038717 0.046929
3 0.202603 0.652318 0.107351 0.125145
