3 0.340479 0.407561 0.152835 0.186354
3 0.703763 0.443836 0.136832 0.139410
3 0.607740 0.399025 0.055213 0.064015
3 0.494114 0.372708 0.020005 0.028451
3 0.461707 0.366307 0.019204 0.021338
3 0.832592 0.434589 0.135231 0.132297
3 0.640948 0.392624 0.025606 0.042677
3 0.569732 0.384089 0.033608 0.048367
3 0.543726 0.381955 0.021605 0.035564
3 0.531723 0.374131 0.020005 0.034141
3 0.514519 0.370574 0.024006 0.029874
3 0.448504 0.362039 0.013603 0.015648
3 0.436101 0.362039 0.008002 0.018493
3 0.428099 0.359194 0.011203 0.018493
3 0.105224 0.382666 0.160837 0.093888
3 0.243656 0.371997 0.039209 0.035564
3 0.477310 0.360617 0.010402 0.021338
4 0.432500 0.313672 0.032808 0.029874
4 0.468508 0.312250 0.034408 0.035564
4 0.517720 0.346391 0.006401 0.018493
