3 0.545040 0.361072 0.014351 0.013311
3 0.557832 0.364400 0.014975 0.017749
3 0.569999 0.371056 0.018095 0.017749
3 0.479211 0.363845 0.013727 0.016639
3 0.462676 0.366619 0.014351 0.017749
3 0.394975 0.374106 0.026207 0.021631
3 0.347241 0.377711 0.021839 0.017749
3 0.327898 0.379930 0.013103 0.019967
3 0.301067 0.376602 0.043054 0.042153
3 0.644876 0.412654 0.076749 0.088743
3 0.698537 0.400452 0.048046 0.055464
3 0.751575 0.362736 0.043054 0.015530
3 0.925274 0.469227 0.148661 0.160846
3 0.167537 0.387029 0.079245 0.038825
1 0.381871 0.358299 0.043678 0.051027
3 0.445205 0.367728 0.019343 0.021076
3 0.522265 0.362736 0.014975 0.015530
3 0.609621 0.379375 0.018719 0.022186
3 0.598702 0.378266 0.010608 0.017749
4 0.160205 0.091516 0.056782 0.090961
4 0.408390 0.317810 0.013103 0.007765
4 0.467980 0.318919 0.008736 0.014421
4 0.572807 0.333340 0.007488 0.007765
4 0.560015 0.336668 0.005616 0.005546
4 0.610869 0.333895 0.013727 0.015530
2 0.425965 0.315222 0.007488 0.014421
