3 0.447388 0.465712 0.012013 0.019831
3 0.457255 0.469525 0.014587 0.024407
3 0.468839 0.471051 0.020593 0.048814
3 0.482997 0.477152 0.023167 0.054915
3 0.510454 0.473339 0.043761 0.059492
3 0.536196 0.496983 0.062638 0.076271
3 0.605526 0.516051 0.122701 0.135763
3 0.398736 0.460373 0.021451 0.045763
3 0.379430 0.468000 0.027458 0.073220
3 0.350685 0.473339 0.045477 0.093051
3 0.311215 0.476390 0.093528 0.135763
3 0.195121 0.487068 0.211080 0.285254
3 0.090010 0.581797 0.180019 0.424068
3 0.431653 0.467206 0.016379 0.023824
