3 0.300760 0.649914 0.032288 0.027638
3 0.384471 0.632480 0.034680 0.031890
3 0.520800 0.594213 0.020330 0.023386
3 0.499274 0.593150 0.010763 0.017008
1 0.252328 0.637795 0.057402 0.068032
4 0.829214 0.525969 0.009567 0.017008
4 0.870591 0.543189 0.009567 0.014882
4 0.949996 0.542126 0.014350 0.021260
4 0.933852 0.549567 0.010763 0.023386
3 0.917110 0.559134 0.013155 0.012756
3 0.915914 0.580394 0.017938 0.021260
3 0.964945 0.547441 0.010763 0.010630
3 0.970924 0.553819 0.010763 0.019134
3 0.871667 0.644173 0.084907 0.102047
3 0.781379 0.615473 0.057402 0.074409
4 0.887213 0.540000 0.008371 0.017008
4 0.996037 0.442205 0.005979 0.034016
4 0.600803 0.507047 0.038268 0.036142
4 0.047536 0.666610 0.020593 0.070169
4 0.228156 0.547627 0.040328 0.033559
4 0.350857 0.547627 0.019735 0.021356
4 0.403627 0.548390 0.037754 0.035085
