2 0.479854 0.462253 0.020977 0.022376
2 0.444892 0.463496 0.018180 0.039779
2 0.429508 0.469712 0.020977 0.047238
2 0.413426 0.470955 0.025173 0.059669
2 0.379163 0.470955 0.060135 0.109392
2 0.317630 0.497060 0.116074 0.166575
2 0.146578 0.539325 0.293156 0.285912
2 0.500831 0.467226 0.015383 0.027348
2 0.513417 0.473441 0.018180 0.034807
2 0.533695 0.470955 0.027970 0.069613
2 0.558169 0.494574 0.046150 0.077072
2 0.603619 0.514463 0.064330 0.106906
2 0.707806 0.530623 0.208374 0.198895
2 0.895256 0.602723 0.208481 0.537017
