2 0.081953 0.853582 0.163544 0.288728
2 0.096087 0.769664 0.091617 0.074017
2 0.380467 0.761627 0.028067 0.054055
5 0.260791 0.716581 0.099015 0.218994
5 0.626835 0.713809 0.132540 0.310472
2 0.460770 0.810831 0.168403 0.263347
5 0.346942 0.744995 0.018711 0.051283
5 0.528989 0.733906 0.028847 0.084548
2 0.838899 0.752618 0.093557 0.077618
2 0.965197 0.752024 0.068600 0.062174
9 0.164115 0.595996 0.005458 0.033265
9 0.172691 0.594610 0.008576 0.030493
9 0.155149 0.594610 0.009356 0.027721
9 0.804594 0.661139 0.021830 0.024949
9 0.605785 0.551642 0.010915 0.033265
9 0.590581 0.550949 0.008576 0.029107
9 0.452194 0.620944 0.004678 0.024949
2 0.318875 0.760241 0.017152 0.037423
9 0.826792 0.663515 0.013184 0.030469
