2 0.214415 0.219609 0.011865 0.049219
2 0.491929 0.270000 0.010547 0.042187
2 0.157066 0.415312 0.018457 0.028125
2 0.230894 0.223125 0.015820 0.046875
2 0.482700 0.268828 0.010547 0.039844
2 0.497862 0.271172 0.009229 0.035156
2 0.737803 0.333281 0.025049 0.037500
4 0.122789 0.190312 0.092285 0.032812
4 0.544004 0.287578 0.056689 0.021094
4 0.718027 0.291094 0.032959 0.023437
4 0.373277 0.402422 0.013184 0.016406
9 0.089830 0.482109 0.018457 0.067969
9 0.190684 0.471562 0.011865 0.051562
3 0.234849 0.485625 0.052734 0.042187
3 0.491270 0.446953 0.017139 0.035156
3 0.498521 0.451640 0.013184 0.044531
3 0.405576 0.442265 0.011865 0.011719
3 0.414805 0.444609 0.014502 0.016406
3 0.437217 0.444609 0.017139 0.035156
3 0.464903 0.435234 0.022412 0.030469
1 0.416783 0.432890 0.018457 0.025781
1 0.535435 0.428203 0.073828 0.133594
1 0.642881 0.459843 0.167432 0.271875
1 0.847886 0.434062 0.303222 0.867187
3 0.017229 0.480937 0.034459 0.107812
3 0.315269 0.462187 0.116016 0.107812
