3 0.051341 0.421132 0.093131 0.098491
3 0.289422 0.399906 0.011462 0.022925
3 0.300168 0.403727 0.015761 0.030566
3 0.320944 0.412642 0.037252 0.063679
3 0.368942 0.435566 0.084534 0.129906
3 0.435566 0.410095 0.022925 0.028019
7 0.247872 0.386852 0.028656 0.029929
2 0.191277 0.333680 0.010029 0.022925
2 0.219932 0.299293 0.007164 0.022925
2 0.212052 0.299293 0.005731 0.022925
4 0.403329 0.333680 0.024357 0.015283
2 0.378255 0.314066 0.008597 0.022925
2 0.372524 0.317887 0.005731 0.025472
4 0.351032 0.344717 0.017193 0.010189
7 0.747299 0.381348 0.504340 0.677548
2 0.017450 0.019061 0.013876 0.030648
