2 0.510661 0.533886 0.007198 0.021327
2 0.547250 0.531753 0.005998 0.021327
9 0.429685 0.617061 0.005998 0.038389
4 0.594636 0.517891 0.009597 0.027725
4 0.793177 0.463507 0.044387 0.085308
4 0.682210 0.452843 0.026392 0.042654
3 0.409891 0.631990 0.023993 0.051185
3 0.381699 0.638388 0.041988 0.068246
3 0.354707 0.645853 0.047986 0.061848
3 0.328915 0.651184 0.029991 0.072512
3 0.622828 0.607464 0.015595 0.070379
3 0.661816 0.598933 0.074378 0.121564
3 0.680410 0.625592 0.065980 0.098104
3 0.746991 0.634123 0.117565 0.183412
3 0.805773 0.655450 0.105569 0.285782
7 0.466274 0.591469 0.069579 0.136493
3 0.163558 0.747156 0.327115 0.460663
3 0.556247 0.682109 0.163152 0.240995
