3 0.420328 0.502223 0.049417 0.064425
3 0.462744 0.499295 0.055182 0.055640
3 0.502278 0.494170 0.025532 0.036605
3 0.535222 0.497831 0.042004 0.046855
3 0.578462 0.486117 0.042828 0.040998
3 0.368028 0.459761 0.083185 0.052711
3 0.975445 0.515401 0.032945 0.032213
3 0.940854 0.513937 0.042828 0.032213
3 0.912439 0.514669 0.030474 0.033677
3 0.889378 0.511008 0.032121 0.038069
3 0.859727 0.507348 0.040357 0.036605
3 0.832136 0.505152 0.039534 0.032213
3 0.723831 0.491242 0.051888 0.036605
3 0.643528 0.483189 0.069184 0.029284
3 0.123688 0.516865 0.162253 0.108351
3 0.273998 0.526383 0.182843 0.115672
3 0.476608 0.528579 0.144957 0.099566
3 0.610583 0.530775 0.140015 0.095174
3 0.798368 0.543221 0.100481 0.081996
3 0.883200 0.546149 0.079067 0.067354
3 0.956502 0.549322 0.077420 0.051247
3 0.711614 0.533216 0.081264 0.060033
3 0.054093 0.500271 0.046123 0.049783
3 0.014147 0.504664 0.025532 0.064425
4 0.585875 0.383134 0.021414 0.020499
2 0.663633 0.289119 0.010492 0.055959
4 0.119296 0.429257 0.020590 0.045390
3 0.380182 0.524186 0.056006 0.046855
4 0.602759 0.411442 0.009060 0.029284
4 0.602347 0.439262 0.008236 0.017570
2 0.649994 0.292617 0.010492 0.048964
2 0.673601 0.292617 0.007869 0.053627
