2 0.201538 0.589758 0.203487 0.212064
2 0.528600 0.579363 0.127862 0.194045
2 0.391382 0.546791 0.095117 0.095637
7 0.076015 0.452541 0.148912 0.358983
2 0.308740 0.535010 0.074846 0.069302
2 0.585904 0.514913 0.027288 0.045739
2 0.590971 0.507982 0.028067 0.051283
2 0.598378 0.495508 0.025728 0.040195
2 0.613581 0.487192 0.010915 0.020791
7 0.491566 0.465708 0.109930 0.177413
2 0.629954 0.482341 0.007796 0.011088
2 0.637750 0.480955 0.007796 0.011088
2 0.341875 0.512140 0.031965 0.031879
2 0.425686 0.514220 0.018711 0.027721
