9 0.479154 0.270284 0.008391 0.044751
9 0.726685 0.182024 0.011188 0.042265
9 0.716896 0.183268 0.011188 0.049724
9 0.775632 0.308820 0.008391 0.027348
9 0.786820 0.306334 0.008391 0.042265
9 0.654664 0.348599 0.004195 0.022376
2 0.691723 0.391397 0.039157 0.029834
2 0.678438 0.413773 0.048947 0.069613
2 0.795910 0.376480 0.046150 0.019889
2 0.742768 0.418745 0.071323 0.089503
2 0.615506 0.381452 0.068526 0.054696
2 0.386855 0.412530 0.044751 0.062155
2 0.759550 0.446093 0.051744 0.129282
2 0.805700 0.484629 0.113277 0.196409
2 0.451185 0.419988 0.092300 0.156630
2 0.628093 0.428690 0.090901 0.149171
5 0.542785 0.329242 0.085307 0.094475
2 0.523906 0.447613 0.137051 0.250552
2 0.885244 0.612668 0.222020 0.472376
2 0.176383 0.483386 0.351019 0.696133
9 0.934353 0.300674 0.030219 0.032927
