2 0.224859 0.648750 0.042187 0.112500
2 0.244371 0.583125 0.013711 0.015000
2 0.238043 0.582187 0.009492 0.016875
2 0.203238 0.582187 0.011602 0.013125
2 0.227496 0.576562 0.011602 0.024375
2 0.305543 0.616875 0.015820 0.030000
2 0.302379 0.596250 0.013711 0.018750
2 0.326637 0.602812 0.026367 0.016875
2 0.320836 0.594375 0.010547 0.015000
2 0.355008 0.600937 0.014766 0.016875
2 0.364500 0.608437 0.014766 0.016875
2 0.376629 0.615937 0.015820 0.016875
2 0.391394 0.629062 0.020039 0.031875
2 0.411328 0.637969 0.033750 0.048750
2 0.338555 0.675469 0.097031 0.150000
2 0.481465 0.689531 0.123398 0.155625
2 0.686601 0.702656 0.166641 0.185625
2 0.160840 0.659531 0.133945 0.166875
2 0.229922 0.584531 0.012656 0.016875
9 0.137637 0.494062 0.020039 0.073125
9 0.250172 0.564375 0.008437 0.030000
9 0.566367 0.546562 0.014766 0.058125
9 0.329590 0.573750 0.005273 0.015000
9 0.295840 0.481875 0.013711 0.041250
9 0.064863 0.445000 0.015820 0.048750
2 0.267152 0.601875 0.058008 0.056250
9 0.153457 0.510937 0.013711 0.039375
9 0.119707 0.508125 0.015820 0.045000
9 0.513844 0.478125 0.014766 0.052500
