2 0.543455 0.506900 0.022421 0.032927
2 0.513236 0.512966 0.028269 0.038126
2 0.688702 0.495636 0.014622 0.027728
2 0.656046 0.498235 0.009748 0.019063
2 0.674080 0.497369 0.018521 0.038126
2 0.712585 0.506034 0.025345 0.034660
7 0.720870 0.483505 0.051665 0.069320
2 0.599994 0.553691 0.112103 0.161168
2 0.861730 0.665469 0.270997 0.447112
9 0.398209 0.101380 0.016572 0.067587
9 0.397234 0.177632 0.020471 0.071053
9 0.418680 0.346598 0.020471 0.048524
9 0.384562 0.343132 0.022421 0.048524
9 0.164255 0.421117 0.020471 0.031194
