2 0.282969 0.274687 0.009229 0.023437
2 0.257261 0.288750 0.007910 0.023437
3 0.184751 0.352031 0.039551 0.037500
3 0.166954 0.355547 0.051416 0.030469
3 0.124107 0.347344 0.021094 0.028125
3 0.097740 0.347344 0.018457 0.032812
3 0.254624 0.341484 0.018457 0.021094
3 0.269126 0.342656 0.015820 0.023437
3 0.282310 0.337969 0.013184 0.023437
3 0.296153 0.349687 0.017139 0.028125
3 0.606626 0.450468 0.158203 0.229687
4 0.973130 0.023906 0.052734 0.046875
9 0.862388 0.415312 0.031641 0.164062
9 0.827451 0.384843 0.030322 0.103125
9 0.803062 0.432890 0.034277 0.222656
9 0.987632 0.353203 0.023730 0.072656
9 0.988950 0.432890 0.021094 0.175781
3 0.416783 0.456328 0.274219 0.410156
