2 0.383587 0.359769 0.006824 0.017330
2 0.437689 0.309512 0.007798 0.020796
4 0.480678 0.349198 0.012673 0.022529
4 0.738027 0.198428 0.034118 0.098781
4 0.524544 0.262548 0.024370 0.088383
4 0.459719 0.315404 0.029244 0.006932
3 0.326682 0.416661 0.010723 0.034660
3 0.310598 0.409729 0.027295 0.062388
3 0.288178 0.413195 0.042892 0.069320
3 0.263320 0.424459 0.039967 0.071053
3 0.208243 0.422726 0.076035 0.109178
3 0.141469 0.428792 0.098456 0.149037
3 0.055198 0.453054 0.107229 0.166367
3 0.386633 0.405396 0.021446 0.025995
3 0.495324 0.410595 0.030219 0.025995
3 0.419777 0.407996 0.037043 0.048524
2 0.657020 0.320603 0.007798 0.017330
2 0.431352 0.356130 0.008773 0.012131
2 0.368348 0.292009 0.007539 0.008665
