2 0.546177 0.378292 0.012292 0.004856
2 0.546177 0.355225 0.009560 0.036421
2 0.257314 0.321232 0.008195 0.046133
2 0.248436 0.318804 0.012292 0.046133
2 0.235461 0.322446 0.010926 0.048561
4 0.208145 0.407428 0.019121 0.014568
4 0.217023 0.428067 0.023218 0.016996
4 0.592613 0.378292 0.034145 0.019424
4 0.771531 0.333373 0.034145 0.021853
4 0.789286 0.356439 0.031413 0.019424
4 0.779726 0.375864 0.012292 0.019424
4 0.642465 0.449919 0.021853 0.012140
4 0.656805 0.477842 0.017755 0.019424
2 0.789286 0.443849 0.025950 0.033993
2 0.766068 0.443849 0.015024 0.024281
2 0.533885 0.358867 0.009560 0.033993
3 0.967521 0.522761 0.062826 0.182104
3 0.895134 0.573750 0.125652 0.114119
3 0.924499 0.520576 0.107897 0.058273
3 0.765385 0.594632 0.243109 0.201529
3 0.600808 0.570351 0.077850 0.128687
3 0.509984 0.579821 0.120189 0.179676
3 0.511349 0.485126 0.062826 0.053417
3 0.458767 0.553355 0.055997 0.128687
3 0.425305 0.526403 0.024584 0.048561
3 0.405501 0.532473 0.050534 0.075270
3 0.373405 0.544857 0.040974 0.092266
3 0.318774 0.568894 0.122921 0.148112
7 0.311262 0.487554 0.064192 0.029137
3 0.262094 0.509407 0.042339 0.048561
3 0.199951 0.556997 0.120189 0.184533
3 0.127222 0.584677 0.073067 0.199101
3 0.077030 0.605315 0.152968 0.424910
3 0.630480 0.537642 0.021853 0.038849
