3 0.290698 0.403125 0.017139 0.025781
3 0.402099 0.390234 0.013184 0.014062
3 0.426489 0.410156 0.038232 0.035156
1 0.434399 0.393750 0.067236 0.035156
3 0.457470 0.412500 0.060644 0.053906
3 0.484497 0.410156 0.046143 0.053906
3 0.511523 0.413672 0.079102 0.070312
3 0.532617 0.421875 0.084375 0.077344
1 0.636289 0.407109 0.201709 0.142969
3 0.627720 0.436406 0.100195 0.112500
3 0.738462 0.445781 0.237305 0.150000
3 0.349546 0.437578 0.118652 0.185156
3 0.033140 0.497343 0.065918 0.215625
9 0.216870 0.395625 0.009229 0.046875
9 0.203686 0.396797 0.006592 0.039844
