3 0.422810 0.353394 0.008414 0.013089
3 0.418077 0.362743 0.011569 0.028047
3 0.407559 0.369287 0.011569 0.033657
3 0.393361 0.369287 0.016828 0.044875
3 0.386524 0.377701 0.017880 0.039266
3 0.454363 0.371157 0.010518 0.014958
3 0.466984 0.400139 0.008414 0.076662
3 0.372641 0.379571 0.034708 0.048615
3 0.430488 0.385180 0.036812 0.048615
1 0.581522 0.280471 0.233702 0.560942
4 0.932128 0.227649 0.056795 0.073857
4 0.839476 0.082178 0.123075 0.037210
4 0.933969 0.114993 0.044174 0.024307
2 0.751121 0.049550 0.021355 0.091621
2 0.773574 0.046745 0.022087 0.093490
2 0.897157 0.309453 0.029449 0.039266
2 0.020419 0.262827 0.023720 0.039505
9 0.188266 0.390790 0.021035 0.095360
9 0.049658 0.391524 0.019383 0.089350
9 0.039967 0.393594 0.014725 0.082272
4 0.103073 0.249245 0.031553 0.076662
4 0.004733 0.202874 0.009466 0.029917
4 0.931514 0.146780 0.008414 0.039266
