2 0.473757 0.468774 0.005849 0.015597
2 0.510799 0.470507 0.003899 0.019063
2 0.499102 0.500835 0.003899 0.013864
2 0.521522 0.500835 0.003899 0.017330
3 0.506413 0.523364 0.006824 0.013864
3 0.489354 0.523364 0.015597 0.013864
1 0.464496 0.520764 0.014622 0.032927
3 0.476681 0.529429 0.007798 0.019063
3 0.444512 0.522497 0.011698 0.039859
3 0.429403 0.528562 0.020471 0.038126
3 0.393876 0.534700 0.046683 0.053867
3 0.337284 0.549358 0.048740 0.058922
3 0.286106 0.558890 0.055564 0.077985
3 0.227130 0.566688 0.083833 0.093582
3 0.112590 0.580552 0.162793 0.155969
3 0.020471 0.621886 0.040942 0.141590
3 0.531758 0.521631 0.016572 0.034660
3 0.515186 0.520764 0.006824 0.019063
3 0.551741 0.525963 0.021446 0.032927
3 0.626314 0.508633 0.119901 0.199294
3 0.715521 0.584454 0.185238 0.212296
5 0.909008 0.614346 0.077010 0.185430
5 0.946051 0.617812 0.071161 0.199294
4 0.822738 0.272946 0.031194 0.088383
