9 0.277319 0.369222 0.009361 0.058243
9 0.629802 0.248575 0.012286 0.054083
9 0.953034 0.148209 0.024571 0.078005
9 0.616639 0.250135 0.014041 0.050963
9 0.758802 0.415505 0.019891 0.023921
2 0.511028 0.469017 0.019306 0.026002
2 0.520973 0.481498 0.020476 0.034322
2 0.533844 0.487218 0.011116 0.024961
2 0.544375 0.484098 0.016966 0.037442
2 0.548177 0.496579 0.023401 0.049923
2 0.559293 0.495539 0.017551 0.052003
2 0.947464 0.531941 0.103551 0.072804
2 0.950096 0.607865 0.097116 0.205932
2 0.117884 0.563663 0.234599 0.508590
2 0.422395 0.560023 0.200082 0.318259
9 0.482816 0.418054 0.011116 0.011441
2 0.584742 0.500219 0.062599 0.082165
