2 0.596309 0.338388 0.005995 0.033750
2 0.417956 0.365033 0.006994 0.030197
2 0.624286 0.436086 0.003997 0.019539
2 0.127195 0.291316 0.012989 0.046184
2 0.605801 0.338388 0.008993 0.030197
4 0.124697 0.332171 0.023980 0.017763
4 0.417956 0.408553 0.018984 0.014211
4 0.717210 0.349934 0.019984 0.024868
4 0.717210 0.412105 0.019984 0.010658
4 0.817627 0.333947 0.024979 0.035526
4 0.766669 0.343717 0.032973 0.019539
3 0.401969 0.480493 0.016986 0.012434
3 0.382485 0.483158 0.019984 0.017763
3 0.591813 0.483158 0.022981 0.035526
3 0.676743 0.519572 0.038968 0.065724
3 0.638275 0.514243 0.079934 0.069276
9 0.448930 0.510691 0.016986 0.062171
9 0.595310 0.529342 0.025979 0.088816
3 0.840109 0.597730 0.319737 0.431645
3 0.212125 0.632368 0.422652 0.557763
3 0.565834 0.487599 0.018984 0.026645
