3 0.993012 0.489869 0.011701 0.047843
3 0.956155 0.457627 0.085415 0.091525
3 0.891801 0.448267 0.076055 0.081125
2 0.975461 0.194492 0.014041 0.060324
2 0.668317 0.113075 0.019891 0.073387
4 0.412657 0.101926 0.025742 0.079045
4 0.388670 0.196572 0.026912 0.018721
4 0.391596 0.222573 0.025742 0.016641
2 0.381650 0.299538 0.019891 0.033282
2 0.396861 0.302658 0.010531 0.043683
3 0.787997 0.467787 0.128203 0.116005
3 0.805215 0.410825 0.050313 0.035362
3 0.751977 0.410825 0.042123 0.043683
3 0.725651 0.412905 0.029252 0.043683
3 0.653691 0.403544 0.025742 0.041602
3 0.672413 0.395224 0.016381 0.045763
3 0.632045 0.396264 0.015211 0.027042
9 0.578807 0.576195 0.138068 0.453467
3 0.529079 0.413945 0.059674 0.112327
1 0.541950 0.365062 0.040952 0.064484
9 0.464140 0.478429 0.049143 0.216333
9 0.415582 0.472188 0.054993 0.220493
9 0.385745 0.447227 0.032762 0.153929
9 0.347133 0.490909 0.070204 0.282897
9 0.323732 0.434746 0.025742 0.183051
9 0.302670 0.436826 0.025742 0.183051
9 0.281609 0.376503 0.018721 0.062404
9 0.271663 0.442027 0.033932 0.168490
9 0.246507 0.420185 0.030422 0.128968
9 0.224861 0.366102 0.019891 0.062404
9 0.224276 0.486749 0.065524 0.257935
9 0.029459 0.420185 0.050313 0.137288
3 0.034139 0.386903 0.066694 0.116487
3 0.619290 0.400559 0.009992 0.037303
9 0.193641 0.444079 0.015987 0.127895
2 0.144917 0.086568 0.067472 0.173135
4 0.797643 0.337500 0.010991 0.024868
2 0.727674 0.378300 0.011990 0.015987
2 0.699697 0.380076 0.009992 0.015987
4 0.695178 0.340164 0.004996 0.014211
4 0.696177 0.357928 0.010991 0.007105
