2 0.055400 0.429595 0.034893 0.050605
2 0.423609 0.408374 0.014692 0.021221
2 0.404327 0.405925 0.011019 0.013059
2 0.392390 0.405109 0.016528 0.014692
2 0.379534 0.405925 0.007346 0.013059
2 0.370964 0.412019 0.022037 0.016324
2 0.354895 0.408755 0.015610 0.013059
2 0.351682 0.418549 0.016528 0.019589
2 0.331940 0.421814 0.028465 0.035913
2 0.412744 0.421814 0.019283 0.026119
2 0.402184 0.426711 0.020201 0.026119
2 0.388411 0.417733 0.014692 0.014692
2 0.388870 0.439770 0.028465 0.039178
2 0.301638 0.438954 0.044993 0.057134
2 0.279141 0.439770 0.014692 0.045707
2 0.361323 0.451197 0.039484 0.052237
2 0.249758 0.436505 0.060603 0.068561
2 0.145539 0.417733 0.032138 0.024486
2 0.117992 0.420181 0.022956 0.022854
2 0.096873 0.415284 0.061521 0.035913
2 0.169872 0.442382 0.056930 0.063664
2 0.215849 0.482959 0.125797 0.133857
2 0.444641 0.414794 0.015610 0.021221
2 0.457584 0.411366 0.011019 0.019589
2 0.468144 0.412183 0.010101 0.011427
2 0.475489 0.418712 0.010101 0.014692
2 0.484213 0.427690 0.011019 0.022854
2 0.493395 0.434220 0.012855 0.022854
2 0.465848 0.427690 0.011019 0.016324
2 0.474112 0.435853 0.018365 0.026119
2 0.443810 0.437485 0.023874 0.022854
2 0.433710 0.440750 0.034893 0.019589
2 0.429456 0.510127 0.089068 0.128960
2 0.660141 0.510827 0.076213 0.115901
2 0.710184 0.486341 0.031220 0.021221
2 0.751964 0.492870 0.039484 0.024486
2 0.832505 0.501848 0.037647 0.032648
2 0.881172 0.513275 0.041320 0.029383
2 0.950952 0.520901 0.096414 0.037545
2 0.031475 0.492290 0.062950 0.261185
2 0.947663 0.836455 0.101923 0.324849
7 0.537215 0.439508 0.052339 0.108827
7 0.590013 0.523305 0.102842 0.127328
