9 0.440332 0.376506 0.005273 0.025781
9 0.528003 0.385881 0.006592 0.025781
9 0.589965 0.406975 0.006592 0.025781
9 0.396826 0.415178 0.007910 0.028125
9 0.590625 0.455859 0.013184 0.021094
9 0.180796 0.491484 0.013184 0.021094
2 0.485156 0.498047 0.007910 0.023437
2 0.491089 0.498047 0.009229 0.018750
2 0.498340 0.498047 0.010547 0.028125
2 0.350024 0.513281 0.022412 0.030469
2 0.767944 0.492187 0.101514 0.103125
7 0.087193 0.516093 0.105469 0.126562
5 0.545982 0.475078 0.031641 0.039844
2 0.474131 0.500859 0.017139 0.021094
2 0.515000 0.496172 0.035596 0.053906
2 0.561802 0.512578 0.058008 0.091406
2 0.884800 0.497343 0.145019 0.131250
2 0.968516 0.483281 0.046143 0.056250
2 0.054143 0.562968 0.108287 0.159375
5 0.401621 0.493828 0.022412 0.021094
5 0.376573 0.502031 0.027686 0.032812
