2 0.422881 0.600771 0.005463 0.019424
2 0.502779 0.603199 0.004097 0.024281
2 0.357323 0.657831 0.010926 0.016996
2 0.507559 0.600771 0.008195 0.029137
2 0.500047 0.600771 0.006829 0.029137
2 0.415369 0.601985 0.006829 0.021853
2 0.320447 0.644476 0.010926 0.014568
2 0.327959 0.644476 0.009560 0.019424
4 0.126506 0.635978 0.010926 0.021853
3 0.441319 0.663901 0.009560 0.019424
3 0.448831 0.662687 0.010926 0.016996
3 0.454294 0.671185 0.010926 0.019424
3 0.459074 0.676041 0.012292 0.019424
3 0.470000 0.678469 0.015024 0.019424
3 0.434490 0.668757 0.009560 0.019424
3 0.429027 0.674827 0.012292 0.026709
3 0.422881 0.682111 0.016389 0.026709
3 0.418783 0.696680 0.019121 0.026709
3 0.472732 0.691824 0.012292 0.026709
3 0.400345 0.700322 0.028681 0.048561
3 0.379859 0.717318 0.042339 0.053417
3 0.310886 0.758595 0.106531 0.160252
3 0.258987 0.808370 0.142041 0.186961
3 0.528046 0.714890 0.016389 0.058273
3 0.679648 0.778020 0.010926 0.087410
3 0.484341 0.694252 0.016389 0.031565
3 0.597018 0.718532 0.151602 0.288939
3 0.136322 0.873928 0.272645 0.250090
3 0.859249 0.787732 0.277254 0.422482
4 0.740425 0.608055 0.020487 0.024281
4 0.349128 0.618982 0.010926 0.021853
2 0.398297 0.606841 0.005463 0.021853
