9 0.394066 0.025995 0.017547 0.050257
9 0.410638 0.025128 0.009748 0.048524
9 0.376032 0.024695 0.016572 0.049390
9 0.583666 0.015597 0.014622 0.029461
9 0.474244 0.278578 0.000975 0.015597
9 0.515673 0.275979 0.003899 0.013864
9 0.360191 0.099214 0.016572 0.062388
9 0.208121 0.030761 0.016572 0.060655
9 0.443050 0.280687 0.002924 0.016059
9 0.437689 0.280918 0.003899 0.019063
9 0.535170 0.318870 0.003899 0.013864
9 0.642398 0.280745 0.009748 0.017330
7 0.804704 0.310206 0.071161 0.038126
2 0.859293 0.313238 0.012673 0.019063
2 0.986262 0.320170 0.026320 0.088383
2 0.695769 0.316704 0.043866 0.012131
2 0.653121 0.340100 0.025345 0.027728
2 0.537119 0.346165 0.009748 0.019063
2 0.515186 0.340966 0.014622 0.025995
2 0.452311 0.363495 0.019496 0.039859
2 0.472294 0.331435 0.012673 0.006932
2 0.424529 0.355697 0.049715 0.086650
2 0.335334 0.386024 0.042892 0.064121
2 0.384074 0.379958 0.064337 0.086650
2 0.490085 0.370427 0.056539 0.081451
2 0.736224 0.385157 0.174491 0.131707
