9 0.520547 0.097048 0.009748 0.058922
9 0.654096 0.090116 0.011698 0.055456
9 0.504463 0.098781 0.012673 0.055456
9 0.391873 0.115244 0.013647 0.053723
9 0.558565 0.025995 0.017547 0.048524
9 0.531758 0.100514 0.016572 0.055456
9 0.484967 0.149904 0.016572 0.046791
9 0.884151 0.192362 0.025345 0.045058
9 0.605843 0.267747 0.008773 0.022529
9 0.570263 0.266014 0.009748 0.015597
7 0.901210 0.454910 0.193987 0.518165
2 0.585372 0.355263 0.067262 0.097048
2 0.500076 0.363062 0.044841 0.057189
2 0.455235 0.368261 0.038992 0.046791
2 0.534682 0.357863 0.022421 0.053723
2 0.613642 0.341399 0.024370 0.079718
5 0.524934 0.321470 0.030219 0.029461
7 0.491791 0.323203 0.034118 0.025995
2 0.728669 0.331868 0.038018 0.022529
2 0.791057 0.319737 0.036068 0.032927
2 0.762787 0.321470 0.016572 0.015597
