3 0.852932 0.471945 0.241690 0.273049
3 0.704800 0.431750 0.096676 0.131673
3 0.759375 0.397099 0.020271 0.034651
3 0.645157 0.426899 0.042881 0.058214
3 0.607344 0.413039 0.031186 0.052669
3 0.147353 0.503824 0.293147 0.533624
3 0.316926 0.523229 0.156709 0.256417
3 0.367993 0.468480 0.137218 0.191273
3 0.449076 0.451848 0.063931 0.085934
3 0.478313 0.442839 0.038203 0.073460
3 0.495855 0.428285 0.032745 0.058214
3 0.514176 0.428978 0.016373 0.037423
3 0.516905 0.416504 0.029627 0.042967
3 0.535227 0.419969 0.011695 0.033265
1 0.555887 0.404723 0.032745 0.072074
3 0.589802 0.419276 0.010135 0.023563
3 0.581616 0.417197 0.006237 0.013860
3 0.578497 0.408881 0.007796 0.022177
