4 0.032692 0.238595 0.044737 0.073414
4 0.035560 0.299773 0.066531 0.044864
4 0.448513 0.224320 0.061943 0.032628
4 0.465827 0.288387 0.018927 0.060159
4 0.445179 0.283289 0.017780 0.068316
2 0.447187 0.315408 0.009177 0.053021
2 0.656531 0.124226 0.022942 0.078512
2 0.807756 0.334271 0.010324 0.056080
2 0.055791 0.351305 0.029824 0.043844
2 0.818033 0.397189 0.018353 0.029569
4 0.507875 0.425189 0.005162 0.010196
4 0.545729 0.392560 0.010897 0.010196
9 0.117734 0.490995 0.054487 0.149887
9 0.185699 0.479779 0.035560 0.147847
9 0.284062 0.488956 0.022368 0.129494
9 0.330233 0.484877 0.026383 0.125415
9 0.925287 0.519545 0.027530 0.127455
9 0.797959 0.504251 0.024089 0.111140
9 0.819181 0.490485 0.024089 0.093807
3 0.528523 0.450170 0.021795 0.025491
3 0.490967 0.447111 0.029824 0.033648
3 0.487526 0.472092 0.039001 0.048943
3 0.402641 0.444562 0.032119 0.028550
7 0.550616 0.435895 0.029824 0.074434
7 0.581014 0.433346 0.059649 0.099924
