9 0.316855 0.327156 0.006864 0.030508
9 0.301410 0.324868 0.005148 0.025932
9 0.308274 0.327156 0.006864 0.030508
9 0.573841 0.370630 0.007722 0.022881
9 0.177421 0.417156 0.011155 0.018305
2 0.097194 0.484274 0.092669 0.073220
2 0.229763 0.485037 0.102108 0.090000
2 0.731293 0.505630 0.097818 0.100678
2 0.479026 0.472071 0.036038 0.045763
2 0.503590 0.462203 0.011155 0.018305
2 0.515603 0.460678 0.011155 0.018305
2 0.527186 0.460678 0.010297 0.012203
2 0.541773 0.461441 0.015445 0.019831
2 0.558076 0.463729 0.015445 0.027458
