9 0.448899 0.374326 0.004874 0.020796
9 0.534682 0.382125 0.006824 0.022529
9 0.527858 0.407253 0.004874 0.017330
2 0.081396 0.506034 0.162793 0.149037
2 0.353855 0.475706 0.126725 0.150770
2 0.240778 0.480905 0.085783 0.088383
2 0.814452 0.522497 0.197886 0.178498
2 0.702836 0.505167 0.068237 0.105712
2 0.665306 0.480039 0.057514 0.090116
2 0.634600 0.470507 0.033143 0.084917
2 0.612179 0.468774 0.023395 0.057189
2 0.548817 0.448845 0.017547 0.024262
2 0.518598 0.447978 0.017547 0.025995
2 0.454260 0.445379 0.038992 0.024262
