9 0.427986 0.430164 0.006695 0.023804
9 0.481065 0.460769 0.005738 0.017003
9 0.555186 0.439515 0.006695 0.018703
9 0.548491 0.465869 0.004782 0.013602
2 0.861614 0.499024 0.041125 0.049307
2 0.384852 0.505825 0.015302 0.032305
2 0.299255 0.506675 0.052602 0.057809
2 0.440419 0.498174 0.035387 0.040806
2 0.556620 0.490523 0.011477 0.015302
2 0.581965 0.499024 0.021997 0.028904
2 0.620699 0.500724 0.042081 0.052708
2 0.361994 0.508376 0.037299 0.040806
2 0.246749 0.513476 0.057384 0.057809
2 0.113332 0.512626 0.132939 0.090113
