3 0.336038 0.393095 0.050226 0.044646
3 0.302554 0.401599 0.019134 0.031890
3 0.289998 0.405851 0.015546 0.036142
3 0.273255 0.405851 0.034680 0.044646
3 0.254720 0.411165 0.021526 0.051024
3 0.221833 0.411165 0.065773 0.076535
3 0.146494 0.428173 0.089690 0.093543
3 0.064577 0.446244 0.129154 0.129685
3 0.020330 0.481323 0.040659 0.123307
3 0.434100 0.409784 0.021526 0.034016
3 0.451440 0.408721 0.025113 0.048898
3 0.476553 0.410847 0.051422 0.070157
3 0.518408 0.427854 0.056206 0.082913
3 0.555480 0.441673 0.087298 0.089291
3 0.821560 0.382146 0.105236 0.063780
3 0.747446 0.492325 0.227753 0.203350
3 0.892660 0.560622 0.211230 0.346536
9 0.653705 0.413929 0.020330 0.078661
4 0.431110 0.353976 0.015546 0.010630
