2 0.048480 0.573154 0.096960 0.209698
2 0.428596 0.483559 0.007722 0.018305
2 0.422161 0.484322 0.012013 0.016780
2 0.410148 0.493474 0.015445 0.019831
2 0.397277 0.506441 0.022309 0.027458
2 0.378400 0.522152 0.012013 0.038136
2 0.354804 0.507661 0.047193 0.088475
2 0.334640 0.519864 0.053199 0.073220
2 0.317479 0.532068 0.034322 0.070169
2 0.524269 0.538932 0.034322 0.053390
2 0.552585 0.528254 0.020593 0.035085
2 0.576181 0.538932 0.035180 0.044237
2 0.590768 0.548085 0.033464 0.044237
2 0.617796 0.551898 0.049767 0.057966
2 0.680434 0.557237 0.087521 0.105254
2 0.760662 0.577830 0.138146 0.143390
2 0.240898 0.501483 0.136430 0.179237
2 0.438464 0.485085 0.008581 0.015254
2 0.434603 0.500339 0.011155 0.012203
2 0.474502 0.527797 0.078941 0.143390
9 0.295598 0.447712 0.006006 0.016780
9 0.387839 0.464491 0.006864 0.016780
9 0.411092 0.395847 0.007036 0.022881
9 0.436061 0.446186 0.006864 0.010678
9 0.503676 0.409576 0.008581 0.025932
