9 0.370534 0.385516 0.011701 0.045763
9 0.422017 0.389677 0.011701 0.037442
9 0.664807 0.407358 0.017551 0.052003
9 0.502752 0.466641 0.009361 0.024961
9 0.189174 0.458321 0.011701 0.033282
9 0.502752 0.495763 0.009361 0.016641
2 0.601038 0.533205 0.037442 0.045763
2 0.622099 0.535285 0.056163 0.062404
2 0.411487 0.523845 0.009361 0.018721
2 0.403296 0.537366 0.016381 0.041602
2 0.305010 0.538406 0.021061 0.031202
2 0.272834 0.534245 0.036272 0.043683
7 0.258208 0.523845 0.039782 0.060324
7 0.353568 0.520725 0.012871 0.024961
2 0.278684 0.541526 0.031592 0.037442
2 0.331922 0.537366 0.035102 0.041602
2 0.377555 0.546726 0.051483 0.076965
2 0.424358 0.538406 0.035102 0.052003
2 0.460630 0.540486 0.028082 0.039522
2 0.034913 0.598729 0.069826 0.334900
