3 0.242673 0.401464 0.177851 0.183051
3 0.750483 0.371302 0.128708 0.151849
3 0.615340 0.349461 0.040952 0.049923
3 0.508278 0.330740 0.014041 0.020801
3 0.335108 0.378583 0.093606 0.124807
3 0.387761 0.362982 0.063184 0.089445
3 0.416428 0.350501 0.036272 0.068644
3 0.421693 0.334900 0.053823 0.091525
3 0.449775 0.345301 0.014041 0.058243
3 0.458550 0.343221 0.019891 0.041602
3 0.473176 0.331780 0.018721 0.027042
3 0.485462 0.328660 0.010531 0.024961
3 0.494823 0.329700 0.010531 0.018721
3 0.541040 0.328660 0.011701 0.020801
3 0.519979 0.322419 0.009361 0.016641
3 0.590768 0.341140 0.017551 0.045763
3 0.529925 0.330740 0.015211 0.020801
3 0.555666 0.332820 0.019891 0.020801
