9 0.307321 0.382464 0.013196 0.055450
9 0.417688 0.394194 0.010797 0.053318
9 0.073391 0.570142 0.020394 0.029858
9 0.321717 0.385663 0.010797 0.053317
9 0.431484 0.399526 0.009597 0.046919
9 0.218548 0.614928 0.013196 0.017062
2 0.114179 0.670379 0.013196 0.034123
2 0.131573 0.672511 0.028791 0.038389
2 0.196354 0.651184 0.031191 0.038389
2 0.175360 0.671445 0.053984 0.040521
2 0.237142 0.656516 0.028791 0.040521
2 0.253937 0.647985 0.023993 0.036256
2 0.293525 0.663981 0.026392 0.038389
2 0.384698 0.667180 0.143957 0.117299
2 0.520858 0.638388 0.053984 0.034123
