3 0.449420 0.454639 0.017397 0.024742
3 0.433183 0.450516 0.017397 0.037113
3 0.420425 0.451546 0.010438 0.035052
3 0.409407 0.457732 0.025515 0.043299
3 0.392010 0.463918 0.032474 0.055670
3 0.356637 0.468041 0.047552 0.051546
3 0.300387 0.484536 0.071907 0.072165
3 0.186147 0.461856 0.119459 0.059794
3 0.092204 0.486598 0.124098 0.080412
3 0.179768 0.509278 0.134536 0.125773
3 0.468557 0.447423 0.023196 0.035052
3 0.493492 0.447423 0.015077 0.026804
3 0.506830 0.453608 0.018557 0.022680
3 0.534665 0.456701 0.027835 0.045361
3 0.550322 0.463918 0.022036 0.039175
3 0.570619 0.463918 0.044072 0.059794
3 0.603673 0.483505 0.059149 0.078351
3 0.676740 0.505155 0.112500 0.150515
3 0.884343 0.626804 0.227320 0.447423
4 0.438402 0.398969 0.011598 0.016495
2 0.451740 0.402062 0.008119 0.018557
2 0.513789 0.397938 0.009278 0.014433
