9 0.392496 0.276896 0.010797 0.049052
9 0.537653 0.295023 0.008398 0.042654
9 0.405692 0.281161 0.010797 0.049052
9 0.548450 0.297156 0.008398 0.038389
9 0.466874 0.420853 0.005998 0.021327
9 0.516659 0.419786 0.007198 0.027725
9 0.692407 0.390995 0.025193 0.038389
9 0.221801 0.403893 0.017304 0.033919
2 0.459676 0.463507 0.017995 0.029858
2 0.447080 0.463507 0.016795 0.029858
2 0.435683 0.465639 0.017995 0.034123
2 0.420688 0.468839 0.021594 0.036256
2 0.397295 0.465639 0.041988 0.059716
2 0.376901 0.478436 0.037189 0.051185
2 0.240815 0.503822 0.124911 0.127551
2 0.075217 0.522689 0.150435 0.297511
2 0.502263 0.458175 0.014396 0.027725
2 0.528656 0.463507 0.021594 0.038389
2 0.539452 0.474170 0.023993 0.034123
2 0.564045 0.479502 0.041988 0.057583
2 0.622828 0.523222 0.065980 0.123697
2 0.706203 0.540284 0.153554 0.200474
2 0.829166 0.514692 0.087574 0.072512
