3 0.414966 0.516299 0.010915 0.019405
3 0.456677 0.518378 0.010135 0.020791
3 0.466033 0.523922 0.014813 0.034651
3 0.474609 0.529466 0.014813 0.031879
3 0.482016 0.532238 0.014034 0.037423
3 0.504626 0.530159 0.043660 0.066530
3 0.538150 0.546791 0.046779 0.091478
3 0.599352 0.541940 0.114608 0.145534
3 0.688232 0.575205 0.184776 0.203747
3 0.258297 0.520595 0.045999 0.063758
3 0.429039 0.519209 0.016373 0.019405
3 0.372515 0.530991 0.063931 0.087320
3 0.277934 0.543864 0.081571 0.092554
3 0.095351 0.595996 0.180098 0.213450
3 0.017776 0.675831 0.034304 0.185729
4 0.133163 0.336945 0.024949 0.026335
4 0.719847 0.313383 0.022610 0.062372
4 0.538579 0.448521 0.012474 0.033265
3 0.849268 0.647418 0.298604 0.361756
