2 0.427885 0.513625 0.011996 0.014929
2 0.414689 0.513625 0.014396 0.023460
2 0.402693 0.515758 0.009597 0.023460
2 0.394895 0.520023 0.013196 0.023460
2 0.371502 0.513625 0.040788 0.066114
2 0.360705 0.524289 0.040788 0.070379
2 0.333114 0.533886 0.043187 0.119431
2 0.271332 0.541350 0.130761 0.181280
2 0.120177 0.603199 0.238729 0.296445
2 0.438682 0.518957 0.009597 0.012796
2 0.450079 0.521090 0.013196 0.021327
2 0.457877 0.518957 0.014396 0.021327
2 0.465074 0.521090 0.014396 0.025592
2 0.478270 0.526421 0.021594 0.031990
2 0.499864 0.524289 0.031191 0.040521
2 0.511860 0.534952 0.021594 0.049052
2 0.529855 0.530687 0.033590 0.061848
2 0.553248 0.538151 0.037189 0.076777
2 0.590437 0.544549 0.085175 0.115166
2 0.894489 0.647985 0.211022 0.296445
