3 0.335676 0.556830 0.029207 0.057294
3 0.306973 0.560411 0.044314 0.075199
3 0.259134 0.564887 0.079563 0.094894
3 0.160436 0.570259 0.131934 0.152188
3 0.052673 0.599801 0.103734 0.204111
9 0.080369 0.529974 0.016114 0.028647
3 0.697235 0.571154 0.133948 0.182626
3 0.494802 0.552354 0.303146 0.377785
2 0.376968 0.434184 0.005036 0.026857
2 0.369918 0.431499 0.005036 0.025066
2 0.267191 0.489688 0.015107 0.016114
4 0.268702 0.435080 0.014100 0.017905
4 0.337690 0.448508 0.027192 0.012533
4 0.724931 0.384947 0.038271 0.085942
