4 0.869954 0.191943 0.037189 0.029858
4 0.826167 0.181280 0.023993 0.038389
4 0.845961 0.309242 0.049185 0.149289
3 0.432951 0.545971 0.005998 0.017062
3 0.425754 0.549170 0.010797 0.014929
3 0.413157 0.550237 0.011996 0.012796
3 0.396362 0.547038 0.014396 0.019194
3 0.384366 0.544905 0.011996 0.023460
3 0.369370 0.544905 0.017995 0.027725
3 0.344778 0.545971 0.031191 0.042654
3 0.254205 0.567298 0.049185 0.072512
3 0.206819 0.573696 0.071979 0.089573
3 0.118915 0.586493 0.142758 0.119431
2 0.869892 0.433395 0.034790 0.049052
2 0.821306 0.437661 0.011996 0.049052
