4 0.599507 0.471374 0.013647 0.034660
4 0.816402 0.371727 0.018521 0.029461
2 0.503001 0.501701 0.007798 0.012131
2 0.495690 0.502568 0.008773 0.013864
2 0.451336 0.498235 0.007798 0.019063
2 0.420142 0.530295 0.013647 0.013864
3 0.410882 0.568421 0.014622 0.034660
3 0.395285 0.566688 0.028269 0.048524
3 0.355317 0.564955 0.051665 0.083184
3 0.317787 0.584018 0.048740 0.072786
3 0.266610 0.588351 0.065312 0.091849
3 0.185213 0.587484 0.105279 0.138639
3 0.559052 0.578819 0.022421 0.055456
3 0.587322 0.574487 0.061413 0.071053
3 0.591708 0.590084 0.048740 0.084917
3 0.649222 0.601348 0.105279 0.107445
3 0.434277 0.559756 0.008773 0.013864
3 0.069699 0.603081 0.137448 0.235687
3 0.879764 0.623877 0.236878 0.322336
3 0.482042 0.585751 0.108204 0.138639
3 0.537119 0.584018 0.007798 0.017330
3 0.545405 0.577953 0.012673 0.015597
3 0.424529 0.578819 0.008773 0.013864
1 0.743778 0.557157 0.085783 0.053723
