9 0.596738 0.417187 0.006592 0.037500
9 0.490611 0.441797 0.005273 0.039844
9 0.783286 0.487500 0.021094 0.028125
9 0.708799 0.528515 0.011865 0.035156
9 0.208482 0.536718 0.010547 0.014062
9 0.209141 0.398437 0.009229 0.037500
9 0.194639 0.392578 0.009229 0.039844
9 0.128062 0.382031 0.042187 0.037500
9 0.367344 0.358594 0.022412 0.018750
9 0.551255 0.528515 0.002637 0.021094
9 0.600694 0.529687 0.003955 0.023437
2 0.049620 0.596484 0.046143 0.039844
2 0.019957 0.616406 0.034277 0.098437
2 0.356797 0.592968 0.032959 0.028125
2 0.329771 0.598828 0.021094 0.044531
2 0.294175 0.597656 0.050098 0.051562
2 0.458311 0.581250 0.017139 0.018750
2 0.447105 0.585937 0.013184 0.018750
2 0.426011 0.585937 0.023730 0.023437
2 0.561802 0.578906 0.010547 0.018750
2 0.548618 0.578906 0.015820 0.018750
2 0.580918 0.584765 0.022412 0.025781
2 0.621787 0.581250 0.009229 0.028125
2 0.645518 0.573046 0.035596 0.063281
2 0.659361 0.601171 0.036914 0.049219
2 0.957310 0.600000 0.084375 0.084375
2 0.874420 0.582421 0.057674 0.049219
2 0.824155 0.592968 0.131836 0.079687
2 0.490611 0.583593 0.023730 0.023437
9 0.518296 0.568359 0.007910 0.025781
9 0.582237 0.551953 0.003955 0.025781
9 0.605308 0.557812 0.007910 0.018750
2 0.603330 0.585937 0.022412 0.032812
9 0.584072 0.424345 0.008190 0.033282
