4 0.668550 0.240536 0.132961 0.051603
4 0.587556 0.255518 0.047754 0.081566
4 0.070694 0.369544 0.030899 0.073243
4 0.687277 0.509371 0.059926 0.036621
4 0.538212 0.572626 0.010864 0.016646
4 0.515457 0.580117 0.015918 0.008323
2 0.505626 0.286313 0.026218 0.086560
2 0.106743 0.349568 0.022472 0.069914
2 0.488303 0.292972 0.015918 0.086560
2 0.123597 0.350401 0.007491 0.058261
2 0.522480 0.294636 0.009363 0.069914
2 0.654505 0.469377 0.011236 0.019887
2 0.506094 0.588440 0.004682 0.014982
2 0.468172 0.589273 0.007491 0.009988
3 0.564571 0.616311 0.035492 0.033282
3 0.531895 0.614231 0.018624 0.029122
3 0.511528 0.614007 0.015211 0.022835
3 0.487367 0.613409 0.023409 0.014982
3 0.463022 0.605086 0.040263 0.021640
3 0.389519 0.620068 0.011236 0.021640
3 0.374069 0.623397 0.027154 0.038286
3 0.899359 0.602589 0.075844 0.053268
2 0.664161 0.560445 0.009361 0.016641
