9 0.423800 0.438661 0.004029 0.017905
9 0.395097 0.438661 0.005036 0.021485
9 0.349272 0.457460 0.004029 0.019695
9 0.794927 0.354509 0.023164 0.046552
2 0.459553 0.517440 0.009064 0.035809
2 0.397614 0.514755 0.004029 0.030438
2 0.403154 0.526393 0.007050 0.032228
2 0.388047 0.521021 0.009064 0.046552
7 0.401139 0.489688 0.011078 0.026857
7 0.384018 0.482527 0.013093 0.026857
7 0.340712 0.482527 0.035250 0.030438
7 0.433368 0.495060 0.039278 0.091313
7 0.427828 0.516545 0.040285 0.076989
2 0.359847 0.529974 0.045321 0.057294
2 0.332655 0.512964 0.027192 0.055504
2 0.047637 0.537135 0.093663 0.100265
2 0.475163 0.504907 0.012086 0.017905
2 0.542641 0.508488 0.012086 0.025066
2 0.561776 0.510279 0.010071 0.035809
2 0.580408 0.512069 0.017121 0.032228
2 0.607601 0.516545 0.017121 0.041180
2 0.621197 0.516545 0.028200 0.037599
2 0.653425 0.521021 0.024171 0.039390
2 0.694214 0.525497 0.017121 0.041180
2 0.772266 0.530869 0.012086 0.037599
2 0.833701 0.522812 0.038271 0.093103
2 0.903697 0.529078 0.119848 0.094894
2 0.974196 0.523707 0.037264 0.073409
2 0.987792 0.531764 0.024171 0.096684
9 0.614773 0.028443 0.023218 0.056886
9 0.454294 0.009539 0.019121 0.016996
