2 0.325275 0.352081 0.066415 0.072550
2 0.387690 0.351370 0.042410 0.065437
2 0.489313 0.360617 0.055213 0.086776
2 0.550927 0.383377 0.061614 0.092466
2 0.843395 0.372708 0.201647 0.196312
2 0.714565 0.380532 0.091221 0.095311
2 0.670955 0.376976 0.042410 0.076818
2 0.633346 0.359905 0.045611 0.065437
2 0.607340 0.355638 0.014403 0.051212
2 0.574133 0.352081 0.029607 0.046944
2 0.535324 0.362039 0.040009 0.061170
2 0.454505 0.349236 0.030407 0.052634
2 0.426098 0.352793 0.016804 0.042677
2 0.440902 0.345680 0.024006 0.045522
