2 0.834955 0.140094 0.042984 0.056038
2 0.773345 0.147736 0.083101 0.076415
2 0.702781 0.149010 0.065908 0.053491
2 0.639738 0.145189 0.057311 0.061132
2 0.582069 0.143915 0.053013 0.048396
2 0.543383 0.145189 0.038685 0.050943
2 0.100295 0.203774 0.065908 0.071321
2 0.145428 0.205047 0.038685 0.058585
2 0.177665 0.198679 0.042984 0.045849
2 0.198441 0.183396 0.024357 0.035660
2 0.046565 0.276368 0.093131 0.231793
2 0.851551 0.358727 0.295154 0.447453
2 0.959727 0.117594 0.075938 0.053491
2 0.444163 0.213962 0.103160 0.188491
2 0.242141 0.210142 0.088833 0.094245
2 0.330257 0.179576 0.047282 0.068774
2 0.498131 0.154104 0.051580 0.104434
2 0.376822 0.165566 0.042984 0.066226
