2 0.090811 0.578134 0.181623 0.515937
2 0.838142 0.588331 0.321186 0.536329
2 0.186402 0.479230 0.205329 0.254909
2 0.289067 0.431307 0.103238 0.146828
2 0.350895 0.406427 0.068596 0.095846
2 0.356631 0.392153 0.067678 0.095846
2 0.382899 0.392153 0.020648 0.083610
2 0.400106 0.414585 0.034413 0.108082
2 0.555537 0.423761 0.065384 0.097885
2 0.587717 0.388444 0.059295 0.053491
9 0.408344 0.278661 0.005731 0.020377
9 0.479123 0.285029 0.005731 0.022925
9 0.403902 0.279934 0.004298 0.022925
9 0.413215 0.277387 0.005731 0.028019
9 0.472962 0.283755 0.004298 0.025472
2 0.465884 0.455606 0.146325 0.208555
