9 0.382659 0.267088 0.008391 0.044751
9 0.305044 0.323027 0.009789 0.032320
9 0.392449 0.273658 0.011188 0.052210
9 0.762347 0.355702 0.020977 0.027348
2 0.435976 0.395304 0.009789 0.029834
2 0.428285 0.399033 0.013985 0.027348
2 0.417796 0.399033 0.006992 0.032320
2 0.356962 0.404006 0.050345 0.062155
2 0.301722 0.401519 0.057338 0.096961
7 0.480028 0.369199 0.053142 0.054696
2 0.472337 0.437569 0.068526 0.091989
7 0.614982 0.367956 0.177607 0.310773
2 0.742244 0.437569 0.096495 0.111878
2 0.891061 0.564720 0.216872 0.402762
7 0.909849 0.402585 0.179297 0.091989
2 0.256097 0.402585 0.037759 0.057182
