9 0.451904 0.394272 0.007041 0.023245
9 0.591206 0.385331 0.006035 0.026821
7 0.890430 0.480993 0.171991 0.196689
7 0.766717 0.458642 0.085493 0.062583
2 0.663120 0.500662 0.027156 0.042914
2 0.687762 0.513179 0.036209 0.053642
2 0.579639 0.509603 0.017099 0.032185
2 0.616351 0.511391 0.072417 0.092980
2 0.760682 0.550728 0.178026 0.160927
7 0.467493 0.480993 0.056325 0.107285
2 0.401111 0.497980 0.020116 0.026821
2 0.359873 0.508709 0.062359 0.094768
2 0.333723 0.529272 0.060348 0.078675
2 0.305058 0.540894 0.057330 0.109073
2 0.191906 0.528377 0.195124 0.209205
2 0.437822 0.528377 0.071411 0.084040
2 0.501690 0.501556 0.020116 0.051854
7 0.526835 0.495298 0.026151 0.057219
