9 0.474238 0.233945 0.008610 0.024490
9 0.419136 0.278332 0.006888 0.021429
9 0.654180 0.213281 0.010332 0.016837
9 0.693785 0.194914 0.020663 0.041327
9 0.675274 0.197210 0.019802 0.045918
9 0.336913 0.250781 0.009471 0.024490
2 0.498775 0.305118 0.018080 0.029082
2 0.512981 0.322720 0.015497 0.042857
2 0.383406 0.328843 0.018080 0.024490
2 0.220252 0.348741 0.105038 0.113265
2 0.354563 0.332669 0.029273 0.029082
2 0.404069 0.328843 0.024968 0.024490
2 0.431189 0.322720 0.017219 0.024490
2 0.541393 0.299761 0.051658 0.110204
