2 0.112143 0.546560 0.224286 0.335421
2 0.034226 0.331956 0.067829 0.059600
2 0.981379 0.639656 0.035864 0.171869
2 0.444788 0.325257 0.045999 0.085934
2 0.605005 0.323871 0.049897 0.088706
2 0.634631 0.289913 0.012474 0.015246
2 0.496634 0.305159 0.010915 0.015246
2 0.527430 0.305159 0.007017 0.015246
2 0.521583 0.264271 0.014034 0.008316
7 0.469347 0.297536 0.045219 0.083162
2 0.362795 0.358521 0.127862 0.085934
2 0.528600 0.425975 0.151251 0.230082
2 0.681540 0.373999 0.125523 0.173255
2 0.539645 0.295226 0.008576 0.016632
2 0.507289 0.301463 0.009356 0.018018
9 0.355518 0.136525 0.009356 0.040195
9 0.805374 0.148999 0.010915 0.045739
9 0.694274 0.046432 0.013254 0.062372
9 0.371111 0.134446 0.010915 0.044353
9 0.343434 0.135832 0.013254 0.038809
9 0.714935 0.046432 0.017152 0.065144
9 0.668936 0.050590 0.017152 0.059600
9 0.795628 0.137218 0.013254 0.072074
9 0.796330 0.240477 0.020271 0.026335
9 0.251592 0.253183 0.016061 0.021253
9 0.688557 0.053131 0.013254 0.055441
