7 0.082886 0.349461 0.165772 0.698922
2 0.575297 0.402504 0.135728 0.264176
7 0.508018 0.314099 0.054993 0.137288
2 0.430793 0.378583 0.083075 0.120647
2 0.461215 0.348421 0.017551 0.047843
2 0.471160 0.342181 0.014041 0.039522
7 0.922808 0.281857 0.152109 0.143529
2 0.960250 0.330740 0.077225 0.054083
2 0.982481 0.332820 0.032762 0.045763
9 0.369949 0.102966 0.010531 0.052003
9 0.685283 0.020801 0.014041 0.041602
9 0.664222 0.022881 0.018721 0.045763
9 0.297990 0.240254 0.011701 0.035362
9 0.386330 0.101926 0.012871 0.045763
9 0.283949 0.284977 0.011701 0.020801
9 0.716875 0.257935 0.011701 0.024961
9 0.300915 0.284977 0.010531 0.020801
