3 0.815932 0.467812 0.201709 0.131250
3 0.703872 0.483047 0.022412 0.049219
3 0.559511 0.392812 0.036914 0.042187
3 0.408032 0.433125 0.035596 0.056250
3 0.329194 0.495468 0.130517 0.168750
3 0.606115 0.575195 0.239282 0.337109
2 0.607763 0.364123 0.011865 0.042700
2 0.438354 0.208264 0.010547 0.029956
2 0.366187 0.365940 0.015187 0.025005
2 0.191821 0.382734 0.009229 0.025781
2 0.297290 0.384961 0.006592 0.018750
2 0.485815 0.382617 0.007910 0.018750
4 0.908019 0.277148 0.011865 0.046875
4 0.606972 0.308437 0.010547 0.032812
2 0.599062 0.326015 0.007910 0.021094
9 0.006592 0.449609 0.013184 0.119531
