3 0.130137 0.713126 0.260274 0.244352
3 0.911117 0.701862 0.176759 0.353530
3 0.796905 0.670668 0.156944 0.190629
3 0.711610 0.630809 0.101380 0.142105
3 0.654583 0.616945 0.073111 0.097048
3 0.614129 0.603081 0.031194 0.055456
3 0.593171 0.595283 0.032169 0.043325
3 0.298335 0.657776 0.103242 0.154447
3 0.363116 0.636008 0.047766 0.121309
3 0.401621 0.616079 0.031194 0.084917
3 0.431840 0.589217 0.050690 0.076252
3 0.564901 0.578493 0.020471 0.027076
3 0.484820 0.580552 0.022127 0.024262
3 0.527525 0.571021 0.015820 0.029461
2 0.463521 0.528557 0.012673 0.027739
2 0.596738 0.521718 0.011865 0.037500
4 0.422579 0.489570 0.024370 0.015597
4 0.424529 0.524230 0.016572 0.012131
