2 0.089393 0.585298 0.076473 0.055740
7 0.386952 0.592069 0.025236 0.033988
2 0.341069 0.611103 0.022177 0.033988
2 0.368854 0.612009 0.015295 0.017674
2 0.459219 0.619260 0.009941 0.012236
2 0.445836 0.617900 0.009177 0.012236
2 0.435513 0.615861 0.011471 0.013595
2 0.424806 0.615861 0.008412 0.013595
2 0.414865 0.614501 0.011471 0.013595
2 0.501662 0.627417 0.006118 0.012236
2 0.487514 0.625378 0.006883 0.010876
2 0.463043 0.624698 0.011471 0.020393
2 0.493250 0.629456 0.012236 0.016314
7 0.595818 0.620611 0.023409 0.024293
2 0.545877 0.633616 0.021412 0.031269
2 0.567289 0.634296 0.026001 0.046224
2 0.392990 0.626977 0.044354 0.067549
2 0.475580 0.628123 0.026001 0.038066
2 0.285668 0.650401 0.126945 0.145468
2 0.517339 0.640332 0.033648 0.051662
2 0.581193 0.649849 0.035942 0.046224
2 0.651548 0.652581 0.077238 0.097912
2 0.789294 0.697459 0.153297 0.141390
