3 0.502668 0.565472 0.018626 0.040755
3 0.395210 0.545095 0.032954 0.040755
3 0.475446 0.570567 0.055879 0.071321
1 0.580039 0.510708 0.144711 0.318397
7 0.077609 0.416887 0.155218 0.463585
3 0.163815 0.505614 0.025790 0.017830
3 0.711139 0.597736 0.232111 0.331132
9 0.812150 0.579482 0.041551 0.135000
9 0.851551 0.607925 0.031521 0.166415
9 0.938951 0.612170 0.057311 0.219057
4 0.317123 0.433868 0.028656 0.045849
4 0.325720 0.478868 0.054446 0.030566
4 0.292766 0.366793 0.020059 0.030566
4 0.218977 0.406274 0.027223 0.033113
4 0.256230 0.410095 0.035820 0.045849
4 0.220410 0.439387 0.024357 0.028019
4 0.254080 0.445755 0.034387 0.045849
4 0.251215 0.494151 0.040118 0.050943
3 0.351359 0.542098 0.032788 0.025648
3 0.302832 0.535104 0.032788 0.030311
3 0.249059 0.528109 0.035411 0.025648
