4 0.466689 0.451444 0.036068 0.058922
4 0.621196 0.490437 0.005849 0.019063
4 0.965303 0.433248 0.012673 0.036393
4 0.964329 0.461842 0.010723 0.013864
2 0.540287 0.487446 0.006824 0.014646
2 0.555155 0.482768 0.006332 0.013605
2 0.497883 0.493036 0.006824 0.013864
2 0.513480 0.494769 0.006824 0.013864
3 0.570994 0.526829 0.024370 0.029461
3 0.593902 0.533761 0.035093 0.057189
3 0.513967 0.519898 0.011698 0.019063
3 0.541464 0.544574 0.042881 0.062372
3 0.476925 0.524230 0.023395 0.013864
3 0.439882 0.525096 0.025345 0.025995
3 0.409176 0.512966 0.038018 0.053723
1 0.353612 0.498235 0.067262 0.051990
3 0.356049 0.536361 0.062388 0.045058
3 0.312670 0.536361 0.030219 0.048524
3 0.273677 0.537227 0.055564 0.067587
3 0.203979 0.543293 0.093582 0.093582
3 0.071405 0.578839 0.142322 0.112606
3 0.107903 0.515606 0.065490 0.016632
3 0.044362 0.515606 0.056914 0.022177
3 0.632292 0.540554 0.062372 0.099795
3 0.728969 0.559820 0.082642 0.095637
