9 0.022114 0.546817 0.035180 0.170847
9 0.655356 0.528512 0.012871 0.064068
9 0.958677 0.560545 0.053199 0.317288
9 0.989995 0.488088 0.018019 0.117458
5 0.974980 0.644444 0.048051 0.198305
3 0.566118 0.566647 0.131282 0.201356
3 0.405663 0.533088 0.072934 0.112881
3 0.455001 0.529274 0.041186 0.059492
3 0.482459 0.522410 0.020593 0.039661
7 0.527506 0.501817 0.066070 0.144915
9 0.772909 0.527749 0.024883 0.114407
9 0.751457 0.530800 0.016303 0.102203
9 0.722284 0.533851 0.023167 0.117458
9 0.733438 0.520122 0.018019 0.120508
9 0.322003 0.536139 0.012013 0.067119
9 0.310848 0.532325 0.013729 0.065593
9 0.332729 0.535376 0.009439 0.062542
9 0.345599 0.526986 0.012871 0.073220
9 0.356754 0.526986 0.012871 0.064068
9 0.367909 0.526986 0.014587 0.073220
9 0.326293 0.494952 0.010297 0.012203
6 0.254646 0.555969 0.083231 0.161695
4 0.245207 0.370630 0.036896 0.013729
4 0.248211 0.387410 0.032606 0.010678
