2 0.076316 0.543812 0.152632 0.213040
2 0.895398 0.618563 0.205611 0.423837
2 0.774301 0.494850 0.203089 0.278073
2 0.571843 0.409634 0.012614 0.026910
2 0.583196 0.418604 0.010091 0.040365
2 0.588873 0.423089 0.011353 0.049336
2 0.599595 0.425332 0.020183 0.058306
2 0.622300 0.433181 0.055502 0.082973
2 0.378426 0.442525 0.055502 0.076246
2 0.412484 0.436918 0.032797 0.051578
2 0.432246 0.431686 0.025228 0.047093
2 0.443599 0.424958 0.025228 0.047093
2 0.459367 0.426079 0.023967 0.044850
2 0.479550 0.424958 0.023967 0.042608
2 0.499732 0.414867 0.013876 0.022425
2 0.512347 0.412624 0.013876 0.022425
2 0.536313 0.408139 0.011353 0.017940
