4 0.152745 0.433006 0.022942 0.053021
4 0.469925 0.460196 0.009177 0.013595
9 0.613585 0.523123 0.014530 0.053021
9 0.489317 0.529920 0.012236 0.042145
9 0.779422 0.496126 0.013000 0.031269
9 0.766804 0.502924 0.010706 0.028550
3 0.770875 0.546526 0.081826 0.081571
3 0.029724 0.554683 0.059448 0.051662
3 0.525751 0.538369 0.084120 0.074773
3 0.662364 0.537009 0.102474 0.089728
3 0.892183 0.527039 0.214124 0.165861
9 0.599292 0.527492 0.013765 0.057100
9 0.443418 0.532251 0.013000 0.039426
9 0.431947 0.532930 0.009941 0.038066
9 0.412352 0.538369 0.013000 0.059819
9 0.585126 0.517587 0.009177 0.035347
9 0.083792 0.564491 0.010706 0.036707
9 0.021849 0.567210 0.010706 0.028550
9 0.128147 0.560412 0.009177 0.033988
9 0.095263 0.565850 0.009177 0.036707
