9 0.178965 0.528141 0.022458 0.098888
2 0.569414 0.415065 0.007018 0.022458
2 0.482739 0.400716 0.006316 0.023706
2 0.489991 0.403835 0.007720 0.022458
2 0.576666 0.416936 0.007018 0.023706
2 0.819498 0.214395 0.007018 0.036183
4 0.628134 0.450208 0.008422 0.011229
4 0.629186 0.481400 0.009124 0.016220
2 0.561811 0.494501 0.004913 0.009982
3 0.543914 0.531100 0.008422 0.014972
3 0.534440 0.527357 0.011931 0.019963
3 0.520754 0.521742 0.015440 0.031192
3 0.506367 0.517999 0.016142 0.038678
3 0.442150 0.519870 0.011229 0.059889
3 0.431973 0.524861 0.016142 0.044917
3 0.423902 0.529228 0.019651 0.048660
3 0.393724 0.526733 0.058953 0.076109
3 0.577602 0.527980 0.007018 0.016220
3 0.582866 0.525485 0.006316 0.023706
3 0.594095 0.521742 0.014738 0.033688
3 0.609535 0.527980 0.017546 0.066128
3 0.618308 0.532971 0.018247 0.068623
3 0.632695 0.534219 0.020353 0.081100
3 0.650124 0.547944 0.022458 0.121026
3 0.678899 0.551687 0.077201 0.150970
3 0.737267 0.609080 0.127030 0.265758
3 0.351193 0.540374 0.081412 0.083595
3 0.859666 0.681363 0.277221 0.435444
3 0.475416 0.522283 0.057550 0.082347
