2 0.600240 0.316316 0.113607 0.163701
2 0.549415 0.280174 0.028701 0.036142
2 0.515333 0.279111 0.015546 0.021260
2 0.447767 0.265293 0.009567 0.010630
2 0.466303 0.295056 0.046639 0.065906
2 0.385582 0.304775 0.064577 0.082913
9 0.372427 0.088988 0.007175 0.046772
9 0.472282 0.148515 0.005979 0.025512
9 0.548219 0.141530 0.009567 0.034016
9 0.560776 0.140467 0.008371 0.036142
9 0.317417 0.144719 0.009567 0.031890
9 0.331768 0.142593 0.009567 0.036142
9 0.286923 0.213813 0.008371 0.038268
9 0.526694 0.226114 0.016742 0.029460
9 0.411891 0.229151 0.009567 0.014882
9 0.454942 0.236592 0.009567 0.012756
