9 0.509005 0.205714 0.018597 0.044082
9 0.591658 0.137755 0.028929 0.051429
9 0.553431 0.299388 0.010332 0.018367
9 0.815510 0.281020 0.016531 0.022041
7 0.187003 0.303061 0.119847 0.132245
2 0.530529 0.330612 0.013431 0.022041
2 0.543444 0.334286 0.012398 0.025714
2 0.556875 0.331531 0.014464 0.023878
2 0.568240 0.337041 0.012398 0.027551
2 0.605950 0.336122 0.017564 0.033061
2 0.196818 0.335204 0.069222 0.071633
2 0.273099 0.330612 0.064056 0.062449
2 0.632296 0.341633 0.033061 0.036735
2 0.331645 0.329694 0.035128 0.038571
2 0.448830 0.334851 0.017882 0.016954
2 0.490554 0.329552 0.013113 0.014835
2 0.474460 0.330612 0.016690 0.016954
2 0.384098 0.334851 0.014305 0.025432
2 0.416285 0.336970 0.014305 0.016954
