2 0.389111 0.460825 0.012758 0.014433
2 0.315464 0.448454 0.039433 0.063918
2 0.298067 0.472165 0.030155 0.041237
2 0.244717 0.473196 0.030155 0.035052
2 0.263853 0.496907 0.054510 0.070103
2 0.182668 0.520619 0.117139 0.125773
2 0.085673 0.674021 0.171345 0.411959
9 0.302286 0.323711 0.012758 0.041237
9 0.490172 0.386598 0.010438 0.018557
9 0.492492 0.431959 0.010438 0.018557
9 0.437629 0.402749 0.011598 0.024742
9 0.625902 0.319244 0.023196 0.030928
9 0.581057 0.245017 0.009278 0.026804
9 0.702835 0.315120 0.018557 0.018557
2 0.121670 0.496205 0.051537 0.071053
