9 0.523330 0.425189 0.005674 0.020393
9 0.560068 0.399698 0.005735 0.024471
9 0.340755 0.399948 0.005299 0.024971
9 0.553759 0.395619 0.005735 0.018353
9 0.632335 0.419071 0.008030 0.030589
2 0.471455 0.494635 0.009750 0.018132
2 0.500132 0.471072 0.012044 0.016314
2 0.491816 0.495034 0.022942 0.043844
2 0.458837 0.492237 0.012044 0.022928
2 0.443273 0.490955 0.018770 0.025491
2 0.415247 0.495034 0.038428 0.049962
2 0.385382 0.490169 0.022450 0.033181
2 0.201315 0.500642 0.043016 0.053021
2 0.676211 0.491975 0.015486 0.027530
2 0.610540 0.488406 0.033266 0.046903
2 0.809273 0.489936 0.065958 0.064237
2 0.859459 0.501152 0.068826 0.066276
2 0.918247 0.499113 0.092341 0.092787
2 0.036133 0.538369 0.071693 0.118278
2 0.973594 0.503701 0.049325 0.097885
2 0.132857 0.502677 0.075533 0.071384
2 0.258840 0.502139 0.087412 0.084695
2 0.347563 0.492646 0.046445 0.055383
2 0.549457 0.533780 0.118724 0.196790
2 0.640077 0.504211 0.060222 0.070355
9 0.439574 0.395648 0.006744 0.021581
9 0.433505 0.395648 0.005395 0.019183
