9 0.342843 0.361353 0.010991 0.035526
9 0.403293 0.365794 0.005995 0.023092
9 0.412785 0.372011 0.006994 0.014211
2 0.358455 0.409441 0.010991 0.017763
2 0.334837 0.412105 0.028251 0.019539
2 0.299004 0.413882 0.021982 0.026645
2 0.273525 0.415658 0.020983 0.030197
2 0.256901 0.423651 0.032248 0.035526
7 0.383934 0.395566 0.033972 0.078830
2 0.410412 0.412105 0.010991 0.030197
2 0.424900 0.419211 0.023980 0.037303
2 0.467865 0.425569 0.065946 0.050019
5 0.550797 0.406776 0.105913 0.158092
2 0.566711 0.457697 0.050958 0.088816
2 0.636653 0.462138 0.114905 0.143882
2 0.737070 0.479013 0.175855 0.209605
2 0.865964 0.548882 0.265781 0.255789
2 0.135566 0.435197 0.069942 0.060395
2 0.191062 0.412452 0.021446 0.031194
