2 0.110515 0.424061 0.219340 0.302156
2 0.256417 0.438450 0.085241 0.128439
2 0.486586 0.480031 0.018192 0.034189
2 0.506597 0.469867 0.023909 0.048973
2 0.527907 0.446920 0.024949 0.088706
2 0.390187 0.495000 0.009876 0.008316
2 0.395800 0.483450 0.020271 0.013306
2 0.612152 0.395021 0.148133 0.194045
2 0.409574 0.466633 0.009356 0.016632
2 0.421269 0.439836 0.008836 0.012936
2 0.423608 0.492967 0.009356 0.012012
7 0.398139 0.462659 0.010395 0.022731
2 0.408015 0.414333 0.005198 0.009240
2 0.406196 0.424959 0.005717 0.012012
