3 0.733256 0.546594 0.531212 0.635561
3 0.299745 0.423305 0.036272 0.035362
3 0.102003 0.445147 0.047973 0.041602
3 0.171387 0.431548 0.013711 0.014404
4 0.102588 0.297458 0.032762 0.049923
4 0.103758 0.262096 0.032762 0.008320
4 0.089718 0.251695 0.030422 0.016641
4 0.498657 0.306818 0.017551 0.018721
4 0.643161 0.091525 0.042123 0.033282
4 0.646086 0.160170 0.047973 0.074884
2 0.499242 0.352581 0.014041 0.027042
2 0.116629 0.349461 0.014041 0.016641
2 0.374630 0.175771 0.008190 0.039522
2 0.246507 0.143529 0.007020 0.045763
2 0.230126 0.151849 0.011701 0.054083
2 0.365854 0.170570 0.011701 0.049923
2 0.245922 0.361942 0.008190 0.024961
2 0.283364 0.368182 0.008190 0.029122
2 0.207895 0.407704 0.004680 0.020801
2 0.165772 0.400424 0.004680 0.018721
2 0.143541 0.413945 0.007020 0.020801
2 0.130085 0.411865 0.008190 0.016641
3 0.046406 0.433125 0.027422 0.026250
