3 0.537647 0.579939 0.012871 0.024129
3 0.540572 0.582643 0.009361 0.018721
3 0.553443 0.582643 0.018721 0.022881
3 0.623062 0.600116 0.047973 0.072804
3 0.725151 0.655759 0.200082 0.230894
3 0.491429 0.578483 0.011701 0.014561
3 0.479144 0.583683 0.017551 0.024961
3 0.504885 0.581603 0.012871 0.016641
3 0.458668 0.582643 0.018721 0.027042
1 0.521266 0.572242 0.019891 0.043683
1 0.429416 0.563506 0.042123 0.097766
3 0.374422 0.606148 0.088925 0.108166
3 0.107646 0.655655 0.191892 0.216333
3 0.901100 0.698030 0.195402 0.478429
4 0.889721 0.445147 0.025742 0.045763
4 0.485462 0.536672 0.010531 0.016641
4 0.467911 0.463868 0.012871 0.033282
