3 0.344584 0.440078 0.010527 0.009982
3 0.343777 0.441890 0.010527 0.008734
3 0.357112 0.453743 0.011931 0.027449
3 0.394660 0.449376 0.015440 0.013725
3 0.407994 0.462477 0.022458 0.027449
3 0.373605 0.463101 0.029477 0.043669
3 0.391151 0.484519 0.047724 0.062384
3 0.445659 0.509473 0.084219 0.132255
3 0.591756 0.612407 0.330560 0.391359
1 0.734577 0.548775 0.113696 0.208364
3 0.804409 0.533179 0.037197 0.054898
3 0.910384 0.584126 0.176158 0.140989
3 0.328103 0.444385 0.007720 0.013725
1 0.320032 0.436751 0.009826 0.021508
3 0.312663 0.442514 0.007720 0.014972
3 0.301785 0.440642 0.014037 0.018715
3 0.296170 0.444385 0.009826 0.018715
3 0.341438 0.461645 0.025968 0.034935
3 0.045487 0.626964 0.090974 0.410490
9 0.011931 0.400508 0.023862 0.052403
9 0.032635 0.420471 0.017546 0.034935
9 0.753409 0.493365 0.014738 0.028697
9 0.728845 0.492742 0.010527 0.019963
9 0.227930 0.439454 0.011229 0.038678
9 0.236001 0.438206 0.009124 0.026201
0 0.871246 0.553724 0.039302 0.104307
5 0.871948 0.588410 0.056146 0.099815
4 0.082114 0.216474 0.025266 0.021211
4 0.087026 0.309427 0.019651 0.024954
4 0.193441 0.354255 0.022458 0.016220
4 0.630076 0.360493 0.021055 0.028697
4 0.636743 0.396676 0.011931 0.011229
4 0.632182 0.418511 0.008422 0.024954
4 0.838919 0.304347 0.037899 0.046164
4 0.837516 0.360850 0.030880 0.021211
4 0.877520 0.416372 0.021055 0.082347
4 0.458279 0.387675 0.009124 0.042421
4 0.464947 0.426977 0.008422 0.008734
4 0.353356 0.425729 0.008422 0.011229
4 0.323880 0.419491 0.012633 0.011229
4 0.249288 0.363701 0.011229 0.026201
4 0.274554 0.400508 0.011229 0.009982
2 0.314628 0.318161 0.009124 0.029945
2 0.582024 0.345610 0.007720 0.034935
2 0.730460 0.330014 0.011229 0.043669
2 0.845208 0.442306 0.017546 0.033688
2 0.825557 0.443553 0.010527 0.033688
2 0.180229 0.329390 0.016844 0.024954
2 0.069340 0.346234 0.019651 0.036183
2 0.279451 0.381793 0.006316 0.019963
2 0.573866 0.346234 0.008422 0.036183
