9 0.451336 0.383858 0.005849 0.015597
9 0.523959 0.382991 0.004874 0.020796
2 0.294879 0.445379 0.036068 0.024262
2 0.261736 0.449711 0.028269 0.032927
2 0.206659 0.439313 0.074085 0.060655
2 0.115515 0.454910 0.092607 0.064121
2 0.028757 0.450578 0.057514 0.076252
2 0.365066 0.471374 0.096506 0.124775
2 0.432815 0.460976 0.015597 0.055456
2 0.475706 0.487837 0.097481 0.150770
2 0.532245 0.455777 0.021446 0.031194
2 0.579036 0.464442 0.042892 0.062388
2 0.864408 0.430648 0.017053 0.029461
2 0.876352 0.428049 0.011698 0.020796
2 0.929479 0.423716 0.026320 0.022529
2 0.966522 0.427182 0.032169 0.025995
