2 0.401302 0.332399 0.009564 0.015302
2 0.391260 0.328149 0.010520 0.017003
2 0.391260 0.334100 0.008608 0.018703
2 0.380740 0.323048 0.010520 0.006801
2 0.378827 0.330699 0.016259 0.011902
2 0.414692 0.331549 0.009564 0.017003
2 0.426168 0.326449 0.009564 0.010202
2 0.420430 0.326449 0.009564 0.013602
2 0.425690 0.339200 0.014346 0.022103
2 0.420908 0.337500 0.010520 0.022103
2 0.445774 0.332399 0.029648 0.011902
2 0.481639 0.341751 0.013389 0.030605
2 0.499332 0.353653 0.037299 0.064610
2 0.525633 0.364704 0.045907 0.076511
2 0.275345 0.370655 0.067904 0.095214
2 0.212510 0.414012 0.109029 0.236335
2 0.408284 0.336480 0.014346 0.018703
2 0.449409 0.383237 0.073642 0.098615
2 0.357978 0.401090 0.115723 0.226134
2 0.621655 0.410611 0.197973 0.251637
2 0.106420 0.415755 0.210406 0.501575
