2 0.409808 0.169218 0.017880 0.069183
2 0.678008 0.128082 0.019984 0.091621
4 0.778452 0.299169 0.021035 0.022438
4 0.604910 0.266447 0.077831 0.039266
4 0.606488 0.205679 0.078882 0.086011
4 0.622264 0.157999 0.038915 0.024307
4 0.778978 0.378636 0.011569 0.016828
4 0.672223 0.387985 0.023139 0.050485
4 0.605436 0.408553 0.009466 0.024307
3 0.586504 0.460907 0.026294 0.080402
1 0.530235 0.428186 0.096763 0.179501
3 0.450331 0.441586 0.053640 0.102839
3 0.479781 0.436288 0.017880 0.059834
3 0.358828 0.426004 0.036812 0.087881
3 0.384596 0.430679 0.018932 0.063573
3 0.618583 0.460907 0.027346 0.061704
3 0.652766 0.461842 0.064158 0.089751
3 0.681163 0.486150 0.080986 0.097230
3 0.422955 0.461842 0.084141 0.100970
3 0.318830 0.445014 0.086245 0.119668
4 0.307786 0.364612 0.011569 0.037396
9 0.780029 0.459038 0.011569 0.046745
9 0.797909 0.471191 0.015776 0.082272
9 0.811057 0.470256 0.012621 0.065443
9 0.824729 0.475866 0.012621 0.065443
3 0.918383 0.501050 0.161972 0.099100
9 0.870528 0.524422 0.055744 0.269252
4 0.017450 0.136941 0.034900 0.161666
4 0.867899 0.269194 0.027346 0.039266
4 0.870528 0.216839 0.026294 0.046745
