2 0.298789 0.405937 0.009229 0.028125
2 0.255284 0.395390 0.009229 0.030469
2 0.178160 0.401250 0.010547 0.032812
2 0.055552 0.452812 0.013184 0.028125
2 0.076646 0.404765 0.010547 0.030469
4 0.319883 0.415312 0.014502 0.014062
2 0.201231 0.409453 0.009229 0.035156
4 0.361411 0.420000 0.013184 0.023437
3 0.357934 0.473270 0.027686 0.044531
3 0.336931 0.475613 0.014321 0.025781
3 0.043028 0.502031 0.046143 0.056250
3 0.160362 0.480937 0.040869 0.037500
3 0.268467 0.479765 0.019775 0.025781
3 0.388438 0.483281 0.051416 0.075000
3 0.103672 0.493828 0.085693 0.110156
3 0.603330 0.532500 0.183252 0.173437
3 0.008751 0.490312 0.017139 0.046875
3 0.817564 0.513750 0.308496 0.389062
3 0.286265 0.479765 0.013184 0.025781
4 0.470835 0.383672 0.013184 0.021094
