9 0.263548 0.161471 0.017868 0.031765
9 0.238980 0.326912 0.022335 0.034412
9 0.623135 0.226324 0.013401 0.034412
9 0.802258 0.333530 0.017868 0.021176
9 0.594844 0.321618 0.010423 0.034412
9 0.501783 0.329559 0.011912 0.023824
9 0.635791 0.353383 0.011912 0.018529
2 0.462772 0.379853 0.008934 0.023824
2 0.451605 0.386471 0.016379 0.026471
2 0.433737 0.389118 0.022335 0.042353
2 0.574445 0.377206 0.029779 0.039706
2 0.598269 0.385147 0.020846 0.034412
2 0.616136 0.385147 0.020846 0.034412
2 0.632515 0.383824 0.026801 0.037059
2 0.651127 0.385147 0.019357 0.039706
2 0.401873 0.394412 0.052114 0.068824
2 0.526947 0.405000 0.078915 0.137647
2 0.674504 0.408971 0.062537 0.097941
2 0.020846 0.407647 0.041691 0.084706
7 0.902615 0.374559 0.193566 0.426177
9 0.952495 0.084441 0.016379 0.060882
9 0.980786 0.088412 0.019357 0.074118
