3 0.358883 0.514963 0.082419 0.122339
3 0.464507 0.522076 0.079218 0.116649
3 0.887005 0.516386 0.200846 0.184932
1 0.689759 0.445258 0.139232 0.193467
3 0.421297 0.497893 0.020005 0.039831
3 0.442102 0.477977 0.018404 0.019916
3 0.465307 0.470864 0.021605 0.008535
4 0.493314 0.436723 0.008802 0.022761
4 0.498115 0.416096 0.005601 0.018493
2 0.411695 0.388356 0.005601 0.017071
2 0.468108 0.379821 0.004801 0.019916
2 0.510518 0.378398 0.006401 0.028451
2 0.395291 0.408272 0.006401 0.017071
2 0.399692 0.410406 0.005601 0.018493
4 0.928485 0.325453 0.026272 0.066722
