2 0.591612 0.509026 0.016875 0.040909
2 0.571668 0.507663 0.026080 0.043636
2 0.550958 0.517208 0.027614 0.068182
2 0.542521 0.526754 0.032216 0.081818
2 0.609254 0.514481 0.030682 0.062727
2 0.757293 0.496753 0.053693 0.049091
2 0.831697 0.536299 0.104318 0.100909
2 0.636867 0.525390 0.070568 0.084545
2 0.501531 0.564407 0.102966 0.156356
7 0.695930 0.481753 0.093580 0.150000
9 0.402918 0.353572 0.013807 0.040909
9 0.455077 0.396624 0.007670 0.032727
9 0.403685 0.441624 0.012273 0.051818
9 0.409822 0.463442 0.009205 0.035455
9 0.495731 0.449805 0.009205 0.024545
9 0.637634 0.437143 0.010739 0.049870
2 0.712038 0.363896 0.009205 0.038182
9 0.822492 0.425260 0.012273 0.046364
9 0.658344 0.305844 0.018409 0.054545
2 0.372180 0.507203 0.045048 0.030508
2 0.898312 0.695021 0.199497 0.455720
