9 0.379057 0.227242 0.011353 0.026910
9 0.453480 0.228364 0.011353 0.029153
9 0.496999 0.228364 0.012614 0.029153
2 0.295172 0.336379 0.022706 0.022425
2 0.276882 0.333015 0.029013 0.033638
2 0.263637 0.337500 0.035320 0.029153
2 0.251022 0.339742 0.047934 0.029153
2 0.197412 0.340864 0.112266 0.031395
2 0.210657 0.340864 0.052980 0.031395
2 0.172814 0.345349 0.075685 0.035880
2 0.126773 0.343106 0.076947 0.049336
2 0.083254 0.365531 0.161462 0.112126
2 0.058656 0.411503 0.117312 0.159219
2 0.992527 0.370016 0.013876 0.044850
2 0.385364 0.343480 0.029013 0.042608
2 0.405546 0.352450 0.036581 0.051578
2 0.676962 0.339742 0.022706 0.029153
5 0.464413 0.316570 0.031535 0.024668
2 0.504778 0.322176 0.018921 0.008970
2 0.525591 0.333388 0.022706 0.017940
2 0.478288 0.330025 0.023967 0.015698
2 0.451168 0.338995 0.025228 0.020183
2 0.502886 0.341237 0.020183 0.033638
2 0.490902 0.337874 0.013876 0.022425
2 0.524961 0.346844 0.031535 0.026910
2 0.424678 0.382350 0.022706 0.074003
2 0.454321 0.400290 0.071901 0.123339
2 0.564695 0.525872 0.247238 0.353571
2 0.733305 0.336378 0.060548 0.044850
2 0.824758 0.341985 0.064332 0.047093
