4 0.131112 0.341399 0.024370 0.038126
4 0.175465 0.358729 0.023395 0.027728
4 0.420630 0.058055 0.049715 0.022529
4 0.555640 0.027728 0.046791 0.027728
4 0.395772 0.134307 0.124775 0.116110
4 0.522010 0.110911 0.131599 0.135173
4 0.523959 0.190629 0.065312 0.017330
4 0.550279 0.275546 0.028269 0.051990
4 0.532732 0.290276 0.030219 0.046791
4 0.408932 0.339666 0.020471 0.020796
4 0.436714 0.341399 0.011698 0.017330
4 0.283182 0.272080 0.039967 0.051990
3 0.356292 0.420250 0.137448 0.233954
3 0.791057 0.416785 0.348006 0.407253
3 0.563926 0.390790 0.094556 0.129974
3 0.493253 0.380392 0.050690 0.074519
3 0.453286 0.377792 0.037043 0.041592
3 0.390411 0.376926 0.039967 0.057189
3 0.434764 0.372593 0.015597 0.031194
3 0.416730 0.369127 0.012673 0.027728
3 0.058488 0.443646 0.116977 0.090116
3 0.116002 0.412452 0.064337 0.062388
3 0.206172 0.402054 0.055564 0.045058
3 0.254912 0.391656 0.030219 0.027728
3 0.270509 0.380392 0.016572 0.022529
3 0.238828 0.389057 0.015597 0.022529
4 0.158406 0.398588 0.010723 0.013864
