9 0.272815 0.197887 0.009560 0.033993
9 0.441490 0.163894 0.010926 0.043705
9 0.261889 0.202743 0.012292 0.048561
9 0.207941 0.261016 0.010926 0.038849
9 0.177210 0.254946 0.012292 0.041277
9 0.405296 0.218525 0.009560 0.031565
9 0.417588 0.223381 0.009560 0.036421
9 0.504316 0.217311 0.008195 0.043705
9 0.518656 0.227024 0.009560 0.038849
9 0.309009 0.234308 0.010926 0.033993
9 0.240036 0.263444 0.009560 0.033993
2 0.359884 0.348427 0.012292 0.021853
7 0.342812 0.342356 0.027316 0.033993
2 0.347592 0.354901 0.025950 0.021853
2 0.318910 0.362186 0.020487 0.016996
2 0.288180 0.373112 0.038242 0.043705
2 0.493048 0.361781 0.095605 0.106835
2 0.424759 0.403058 0.090142 0.150540
2 0.347592 0.499371 0.192575 0.281655
2 0.594799 0.338310 0.039608 0.048561
2 0.011882 0.413741 0.023765 0.058273
