3 0.359358 0.595701 0.025113 0.046772
3 0.339028 0.593575 0.022721 0.046772
3 0.326472 0.598890 0.021526 0.048898
3 0.306740 0.595701 0.022721 0.059528
3 0.285812 0.597827 0.023917 0.068032
3 0.264884 0.603142 0.041855 0.091417
3 0.216452 0.604205 0.066969 0.123307
3 0.474759 0.607394 0.026309 0.031890
3 0.498676 0.605268 0.026309 0.044646
3 0.514821 0.602079 0.034680 0.059528
3 0.535150 0.619087 0.046639 0.063780
2 0.415564 0.574016 0.005979 0.017008
2 0.452038 0.572953 0.007175 0.019134
3 0.380883 0.601654 0.015546 0.029764
3 0.397626 0.601654 0.017938 0.034016
3 0.444264 0.597402 0.015546 0.042520
3 0.115655 0.619436 0.165717 0.184383
3 0.601880 0.654803 0.118391 0.148819
2 0.846685 0.451967 0.064075 0.062045
4 0.827898 0.357165 0.032288 0.042520
2 0.535748 0.026575 0.033484 0.053150
2 0.502862 0.020197 0.032288 0.040394
