2 0.465407 0.320360 0.011569 0.033657
2 0.369696 0.282964 0.009466 0.041136
2 0.406508 0.386738 0.007362 0.020568
2 0.439112 0.386738 0.005259 0.016828
2 0.433328 0.404502 0.006311 0.014958
2 0.410189 0.417590 0.006311 0.014958
2 0.329128 0.387317 0.009466 0.014958
2 0.526860 0.391057 0.009466 0.018698
4 0.285204 0.333137 0.024191 0.016828
4 0.330430 0.359938 0.013673 0.013089
4 0.494506 0.332826 0.034708 0.014958
4 0.570057 0.341240 0.016828 0.016828
4 0.338318 0.339370 0.016828 0.013089
2 0.456467 0.320360 0.006311 0.029917
2 0.276965 0.367105 0.008414 0.026177
2 0.561994 0.379259 0.008414 0.020568
3 0.570583 0.472126 0.047329 0.102839
3 0.652972 0.477736 0.154610 0.166413
3 0.460498 0.436912 0.013673 0.029917
3 0.448929 0.435977 0.009466 0.024307
3 0.415272 0.435042 0.009466 0.014958
3 0.385122 0.436912 0.019984 0.041136
3 0.217190 0.499550 0.106228 0.181371
3 0.100970 0.530464 0.201939 0.413227
3 0.875070 0.569730 0.248217 0.301039
3 0.480131 0.436974 0.024191 0.039266
3 0.429121 0.434169 0.016828 0.029917
4 0.085910 0.314770 0.019984 0.035526
