4 0.661338 0.370781 0.030322 0.075000
4 0.624424 0.400078 0.011865 0.039844
4 0.481382 0.439922 0.010547 0.021094
4 0.193980 0.462187 0.018457 0.014062
4 0.509727 0.435234 0.011865 0.016406
4 0.526865 0.408281 0.014502 0.018750
2 0.279673 0.436406 0.010547 0.023437
2 0.441172 0.427031 0.009229 0.028125
2 0.216392 0.435234 0.010547 0.021094
2 0.184092 0.492656 0.011865 0.023437
2 0.536094 0.457500 0.011865 0.018750
9 0.258580 0.530156 0.010547 0.037500
9 0.241441 0.525468 0.013184 0.028125
9 0.210459 0.534843 0.014502 0.028125
3 0.347569 0.516093 0.014502 0.023437
3 0.334385 0.523125 0.019775 0.023437
3 0.317906 0.519609 0.013184 0.021094
3 0.304722 0.526640 0.021094 0.025781
3 0.501157 0.509062 0.015820 0.046875
3 0.521592 0.513750 0.035596 0.060937
3 0.279673 0.531328 0.026367 0.035156
3 0.368003 0.512578 0.018457 0.025781
3 0.388438 0.512578 0.019775 0.025781
3 0.410850 0.506718 0.014502 0.018750
3 0.425352 0.507890 0.017139 0.016406
3 0.439854 0.505547 0.014502 0.016406
3 0.565098 0.538359 0.085693 0.091406
3 0.482700 0.505547 0.021094 0.025781
3 0.724619 0.537187 0.175342 0.220312
3 0.050847 0.571171 0.101695 0.105469
3 0.890732 0.684843 0.217529 0.253125
