4 0.592715 0.497502 0.027558 0.035383
4 0.559799 0.511110 0.026027 0.046270
4 0.533389 0.535606 0.011482 0.024496
4 0.407847 0.521997 0.019137 0.027218
2 0.417088 0.511888 0.007655 0.013609
4 0.425891 0.513249 0.013013 0.008165
4 0.458807 0.515290 0.008420 0.006804
2 0.467228 0.518012 0.005358 0.014970
2 0.511627 0.509847 0.006889 0.014970
4 0.519719 0.507611 0.009295 0.008165
2 0.441693 0.535606 0.006124 0.017497
3 0.485873 0.547077 0.010717 0.008165
3 0.496973 0.546396 0.013013 0.017692
3 0.513814 0.548438 0.019137 0.024496
3 0.431906 0.545716 0.013013 0.019052
3 0.388655 0.567490 0.059709 0.076210
3 0.848939 0.540369 0.022965 0.023135
3 0.816788 0.539689 0.039806 0.027218
3 0.879176 0.535606 0.043633 0.038105
3 0.914006 0.533565 0.032151 0.042188
3 0.946922 0.533565 0.036744 0.028579
7 0.074764 0.535282 0.148507 0.103427
3 0.201454 0.549798 0.078846 0.057157
3 0.330058 0.552067 0.025261 0.024496
3 0.252247 0.560032 0.034447 0.050353
