9 0.227813 0.530221 0.008371 0.025512
9 0.259503 0.534473 0.009567 0.021260
9 0.267874 0.538725 0.011959 0.025512
9 0.940429 0.589748 0.028701 0.114803
9 0.877646 0.581244 0.027505 0.089291
9 0.817255 0.565299 0.019134 0.091417
9 0.779585 0.565299 0.013155 0.091417
9 0.288084 0.542977 0.013155 0.042520
4 0.338909 0.452622 0.023917 0.010630
4 0.299565 0.448583 0.013155 0.008504
4 0.294781 0.476221 0.015546 0.008504
4 0.300162 0.507047 0.011959 0.010630
4 0.674469 0.278504 0.121978 0.072283
4 0.672077 0.439016 0.011959 0.019134
4 0.678056 0.457087 0.011959 0.012756
4 0.672675 0.536811 0.008371 0.027638
4 0.618263 0.487914 0.004783 0.019134
4 0.555480 0.464528 0.010763 0.014882
2 0.510037 0.456024 0.008371 0.023386
2 0.377894 0.443268 0.007175 0.027638
2 0.297173 0.491102 0.008371 0.017008
2 0.437687 0.502795 0.009567 0.010630
3 0.466388 0.534685 0.009567 0.014882
3 0.458615 0.536811 0.010763 0.019134
3 0.494491 0.536811 0.013155 0.019134
3 0.507645 0.544252 0.013155 0.021260
3 0.514223 0.549567 0.014350 0.023386
3 0.526779 0.550630 0.020330 0.029764
3 0.534552 0.558071 0.016742 0.027638
3 0.549501 0.559134 0.020330 0.034016
3 0.567439 0.563386 0.020330 0.034016
3 0.594346 0.561260 0.038268 0.055276
3 0.602119 0.568701 0.022721 0.048898
3 0.477749 0.541063 0.020330 0.023386
3 0.482532 0.552756 0.022721 0.029764
3 0.441873 0.548504 0.029897 0.046772
3 0.377296 0.560197 0.082515 0.116929
3 0.631417 0.567638 0.047835 0.063780
