9 0.034118 0.570588 0.013647 0.076252
9 0.053127 0.567988 0.018521 0.081451
9 0.105767 0.567988 0.016572 0.064121
9 0.248089 0.570588 0.008773 0.045058
9 0.265148 0.568855 0.009748 0.038126
9 0.777879 0.600977 0.026320 0.227022
9 0.680398 0.580181 0.010723 0.064121
4 0.483992 0.453177 0.016572 0.015597
4 0.501539 0.464442 0.010723 0.013864
4 0.536144 0.499968 0.019496 0.012131
4 0.568800 0.506034 0.010723 0.020796
4 0.560515 0.441913 0.017547 0.031194
4 0.845646 0.248684 0.057514 0.116110
4 0.927530 0.101380 0.024370 0.202760
2 0.470345 0.454910 0.006824 0.022529
3 0.469979 0.721420 0.305115 0.485238
2 0.351418 0.460976 0.006824 0.020796
