4 0.337284 0.450578 0.015597 0.017330
4 0.388461 0.454910 0.024370 0.032927
4 0.550766 0.428049 0.013647 0.031194
3 0.857831 0.432381 0.040942 0.043325
1 0.818351 0.428915 0.034118 0.067587
3 0.567338 0.481772 0.027295 0.027728
3 0.599507 0.478306 0.015597 0.020796
3 0.628264 0.478306 0.018521 0.020796
3 0.724770 0.460109 0.020471 0.029461
3 0.698450 0.463575 0.026320 0.032927
3 0.437591 0.472240 0.018521 0.015597
3 0.467810 0.463575 0.016572 0.015597
4 0.512651 0.457510 0.008773 0.020796
4 0.554081 0.460109 0.007798 0.015597
3 0.624754 0.455777 0.012673 0.020796
3 0.635575 0.452600 0.009748 0.019063
4 0.605589 0.396562 0.011155 0.041186
3 0.655356 0.466732 0.011155 0.019831
