9 0.029900 0.496567 0.008414 0.041136
9 0.040944 0.500307 0.015776 0.052355
3 0.081963 0.500975 0.053640 0.076662
3 0.181355 0.497235 0.037864 0.039266
3 0.157164 0.509389 0.025242 0.056094
3 0.119826 0.538905 0.083090 0.117798
2 0.148750 0.394663 0.008414 0.031787
2 0.190820 0.395598 0.008414 0.026177
1 0.235521 0.446083 0.078882 0.104709
3 0.370673 0.407084 0.096763 0.044875
9 0.519723 0.515933 0.021035 0.084141
3 0.344904 0.660710 0.354445 0.476801
3 0.717455 0.596201 0.382843 0.411358
3 0.876798 0.658840 0.245062 0.469322
