4 0.579472 0.630647 0.017932 0.042967
4 0.774383 0.622330 0.024169 0.056827
4 0.920177 0.456699 0.044440 0.055441
4 0.040736 0.598768 0.031186 0.020791
4 0.039567 0.629954 0.014813 0.041581
3 0.373450 0.701334 0.006237 0.011088
3 0.367603 0.703413 0.010135 0.015246
3 0.361366 0.704800 0.010135 0.015246
3 0.353959 0.706879 0.009356 0.019405
3 0.339146 0.707572 0.020271 0.026335
3 0.414771 0.706186 0.018711 0.031879
3 0.434263 0.709651 0.029627 0.044353
3 0.941617 0.741529 0.115388 0.092864
3 0.826619 0.740143 0.137997 0.095637
3 0.268393 0.711037 0.012474 0.026335
3 0.243444 0.705493 0.017152 0.026335
3 0.312833 0.722818 0.040542 0.055441
3 0.388848 0.711037 0.022610 0.031879
3 0.494490 0.731827 0.088880 0.098409
3 0.025213 0.842479 0.050425 0.267505
3 0.944809 0.912474 0.109930 0.169096
3 0.288225 0.714827 0.020668 0.020413
