9 0.165763 0.359004 0.005998 0.034123
9 0.379900 0.389929 0.007198 0.023460
9 0.372702 0.386730 0.004799 0.025592
9 0.156766 0.357938 0.004799 0.023460
9 0.486668 0.449644 0.014396 0.019194
9 0.139971 0.434715 0.011996 0.019194
9 0.037401 0.395260 0.013196 0.021327
2 0.283928 0.475237 0.011996 0.027725
2 0.298324 0.476303 0.011996 0.025592
2 0.271332 0.470971 0.010797 0.019194
2 0.250938 0.473104 0.015595 0.040521
2 0.208950 0.474170 0.010797 0.029858
2 0.190356 0.480568 0.021594 0.038389
2 0.232343 0.478436 0.043187 0.051185
2 0.148968 0.484834 0.061182 0.072512
2 0.081788 0.484834 0.039588 0.063981
2 0.035796 0.493365 0.071591 0.166351
2 0.324716 0.490166 0.050385 0.074644
2 0.361305 0.475237 0.017995 0.023460
2 0.373901 0.479502 0.023993 0.031991
2 0.394295 0.494431 0.052784 0.061848
2 0.452381 0.502962 0.034985 0.040521
2 0.483669 0.507227 0.056383 0.061848
