9 0.018407 0.394532 0.018038 0.062447
9 0.527742 0.514363 0.013291 0.042194
9 0.611287 0.530397 0.013291 0.040506
9 0.041192 0.628287 0.018038 0.020253
9 0.064451 0.632507 0.011392 0.025316
9 0.623330 0.638574 0.008897 0.013183
9 0.630960 0.639543 0.008121 0.021371
9 0.939768 0.219849 0.037975 0.124894
9 0.889451 0.251916 0.041772 0.148523
9 0.044989 0.396220 0.025633 0.075949
2 0.095306 0.727021 0.069304 0.072574
2 0.189529 0.716000 0.111076 0.104743
2 0.522521 0.712676 0.021835 0.037131
2 0.471255 0.710144 0.082595 0.119831
2 0.412394 0.721114 0.035127 0.074262
9 0.066158 0.496045 0.019336 0.034375
