3 0.616782 0.713610 0.052002 0.063897
3 0.481669 0.693548 0.029060 0.046224
4 0.843906 0.579154 0.019883 0.097885
3 0.509413 0.685895 0.043589 0.069335
3 0.672683 0.720563 0.055060 0.067976
3 0.711301 0.722602 0.040531 0.074773
3 0.530999 0.666182 0.022942 0.040785
3 0.730976 0.732119 0.052766 0.072054
3 0.789095 0.738917 0.094062 0.096526
3 0.207276 0.722356 0.129934 0.125076
4 0.305714 0.636707 0.013411 0.026284
4 0.695396 0.601586 0.015295 0.025831
4 0.568320 0.594562 0.016059 0.032628
3 0.341324 0.739577 0.163652 0.195770
3 0.449150 0.693127 0.045884 0.069335
3 0.552389 0.725755 0.093297 0.134592
3 0.896771 0.762462 0.156005 0.140030
4 0.534417 0.630589 0.013000 0.017674
2 0.975751 0.084224 0.045119 0.161782
2 0.251475 0.234308 0.020487 0.065558
