2 0.252215 0.557880 0.016373 0.029107
2 0.332519 0.487885 0.016373 0.044353
2 0.629564 0.516992 0.010135 0.022177
2 0.765612 0.557187 0.021830 0.052669
2 0.349281 0.490657 0.010915 0.038809
4 0.772239 0.510754 0.016373 0.012474
4 0.727799 0.563424 0.016373 0.045739
2 0.046779 0.554415 0.038982 0.044353
2 0.080693 0.395020 0.008576 0.055441
4 0.080303 0.526694 0.020271 0.027721
4 0.313807 0.501745 0.014813 0.038809
9 0.573819 0.704800 0.046779 0.134446
3 0.910236 0.737371 0.176980 0.277207
3 0.351620 0.774794 0.333688 0.426899
3 0.170742 0.694404 0.132540 0.246714
4 0.063151 0.471252 0.038982 0.022177
4 0.638919 0.623716 0.011695 0.024949
3 0.732087 0.711037 0.177759 0.116427
3 0.838509 0.697869 0.061592 0.056827
3 0.505600 0.691632 0.036643 0.091478
