2 0.481869 0.411611 0.004799 0.021327
2 0.519658 0.411611 0.003599 0.021327
2 0.563445 0.412677 0.004799 0.023460
4 0.379900 0.390284 0.026392 0.029858
4 0.463275 0.424407 0.010797 0.012796
4 0.669014 0.340166 0.009597 0.031990
4 0.733010 0.392417 0.005630 0.025592
4 0.096871 0.284715 0.015595 0.014929
4 0.090273 0.304976 0.023993 0.017062
3 0.516147 0.459597 0.009597 0.017062
3 0.508349 0.460663 0.010797 0.023460
3 0.502351 0.460663 0.015595 0.027725
3 0.492154 0.461730 0.014396 0.021327
3 0.432756 0.467104 0.037220 0.057667
3 0.355994 0.477725 0.049185 0.061848
3 0.300811 0.491587 0.092373 0.102370
3 0.535941 0.459597 0.008398 0.025592
3 0.567731 0.462796 0.009597 0.027725
3 0.580927 0.463862 0.011996 0.025592
3 0.594723 0.463862 0.010797 0.029858
4 0.669101 0.388151 0.015595 0.010663
1 0.634162 0.451218 0.057583 0.076777
3 0.465012 0.474373 0.043187 0.055450
3 0.143732 0.566080 0.287465 0.311374
3 0.548618 0.461953 0.029004 0.053906
1 0.395689 0.464531 0.034277 0.028125
