9 0.441785 0.502345 0.003164 0.019087
9 0.400185 0.497140 0.007808 0.019087
2 0.964835 0.605591 0.067348 0.121465
2 0.348453 0.572622 0.013665 0.041645
2 0.339669 0.571754 0.013665 0.039910
2 0.323564 0.576092 0.038066 0.069409
2 0.305995 0.581298 0.038066 0.058997
2 0.291354 0.589106 0.030258 0.067673
2 0.263536 0.591709 0.042947 0.090231
2 0.204485 0.597782 0.100534 0.116260
2 0.375295 0.576960 0.040018 0.057262
2 0.463140 0.568284 0.024401 0.036440
2 0.428978 0.575225 0.055635 0.081555
2 0.479245 0.568284 0.011713 0.039910
2 0.494374 0.565681 0.032210 0.062468
2 0.493398 0.573489 0.016593 0.050321
2 0.500719 0.576960 0.021473 0.060733
2 0.526096 0.583901 0.060516 0.078085
