9 0.782765 0.073882 0.020487 0.048561
3 0.378493 0.100591 0.006829 0.048561
9 0.390785 0.107875 0.006829 0.033993
3 0.522583 0.449018 0.131115 0.225810
3 0.653698 0.466014 0.092873 0.138399
3 0.725402 0.456302 0.015024 0.026709
1 0.743840 0.445549 0.016389 0.033646
2 0.762140 0.281361 0.012017 0.064622
2 0.369615 0.338888 0.005463 0.043705
2 0.450196 0.357098 0.008195 0.036421
9 0.780716 0.458730 0.016389 0.104407
9 0.808715 0.453874 0.012292 0.089838
9 0.829884 0.461158 0.016389 0.089838
9 0.794374 0.444161 0.010926 0.080126
3 0.709695 0.447804 0.013658 0.038849
3 0.608280 0.447112 0.025345 0.055456
1 0.174978 0.218357 0.349956 0.436714
