7 0.027295 0.634275 0.050690 0.253017
9 0.400159 0.493903 0.010723 0.072786
9 0.740854 0.449711 0.017547 0.088383
9 0.395285 0.575353 0.016572 0.031194
9 0.759375 0.527696 0.033143 0.025995
9 0.731106 0.539827 0.007798 0.022529
9 0.416237 0.573568 0.011710 0.038022
2 0.470345 0.655071 0.063363 0.090116
7 0.490816 0.601348 0.049715 0.093582
2 0.518598 0.597016 0.011698 0.036393
2 0.524934 0.584885 0.012673 0.032927
2 0.549304 0.565822 0.010723 0.015597
2 0.559540 0.543293 0.007798 0.015597
2 0.542481 0.543293 0.010723 0.015597
9 0.285619 0.488704 0.021446 0.083184
2 0.586317 0.574638 0.019984 0.030197
9 0.726145 0.463681 0.015445 0.059492
