9 0.052640 0.396855 0.015597 0.055456
9 0.868066 0.490437 0.014622 0.041592
9 0.286594 0.510366 0.011698 0.025995
9 0.011698 0.457510 0.011698 0.034660
9 0.026320 0.457510 0.019496 0.034660
9 0.279770 0.506034 0.011698 0.020796
9 0.902672 0.490437 0.027295 0.045058
9 0.383099 0.388190 0.005849 0.034660
9 0.506413 0.426316 0.008773 0.027728
9 0.387486 0.389057 0.006824 0.039859
9 0.497639 0.507767 0.006824 0.017330
9 0.516648 0.507767 0.007798 0.020796
2 0.492765 0.550225 0.008773 0.015597
2 0.482042 0.562356 0.012673 0.032927
2 0.473269 0.553691 0.008773 0.019063
2 0.460597 0.541560 0.020471 0.015597
2 0.456210 0.550225 0.019496 0.012131
2 0.467908 0.565822 0.017547 0.025995
2 0.437201 0.558890 0.016572 0.029461
2 0.425991 0.554557 0.011698 0.020796
7 0.400646 0.539827 0.050690 0.091849
7 0.383099 0.551958 0.044841 0.084917
2 0.491303 0.574487 0.025345 0.046791
2 0.322174 0.610880 0.080909 0.119576
2 0.638012 0.617812 0.295367 0.525096
2 0.077497 0.675301 0.154994 0.254148
2 0.446949 0.583152 0.034118 0.050257
2 0.940202 0.628210 0.114053 0.112644
2 0.951412 0.642940 0.091632 0.114377
