9 0.231945 0.345816 0.008576 0.015246
9 0.270537 0.291068 0.004678 0.011088
9 0.317316 0.266812 0.006237 0.015246
9 0.199979 0.277900 0.011695 0.051283
9 0.170353 0.277900 0.013254 0.054055
9 0.275215 0.297998 0.006237 0.022177
9 0.323163 0.288296 0.008576 0.024949
9 0.410873 0.261268 0.006237 0.031879
9 0.615920 0.271663 0.009356 0.047125
9 0.636191 0.271663 0.014034 0.047125
9 0.569141 0.226617 0.010915 0.031879
2 0.494685 0.426899 0.084981 0.108111
2 0.261181 0.395713 0.088880 0.056827
2 0.367603 0.397099 0.078744 0.045739
9 0.922321 0.274435 0.009356 0.019405
9 0.887237 0.284137 0.004678 0.030493
2 0.926998 0.377002 0.028067 0.019405
2 0.768341 0.390862 0.028847 0.038809
2 0.715325 0.390169 0.052236 0.034651
2 0.658411 0.389476 0.069388 0.047125
2 0.582785 0.392248 0.091219 0.058214
2 0.435822 0.395020 0.057694 0.038809
2 0.039762 0.392941 0.074846 0.040195
2 0.021830 0.366607 0.042101 0.012474
2 0.071727 0.388783 0.035864 0.020791
2 0.125523 0.379774 0.037423 0.027721
2 0.184386 0.392941 0.063151 0.051283
2 0.137997 0.391555 0.010915 0.026335
2 0.295875 0.391555 0.066270 0.048511
2 0.380857 0.377002 0.036643 0.024949
2 0.411263 0.387397 0.022610 0.020791
9 0.419449 0.257803 0.004678 0.033265
