9 0.332227 0.431972 0.012610 0.024908
9 0.444312 0.395855 0.009807 0.022417
9 0.117864 0.296224 0.018214 0.072232
9 0.433804 0.394610 0.011208 0.034871
9 0.382840 0.462039 0.008406 0.019926
9 0.457096 0.440867 0.008406 0.022417
9 0.412963 0.481965 0.007005 0.019926
9 0.431177 0.139483 0.021016 0.092159
9 0.452193 0.129520 0.021016 0.087177
9 0.296324 0.463284 0.007005 0.019926
9 0.696327 0.369465 0.022417 0.039852
9 0.677413 0.373616 0.009807 0.044834
9 0.526799 0.435471 0.014011 0.017435
2 0.476361 0.501891 0.014011 0.037362
2 0.488270 0.508118 0.021016 0.049816
2 0.353768 0.518081 0.015412 0.019926
2 0.343260 0.520572 0.019615 0.019926
2 0.329950 0.524308 0.023818 0.022417
2 0.306132 0.528044 0.021016 0.024908
2 0.280212 0.536762 0.044834 0.057288
2 0.378987 0.518704 0.032224 0.044834
2 0.439933 0.546103 0.098074 0.184317
2 0.024519 0.590937 0.046235 0.089668
2 0.507184 0.510194 0.036428 0.047325
