3 0.442719 0.447285 0.017880 0.035526
3 0.433779 0.448219 0.016828 0.033657
3 0.425890 0.449154 0.017880 0.043006
3 0.405381 0.452894 0.037864 0.046745
3 0.571560 0.451024 0.029449 0.035526
3 0.091954 0.496167 0.180904 0.162673
3 0.722714 0.481475 0.086245 0.125277
3 0.790553 0.508587 0.165127 0.175762
3 0.913817 0.550097 0.171023 0.309640
9 0.614757 0.444079 0.011569 0.044875
9 0.682596 0.449689 0.018932 0.063573
9 0.269628 0.462644 0.015776 0.041136
4 0.305989 0.367951 0.013673 0.028047
9 0.367634 0.439685 0.008610 0.033673
9 0.349554 0.436623 0.010332 0.042857
0 0.499793 0.435858 0.007749 0.007653
6 0.496780 0.439685 0.006888 0.015306
