4 0.647256 0.368182 0.019891 0.037442
4 0.662467 0.378583 0.017551 0.024961
3 0.444042 0.425906 0.010531 0.018721
3 0.450477 0.433186 0.014041 0.020801
3 0.459253 0.437346 0.012871 0.024961
3 0.449307 0.441506 0.016381 0.020801
3 0.470368 0.426946 0.009361 0.016641
3 0.481484 0.418625 0.012871 0.016641
3 0.479729 0.429026 0.016381 0.016641
3 0.484994 0.439426 0.019891 0.020801
3 0.468613 0.450867 0.022231 0.027042
3 0.442287 0.461268 0.032762 0.031202
3 0.407769 0.467508 0.022231 0.043683
3 0.373837 0.478949 0.064354 0.070724
3 0.299538 0.491429 0.074884 0.091525
3 0.214123 0.548633 0.182531 0.151849
3 0.081905 0.553833 0.105306 0.108166
3 0.514246 0.420705 0.017551 0.037442
3 0.531212 0.420705 0.014041 0.020801
3 0.522436 0.430066 0.022231 0.022881
3 0.547593 0.426946 0.016381 0.029122
3 0.575089 0.448787 0.040952 0.064484
3 0.520681 0.459188 0.035102 0.047843
3 0.020915 0.574114 0.041830 0.185131
