3 0.276742 0.575277 0.139310 0.148112
3 0.119677 0.512147 0.062826 0.060701
3 0.392833 0.532786 0.057363 0.067986
3 0.513022 0.509719 0.027316 0.041277
3 0.604530 0.515789 0.027316 0.029137
3 0.663941 0.524287 0.036876 0.036421
3 0.428344 0.495151 0.019121 0.021853
3 0.351860 0.491509 0.024584 0.019424
3 0.529412 0.500094 0.016389 0.041450
7 0.562361 0.488040 0.025950 0.055845
3 0.584214 0.494110 0.015024 0.014568
3 0.595140 0.490468 0.012292 0.016996
3 0.614944 0.491682 0.010926 0.019424
3 0.626553 0.491682 0.009560 0.019424
4 0.477000 0.445549 0.019121 0.019424
4 0.497487 0.450405 0.024584 0.014568
4 0.724890 0.437051 0.025950 0.012140
3 0.545892 0.499968 0.005849 0.022529
