2 0.040226 0.625465 0.077731 0.331654
2 0.129916 0.552118 0.223627 0.291260
2 0.254919 0.555591 0.111216 0.148819
2 0.312918 0.535748 0.083711 0.114803
2 0.355970 0.537874 0.047835 0.085039
2 0.375103 0.527244 0.062185 0.080787
2 0.402010 0.518740 0.029897 0.063780
2 0.415763 0.516614 0.031093 0.059528
2 0.433701 0.522992 0.014350 0.029764
2 0.463455 0.514640 0.007460 0.020956
2 0.758977 0.574016 0.188947 0.216850
2 0.651947 0.534685 0.130349 0.163701
2 0.586772 0.544252 0.047835 0.097795
2 0.563452 0.535748 0.027505 0.059528
2 0.544034 0.532863 0.022721 0.048898
2 0.533271 0.521170 0.037072 0.055276
2 0.509354 0.520107 0.015546 0.031890
2 0.495601 0.514792 0.009567 0.025512
2 0.484838 0.514792 0.009567 0.021260
