4 0.691314 0.280441 0.009560 0.021853
4 0.680388 0.270729 0.028681 0.016996
4 0.678339 0.295009 0.019121 0.016996
4 0.709069 0.286511 0.017755 0.038849
4 0.699509 0.241592 0.020487 0.031565
4 0.539211 0.359353 0.008195 0.024281
4 0.391160 0.403058 0.012019 0.024281
9 0.724207 0.448584 0.023218 0.109263
9 0.684599 0.454654 0.020487 0.101978
9 0.538460 0.431588 0.009560 0.031565
9 0.540850 0.435230 0.008195 0.033993
9 0.549045 0.435230 0.008195 0.038849
9 0.741279 0.453440 0.017755 0.099550
9 0.693477 0.457082 0.015024 0.087410
9 0.674356 0.454654 0.012292 0.097122
9 0.753571 0.453440 0.020487 0.109263
9 0.763814 0.481363 0.027316 0.048561
9 0.812300 0.460724 0.028681 0.060701
9 0.799325 0.478935 0.024584 0.048561
9 0.904490 0.430374 0.010926 0.053417
9 0.894930 0.425517 0.008195 0.053417
9 0.890149 0.426731 0.012292 0.050989
9 0.879906 0.424303 0.010926 0.055845
9 0.870346 0.426731 0.010926 0.055845
9 0.861468 0.424303 0.009560 0.041277
9 0.853956 0.423089 0.008195 0.043705
9 0.846444 0.426731 0.006829 0.046133
9 0.839615 0.425517 0.009560 0.053417
9 0.833469 0.424303 0.008195 0.055845
9 0.829372 0.420661 0.010926 0.043705
3 0.561200 0.460846 0.020487 0.082554
3 0.460132 0.437779 0.012292 0.016996
3 0.480619 0.437779 0.012292 0.016996
3 0.436914 0.377078 0.020487 0.012140
3 0.467644 0.435351 0.016389 0.021853
3 0.441011 0.440207 0.023218 0.031565
3 0.608320 0.460846 0.103800 0.135971
3 0.212243 0.463274 0.054631 0.053417
3 0.113906 0.482698 0.101068 0.101978
