4 0.486114 0.400321 0.017547 0.031194
4 0.464181 0.399455 0.010723 0.015597
3 0.418314 0.420993 0.024370 0.025995
3 0.400549 0.428915 0.012673 0.029461
3 0.392750 0.433248 0.012673 0.031194
3 0.383489 0.434981 0.013647 0.031194
3 0.378615 0.437580 0.015597 0.036393
3 0.361069 0.442779 0.033143 0.067587
3 0.335724 0.457510 0.048740 0.076252
3 0.271387 0.486971 0.101380 0.121309
3 0.440028 0.428049 0.009748 0.024262
3 0.450751 0.424583 0.013647 0.017330
3 0.462449 0.432381 0.023395 0.039859
3 0.471710 0.439313 0.016572 0.025995
3 0.487794 0.447112 0.029244 0.041592
3 0.507777 0.454044 0.028269 0.069320
3 0.569678 0.457510 0.120876 0.159435
3 0.111301 0.590084 0.219332 0.355263
3 0.815599 0.564955 0.360679 0.408986
