2 0.003898 0.597382 0.007796 0.083162
2 0.019972 0.523229 0.039581 0.112269
2 0.788611 0.709651 0.421788 0.543326
2 0.110320 0.519764 0.039762 0.105339
2 0.134879 0.522536 0.074846 0.091478
2 0.192731 0.504474 0.031502 0.071988
2 0.372281 0.512140 0.011695 0.087320
7 0.404636 0.507289 0.059253 0.105339
2 0.418670 0.527387 0.056134 0.115041
7 0.649445 0.526001 0.165285 0.198203
2 0.514566 0.530159 0.224538 0.317402
2 0.302113 0.547484 0.150472 0.238398
9 0.390602 0.399872 0.004678 0.012474
9 0.355908 0.394327 0.007017 0.015246
2 0.366433 0.486499 0.015593 0.030493
7 0.307960 0.415811 0.062372 0.049897
