9 0.332027 0.500033 0.006994 0.026645
3 0.345016 0.501809 0.016986 0.019539
3 0.314541 0.500921 0.019984 0.028421
3 0.290061 0.511579 0.030975 0.035526
3 0.185647 0.514243 0.029975 0.023092
3 0.163665 0.516020 0.055954 0.030197
3 0.162167 0.538224 0.044963 0.039079
3 0.579823 0.491151 0.048960 0.079934
3 0.606301 0.494704 0.011990 0.030197
3 0.619790 0.497368 0.026978 0.042632
3 0.636776 0.499145 0.016986 0.046184
3 0.657759 0.495592 0.044963 0.081711
3 0.700224 0.495592 0.067944 0.092368
3 0.729200 0.511579 0.085929 0.088816
3 0.805637 0.524013 0.130892 0.117237
7 0.430945 0.485822 0.022981 0.033750
3 0.389479 0.502697 0.019984 0.028421
3 0.236605 0.518684 0.079934 0.078158
3 0.502886 0.510691 0.114905 0.168750
3 0.919543 0.539112 0.160868 0.165197
3 0.987987 0.576414 0.023980 0.094145
