4 0.705760 0.613290 0.017551 0.027042
4 0.688793 0.624731 0.011701 0.020801
3 0.665392 0.657319 0.021061 0.033282
3 0.637310 0.661480 0.011701 0.016641
3 0.618589 0.679161 0.016381 0.031202
3 0.601623 0.676041 0.029252 0.049923
3 0.575882 0.686441 0.050313 0.066564
3 0.550725 0.709323 0.067864 0.079045
3 0.683528 0.661480 0.012871 0.049923
3 0.695814 0.662520 0.016381 0.068644
3 0.729161 0.663560 0.047973 0.087365
3 0.781229 0.662520 0.077225 0.151849
3 0.819256 0.668760 0.090095 0.172650
3 0.913447 0.630278 0.170830 0.312019
