9 0.729644 0.151983 0.018521 0.050257
9 0.792519 0.095661 0.015597 0.076252
9 0.543455 0.309686 0.010723 0.039859
9 0.324611 0.336547 0.007798 0.013864
2 0.144272 0.403267 0.040942 0.046791
2 0.543455 0.599962 0.258324 0.360462
2 0.302678 0.496849 0.174491 0.181964
2 0.781796 0.475186 0.132574 0.072786
2 0.688702 0.436194 0.028269 0.022529
2 0.620465 0.437927 0.034118 0.036393
2 0.382612 0.415398 0.018521 0.032927
2 0.356780 0.403267 0.015597 0.019063
2 0.440613 0.424063 0.035093 0.032927
2 0.500564 0.407600 0.024370 0.017330
2 0.275383 0.398935 0.032169 0.024262
