3 0.122576 0.500669 0.125566 0.065906
3 0.041257 0.499606 0.082515 0.068032
3 0.180576 0.496417 0.040659 0.053150
3 0.209277 0.495354 0.052618 0.055276
3 0.252328 0.498543 0.112411 0.048898
3 0.303989 0.498543 0.023917 0.031890
3 0.336278 0.492165 0.057402 0.040394
3 0.372154 0.502795 0.019134 0.023386
3 0.386504 0.503858 0.021526 0.021260
3 0.402050 0.503858 0.016742 0.021260
3 0.413411 0.502795 0.013155 0.019134
3 0.421782 0.505984 0.008371 0.017008
3 0.442112 0.511299 0.015546 0.031890
3 0.516495 0.518740 0.017938 0.029764
3 0.534433 0.530433 0.037072 0.053150
3 0.593030 0.527244 0.020330 0.042520
3 0.744028 0.533268 0.077731 0.099921
3 0.632972 0.533410 0.046639 0.048898
3 0.571385 0.528095 0.038268 0.046772
3 0.478107 0.556795 0.088494 0.129685
3 0.845044 0.633118 0.307338 0.318898
4 0.266080 0.442205 0.013155 0.025512
4 0.163236 0.396496 0.060989 0.065906
4 0.579517 0.398622 0.021526 0.019134
4 0.556198 0.414567 0.065773 0.034016
4 0.494012 0.485788 0.015546 0.014882
4 0.523311 0.492165 0.009567 0.019134
4 0.516136 0.496417 0.009567 0.014882
