3 0.392390 0.266082 0.012855 0.029383
3 0.378361 0.267017 0.017446 0.022854
3 0.363210 0.270282 0.022037 0.039178
3 0.350355 0.277628 0.023874 0.044075
3 0.324186 0.278444 0.035811 0.062031
3 0.287916 0.287423 0.055094 0.079988
3 0.208948 0.303747 0.102842 0.132225
3 0.453823 0.265266 0.015610 0.021221
3 0.470810 0.273428 0.025710 0.053869
3 0.493766 0.276693 0.040402 0.063664
3 0.629205 0.262817 0.032138 0.026119
3 0.667311 0.279958 0.064276 0.050605
3 0.516263 0.295466 0.050503 0.065296
3 0.432704 0.264450 0.015610 0.026119
3 0.413421 0.258736 0.011937 0.014692
3 0.601199 0.324033 0.115697 0.135490
3 0.839312 0.395129 0.316789 0.384768
3 0.044126 0.373668 0.085395 0.238331
4 0.788809 0.120101 0.046830 0.088150
4 0.790187 0.032300 0.055094 0.064599
