2 0.046385 0.496814 0.092770 0.054408
2 0.018171 0.520617 0.036343 0.054408
2 0.124331 0.504465 0.084163 0.049307
2 0.161152 0.507866 0.041125 0.032305
2 0.072208 0.574175 0.144415 0.130919
2 0.196539 0.549522 0.090857 0.085013
2 0.340476 0.495964 0.036343 0.022103
2 0.301742 0.500214 0.035387 0.030605
2 0.331868 0.522318 0.034430 0.040806
2 0.296482 0.529119 0.042081 0.054408
7 0.507462 0.477771 0.051645 0.085013
2 0.544283 0.535580 0.048776 0.085013
2 0.652355 0.538980 0.044950 0.091814
2 0.599075 0.550749 0.120105 0.128954
2 0.445428 0.551562 0.164499 0.255038
2 0.868153 0.651877 0.260139 0.370655
9 0.285005 0.449717 0.007651 0.028904
9 0.273050 0.443766 0.008608 0.040806
9 0.328999 0.459068 0.009564 0.013602
9 0.403598 0.387658 0.007651 0.037406
