9 0.323232 0.480509 0.011701 0.043683
9 0.493477 0.525231 0.008190 0.033282
9 0.485287 0.526272 0.010531 0.043683
2 0.328497 0.646919 0.008190 0.022881
2 0.340198 0.645879 0.017551 0.016641
2 0.350729 0.658359 0.015211 0.020801
2 0.345463 0.673960 0.025742 0.031202
2 0.391096 0.672920 0.030422 0.041602
2 0.443164 0.688521 0.050313 0.068644
2 0.465395 0.673960 0.010531 0.035362
2 0.480606 0.678121 0.019891 0.031202
2 0.501083 0.681241 0.030422 0.041602
2 0.719301 0.796688 0.359212 0.388983
2 0.895981 0.766526 0.045633 0.108166
2 0.291055 0.639638 0.008190 0.020801
2 0.281694 0.651079 0.017551 0.031202
2 0.309776 0.657319 0.033932 0.072804
2 0.044170 0.672920 0.040952 0.087365
2 0.013748 0.672920 0.026912 0.091525
2 0.138946 0.709323 0.183701 0.218413
