2 0.118506 0.591838 0.235453 0.460164
2 0.298214 0.471945 0.130201 0.170482
2 0.961693 0.420662 0.075626 0.220380
7 0.380564 0.424721 0.024169 0.036037
9 0.382514 0.229290 0.010915 0.047125
9 0.684236 0.278197 0.007796 0.024949
9 0.772726 0.219291 0.014813 0.067916
9 0.707762 0.260575 0.009356 0.047125
9 0.745185 0.231468 0.012474 0.041581
9 0.590426 0.256417 0.013254 0.060986
9 0.810675 0.170482 0.006237 0.024949
9 0.801709 0.173255 0.007017 0.027721
9 0.103147 0.343044 0.022610 0.051283
9 0.142519 0.337500 0.014034 0.048511
9 0.091868 0.271071 0.010135 0.038809
9 0.102783 0.268992 0.010135 0.037423
2 0.497903 0.453003 0.199068 0.392034
