4 0.573923 0.426864 0.023425 0.069409
4 0.985332 0.413849 0.026354 0.064203
4 0.404577 0.470244 0.030258 0.041645
4 0.373831 0.466773 0.027330 0.041645
4 0.180571 0.422525 0.031234 0.060733
4 0.141041 0.421658 0.053683 0.062468
4 0.097606 0.430334 0.035138 0.031234
4 0.079549 0.406908 0.016593 0.053792
4 0.014454 0.379145 0.027703 0.043380
3 0.186915 0.478920 0.010737 0.020823
3 0.102974 0.498007 0.030258 0.020823
3 0.258656 0.520565 0.017569 0.013882
3 0.240599 0.517095 0.014641 0.017352
3 0.225470 0.511889 0.009761 0.017352
3 0.216685 0.511889 0.011713 0.017352
3 0.202044 0.509286 0.011713 0.015617
3 0.184963 0.506684 0.014641 0.020823
3 0.169346 0.506684 0.014641 0.020823
3 0.136160 0.509286 0.040018 0.053792
3 0.606621 0.541388 0.038066 0.048586
3 0.693491 0.554402 0.032210 0.039910
3 0.710572 0.570019 0.021473 0.043380
3 0.766695 0.573489 0.096630 0.095437
