4 0.301793 0.319427 0.047468 0.037131
4 0.406223 0.343055 0.032278 0.016878
4 0.486920 0.400439 0.079747 0.084388
4 0.410496 0.403815 0.050316 0.097890
4 0.318882 0.397908 0.094937 0.119831
4 0.316983 0.515207 0.018987 0.033755
4 0.340242 0.516051 0.012342 0.018565
4 0.374420 0.510988 0.033228 0.035443
4 0.401951 0.512676 0.014241 0.025316
4 0.439451 0.512676 0.026582 0.021941
3 0.162366 0.543031 0.030975 0.027379
3 0.430063 0.566003 0.009494 0.021941
3 0.373101 0.566847 0.020886 0.030380
3 0.324683 0.562628 0.015190 0.025316
3 0.305696 0.565160 0.011392 0.023629
3 0.292405 0.564316 0.022785 0.042194
3 0.440031 0.573396 0.019937 0.031266
3 0.402057 0.567088 0.042722 0.070886
3 0.343671 0.567932 0.030380 0.045570
3 0.257278 0.564557 0.047468 0.059072
3 0.224656 0.541266 0.037025 0.028692
