3 0.232646 0.562084 0.037423 0.045832
3 0.120234 0.583125 0.078047 0.063750
3 0.026367 0.562232 0.052734 0.142500
3 0.365826 0.580044 0.029531 0.035625
3 0.404322 0.589419 0.036914 0.054375
3 0.422252 0.600669 0.026367 0.058125
3 0.455474 0.606294 0.042187 0.088125
3 0.488169 0.621294 0.040078 0.099375
3 0.525084 0.627857 0.080156 0.127500
3 0.613677 0.669107 0.162422 0.172500
3 0.838828 0.691875 0.316406 0.273750
2 0.339609 0.528750 0.010547 0.015000
4 0.437695 0.479062 0.014766 0.020625
3 0.273967 0.559959 0.029627 0.038809
