4 0.541782 0.257173 0.029273 0.052041
4 0.199547 0.224760 0.024968 0.017827
4 0.370934 0.253572 0.023246 0.021429
9 0.621894 0.439238 0.037022 0.179082
9 0.056667 0.298422 0.015497 0.053571
9 0.187535 0.312197 0.010332 0.047449
9 0.384853 0.333674 0.008610 0.035204
2 0.249251 0.215816 0.011193 0.022959
4 0.406009 0.278134 0.010332 0.012245
4 0.400412 0.290379 0.011193 0.012245
4 0.167090 0.272777 0.012915 0.010714
3 0.134742 0.306888 0.047353 0.050510
3 0.232031 0.322959 0.037022 0.073469
3 0.429624 0.354337 0.053380 0.070408
3 0.493766 0.386480 0.128284 0.110204
3 0.580678 0.405745 0.113836 0.136183
3 0.299019 0.337653 0.123924 0.260204
3 0.696142 0.457000 0.211799 0.220408
