9 0.164986 0.410863 0.007798 0.015886
9 0.196424 0.378948 0.010723 0.010398
9 0.395285 0.272946 0.024370 0.022529
2 0.161233 0.431515 0.015597 0.024262
2 0.176343 0.429782 0.016572 0.034660
2 0.188040 0.435847 0.020471 0.039859
2 0.195351 0.441913 0.017547 0.045058
2 0.225571 0.453177 0.056539 0.095315
2 0.247504 0.470507 0.065312 0.105712
2 0.299766 0.496378 0.115247 0.133193
2 0.859763 0.497988 0.271971 0.195828
2 0.107351 0.425821 0.028269 0.045058
2 0.081701 0.444512 0.027660 0.053723
2 0.053614 0.442779 0.068237 0.081451
2 0.016084 0.477439 0.032169 0.105712
2 0.150120 0.433248 0.015597 0.024262
