2 0.273755 0.199234 0.011023 0.054435
2 0.857372 0.193790 0.034294 0.065323
2 0.427467 0.363629 0.019597 0.026129
2 0.241910 0.405000 0.006124 0.017419
2 0.260282 0.403911 0.003674 0.019597
3 0.900240 0.535645 0.195968 0.274355
3 0.478297 0.450726 0.177596 0.126290
9 0.377863 0.426774 0.013473 0.043548
3 0.265182 0.426774 0.015922 0.017419
3 0.244972 0.427863 0.019597 0.023952
3 0.224763 0.431129 0.018372 0.026129
3 0.198430 0.430040 0.026946 0.028306
3 0.162911 0.437661 0.058790 0.039194
3 0.091873 0.455081 0.068589 0.065323
3 0.039819 0.456169 0.028170 0.054435
3 0.015323 0.462702 0.028170 0.058790
3 0.007362 0.476855 0.009798 0.056613
3 0.311112 0.452903 0.129829 0.104516
4 0.909496 0.116110 0.054589 0.062388
2 0.924605 0.185430 0.045816 0.079718
