2 0.382966 0.522761 0.016389 0.036421
2 0.365893 0.523975 0.023218 0.038849
2 0.539348 0.553112 0.020487 0.053417
2 0.680706 0.617456 0.111994 0.118975
2 0.848698 0.625954 0.062826 0.092266
2 0.893769 0.634452 0.049168 0.075270
2 0.048349 0.473776 0.095605 0.187809
2 0.209511 0.498481 0.114726 0.109263
2 0.338578 0.524218 0.042339 0.046133
2 0.457401 0.607986 0.178918 0.262230
2 0.788863 0.687131 0.203735 0.214891
2 0.942883 0.783312 0.112103 0.261682
9 0.534438 0.403787 0.012673 0.029461
9 0.339964 0.337067 0.006824 0.034660
9 0.351175 0.338800 0.009748 0.038126
9 0.309891 0.366181 0.004874 0.029461
9 0.748774 0.489570 0.016572 0.025995
9 0.613694 0.517976 0.018353 0.026511
9 0.169812 0.392869 0.017547 0.019063
2 0.150998 0.474320 0.028269 0.046791
9 0.746183 0.551624 0.018353 0.020393
