3 0.590399 0.410204 0.020663 0.033673
3 0.604257 0.407143 0.024968 0.042857
3 0.623629 0.410204 0.036161 0.048980
3 0.641709 0.414031 0.048214 0.056633
3 0.658036 0.420919 0.044134 0.064286
3 0.133512 0.408674 0.033578 0.030612
3 0.095629 0.413265 0.043909 0.042857
3 0.038600 0.414796 0.068017 0.055102
3 0.568240 0.409439 0.024107 0.026020
3 0.703419 0.440986 0.078395 0.095686
2 0.226616 0.308899 0.023401 0.035362
2 0.200289 0.120647 0.029252 0.045763
2 0.434888 0.341140 0.014041 0.024961
2 0.521809 0.330740 0.013370 0.020801
2 0.457790 0.365062 0.011701 0.024961
3 0.525947 0.395224 0.010531 0.020801
3 0.534722 0.396264 0.016381 0.018721
3 0.498157 0.391063 0.014041 0.014561
3 0.486164 0.393144 0.012286 0.022881
2 0.641930 0.368033 0.011701 0.022881
