2 0.249618 0.552015 0.007651 0.034005
2 0.414915 0.546065 0.008608 0.039106
2 0.263327 0.552866 0.011477 0.035705
2 0.424001 0.546065 0.007651 0.035705
2 0.772446 0.508659 0.026779 0.045907
4 0.784624 0.388508 0.057384 0.151322
9 0.162587 0.680526 0.011477 0.074811
9 0.153501 0.675425 0.018171 0.081612
9 0.248184 0.656723 0.006695 0.037406
9 0.241489 0.657573 0.006695 0.042506
9 0.235272 0.659273 0.005738 0.039106
9 0.272094 0.647371 0.006695 0.018703
9 0.264442 0.649922 0.006695 0.020403
9 0.296960 0.642270 0.006695 0.022103
1 0.458909 0.641562 0.150154 0.132620
3 0.276716 0.692286 0.145372 0.079912
3 0.556461 0.674434 0.121462 0.078212
3 0.094364 0.801513 0.187453 0.385645
3 0.895024 0.631644 0.209450 0.732809
2 0.045110 0.585737 0.014346 0.025504
2 0.045588 0.606990 0.013389 0.010202
4 0.416509 0.583612 0.018171 0.010202
4 0.062644 0.504125 0.008608 0.017003
