2 0.334863 0.497812 0.009492 0.046875
2 0.525234 0.492187 0.010547 0.035625
2 0.079629 0.665625 0.009492 0.026250
2 0.325898 0.501562 0.012656 0.043125
2 0.514160 0.492187 0.011602 0.039375
2 0.744609 0.548437 0.016875 0.031875
2 0.099141 0.666562 0.021094 0.035625
4 0.060645 0.583125 0.034805 0.030000
4 0.078047 0.517500 0.031641 0.048750
4 0.328535 0.596250 0.022148 0.030000
4 0.329062 0.649687 0.016875 0.024375
4 0.664453 0.574687 0.021094 0.013125
4 0.628594 0.615937 0.018984 0.031875
2 0.670254 0.605625 0.011602 0.022500
4 0.878027 0.429375 0.028477 0.041250
4 0.793125 0.570000 0.014766 0.018750
4 0.793652 0.522187 0.022148 0.024375
4 0.725097 0.499687 0.051680 0.046875
4 0.721933 0.463125 0.039023 0.033750
4 0.720879 0.432187 0.049570 0.058125
4 0.716133 0.371250 0.027422 0.071250
3 0.436113 0.723437 0.015820 0.043125
3 0.425039 0.725312 0.014766 0.046875
3 0.415019 0.730937 0.013711 0.043125
3 0.610664 0.712187 0.080156 0.106875
3 0.169298 0.768457 0.067500 0.078750
3 0.745664 0.702187 0.116016 0.238125
3 0.511523 0.723750 0.156094 0.273750
3 0.086484 0.821250 0.170859 0.183750
3 0.885410 0.672187 0.226758 0.436875
3 0.391289 0.733125 0.050625 0.067500
2 0.318516 0.673125 0.012656 0.018750
2 0.344595 0.504301 0.008773 0.041592
