2 0.535435 0.411797 0.007910 0.021094
4 0.137291 0.468047 0.015820 0.035156
4 0.435240 0.421172 0.010547 0.030469
9 0.397666 0.510234 0.025049 0.091406
9 0.428648 0.500859 0.018457 0.077344
9 0.355479 0.514922 0.030322 0.100781
9 0.445786 0.495000 0.010547 0.051562
9 0.466880 0.500859 0.013184 0.053906
9 0.489951 0.492656 0.009229 0.037500
9 0.501817 0.491484 0.011865 0.035156
3 0.689024 0.498515 0.051416 0.114844
3 0.732529 0.499687 0.088330 0.135937
3 0.797129 0.523125 0.114697 0.173437
3 0.574326 0.479765 0.017139 0.030469
3 0.589488 0.471562 0.013184 0.032812
3 0.541367 0.496172 0.032959 0.044531
3 0.616514 0.502031 0.069873 0.112500
3 0.911826 0.554765 0.175342 0.292969
