4 0.540684 0.453537 0.013773 0.017956
4 0.398970 0.481288 0.013773 0.027751
4 0.436159 0.496796 0.023874 0.022854
4 0.438454 0.521282 0.026629 0.019589
4 0.641536 0.434220 0.011019 0.032648
4 0.636485 0.482376 0.011937 0.014692
4 0.407527 0.521280 0.011019 0.017956
3 0.513749 0.539510 0.014692 0.029383
3 0.498139 0.545224 0.020201 0.044075
3 0.508699 0.535429 0.011937 0.031016
3 0.420090 0.536245 0.012855 0.022854
3 0.401725 0.540327 0.027547 0.031016
3 0.595012 0.564813 0.037647 0.089782
3 0.552314 0.550121 0.075295 0.102842
3 0.654544 0.596372 0.123961 0.130593
3 0.673827 0.527811 0.041320 0.039178
9 0.630670 0.577328 0.028465 0.158888
9 0.679948 0.623579 0.036729 0.104474
2 0.477785 0.514752 0.009182 0.019589
3 0.245692 0.550121 0.020201 0.029383
3 0.225950 0.547672 0.022956 0.031016
3 0.203912 0.555018 0.022956 0.026119
3 0.186466 0.555018 0.017446 0.022854
3 0.166724 0.553386 0.025710 0.032648
3 0.151573 0.555834 0.017446 0.024486
3 0.128158 0.551753 0.022037 0.026119
3 0.100153 0.559099 0.032138 0.031016
3 0.074901 0.559915 0.031220 0.032648
3 0.011740 0.561548 0.023480 0.045707
3 0.726445 0.537062 0.045911 0.078356
3 0.759965 0.537645 0.065194 0.099577
3 0.781085 0.545807 0.052339 0.096312
3 0.812304 0.550937 0.061521 0.096312
3 0.882549 0.510943 0.089986 0.062031
3 0.890354 0.555834 0.098250 0.096312
3 0.931932 0.560755 0.135306 0.120122
3 0.956709 0.569388 0.083686 0.135918
3 0.459069 0.587755 0.097117 0.139592
3 0.327340 0.569388 0.104349 0.139592
