4 0.223716 0.249490 0.023147 0.036122
4 0.562385 0.378673 0.008265 0.027551
3 0.481011 0.419694 0.008265 0.016531
3 0.468613 0.424286 0.020663 0.025714
3 0.454149 0.427041 0.022730 0.042245
3 0.430903 0.431633 0.036161 0.066122
3 0.412822 0.438979 0.041327 0.066122
3 0.523814 0.414184 0.008265 0.022041
3 0.538278 0.421531 0.020663 0.029388
3 0.550676 0.425204 0.020663 0.047755
3 0.564624 0.431633 0.021696 0.056939
3 0.584254 0.430714 0.042360 0.073469
3 0.137411 0.407755 0.119847 0.060612
3 0.086650 0.561122 0.173300 0.376531
3 0.894203 0.505102 0.210765 0.562041
6 0.784687 0.601530 0.020663 0.078980
3 0.363501 0.445714 0.100217 0.131020
3 0.617659 0.440510 0.079554 0.093673
3 0.494196 0.416633 0.022730 0.023878
3 0.512793 0.417551 0.018597 0.029388
