3 0.361230 0.532031 0.029004 0.046875
3 0.448901 0.530859 0.017139 0.030469
3 0.465381 0.530524 0.018457 0.025781
3 0.487793 0.528180 0.026367 0.035156
3 0.521411 0.540234 0.030322 0.049219
3 0.532805 0.542578 0.031641 0.049219
3 0.553240 0.547265 0.038232 0.063281
3 0.574333 0.554296 0.038232 0.072656
3 0.601360 0.558984 0.050098 0.086719
3 0.658049 0.539062 0.087012 0.117187
3 0.410669 0.563671 0.085693 0.128906
3 0.811638 0.611718 0.373095 0.529687
2 0.341455 0.453850 0.013184 0.021094
2 0.462085 0.449163 0.014502 0.016406
4 0.340796 0.475781 0.017139 0.014062
4 0.522729 0.442968 0.011865 0.018750
