3 0.436480 0.769755 0.015761 0.015283
3 0.409257 0.779944 0.012895 0.020377
3 0.393496 0.782491 0.021492 0.025472
3 0.409257 0.790133 0.018626 0.040755
3 0.421436 0.796501 0.022925 0.048396
3 0.369139 0.792680 0.041551 0.086604
3 0.323290 0.785038 0.018626 0.050943
3 0.295351 0.781218 0.051580 0.084057
3 0.221562 0.759567 0.027223 0.020377
3 0.209384 0.767208 0.025790 0.045849
3 0.245203 0.799048 0.065908 0.084057
3 0.090462 0.783765 0.060177 0.089151
3 0.055359 0.801595 0.110324 0.129906
3 0.161385 0.810510 0.113190 0.142642
3 0.349080 0.810510 0.061610 0.101887
3 0.444360 0.810510 0.057311 0.086604
3 0.704410 0.867822 0.336704 0.262359
4 0.465136 0.726453 0.015761 0.040755
4 0.531044 0.732821 0.018626 0.048396
4 0.603399 0.642397 0.020059 0.030566
