9 0.854419 0.444512 0.071161 0.275546
9 0.751577 0.388190 0.027295 0.103980
9 0.982119 0.416785 0.034118 0.254750
4 0.499102 0.349198 0.005849 0.015597
2 0.464983 0.331868 0.005849 0.019063
3 0.673592 0.414185 0.128675 0.135173
3 0.602919 0.415918 0.061413 0.100514
3 0.481555 0.400321 0.052640 0.048524
3 0.414781 0.402921 0.073111 0.060655
3 0.109666 0.446245 0.075060 0.067587
3 0.201298 0.421983 0.047766 0.050257
3 0.241752 0.413319 0.031194 0.043325
3 0.272459 0.408120 0.028269 0.043325
3 0.302190 0.402921 0.031194 0.036393
3 0.327048 0.398588 0.016572 0.031194
3 0.345082 0.395122 0.017547 0.034660
3 0.571725 0.397722 0.036068 0.053723
3 0.458160 0.373460 0.021446 0.022529
3 0.448899 0.365661 0.020471 0.013864
4 0.417705 0.353530 0.004874 0.020796
