2 0.240559 0.305081 0.012342 0.038819
2 0.037394 0.232507 0.014241 0.052321
2 0.266192 0.410566 0.008544 0.020253
2 0.258122 0.410566 0.009494 0.016878
2 0.576635 0.239258 0.027532 0.048945
2 0.563344 0.085672 0.021835 0.092827
2 0.026951 0.227444 0.008544 0.048945
2 0.048787 0.240102 0.010443 0.047257
2 0.551002 0.247697 0.031329 0.048945
4 0.144673 0.259511 0.080696 0.038819
4 0.258597 0.370060 0.023734 0.013502
4 0.858597 0.273857 0.037025 0.081013
4 0.178850 0.411410 0.035127 0.018565
4 0.212658 0.425879 0.009494 0.016878
9 0.917932 0.432507 0.037975 0.178903
9 0.804008 0.519427 0.085443 0.420253
9 0.693407 0.526178 0.105380 0.437131
9 0.348787 0.481452 0.016139 0.094515
9 0.330274 0.483984 0.020886 0.086076
9 0.285654 0.482296 0.017089 0.089451
9 0.266667 0.486515 0.020886 0.097890
9 0.245542 0.493164 0.012342 0.087764
9 0.237947 0.484726 0.014241 0.070886
3 0.864293 0.455292 0.075000 0.102954
3 0.705341 0.439274 0.157460 0.099153
3 0.936608 0.455292 0.124041 0.089451
3 0.569515 0.528709 0.436709 0.283544
3 0.179430 0.481012 0.005696 0.013502
3 0.172310 0.481575 0.006646 0.019128
3 0.186076 0.472574 0.005696 0.013502
3 0.194620 0.475949 0.009494 0.013502
3 0.206962 0.486357 0.013291 0.018565
3 0.160443 0.470042 0.009494 0.010127
3 0.147627 0.484050 0.008544 0.016878
3 0.128165 0.469704 0.009494 0.011814
3 0.137183 0.479831 0.008544 0.021941
3 0.118196 0.468861 0.006646 0.013502
3 0.114399 0.478987 0.016139 0.013502
3 0.125316 0.489114 0.018987 0.020253
3 0.159494 0.488326 0.015190 0.023629
3 0.106329 0.500984 0.030380 0.032067
3 0.091139 0.484107 0.011392 0.015190
3 0.021491 0.507510 0.018038 0.052321
4 0.607734 0.334783 0.013729 0.067119
7 0.025547 0.488851 0.048909 0.073220
3 0.060298 0.511732 0.068644 0.094576
