3 0.282205 0.871500 0.177552 0.211241
3 0.516437 0.836293 0.088776 0.140827
3 0.411954 0.846005 0.071021 0.101978
3 0.586775 0.831437 0.032779 0.043705
3 0.570385 0.824153 0.019121 0.024281
3 0.127189 0.805942 0.105165 0.046133
4 0.461123 0.810798 0.019121 0.007284
4 0.463854 0.801086 0.010926 0.016996
4 0.639357 0.711248 0.020487 0.046133
4 0.705598 0.682111 0.010926 0.026709
4 0.708329 0.706392 0.024584 0.021853
4 0.594969 0.750097 0.010926 0.012140
4 0.590872 0.762237 0.013658 0.012140
4 0.575848 0.786518 0.010926 0.016996
