2 0.622930 0.127928 0.022405 0.103846
2 0.599324 0.119393 0.029607 0.118072
2 0.572918 0.121526 0.029607 0.113804
2 0.227172 0.586660 0.007202 0.011380
2 0.277584 0.591639 0.007202 0.012803
4 0.177561 0.551096 0.015204 0.031296
4 0.197966 0.589505 0.011203 0.022761
4 0.115547 0.554653 0.016004 0.027028
4 0.557649 0.542561 0.114426 0.122339
4 0.817629 0.433736 0.041610 0.024183
4 0.776771 0.415755 0.024103 0.028054
4 0.251978 0.607287 0.007202 0.012803
3 0.228053 0.614542 0.011203 0.042677
3 0.218851 0.631613 0.015204 0.025606
3 0.243256 0.631613 0.016004 0.022761
3 0.267662 0.630901 0.026406 0.035564
3 0.288467 0.631613 0.016804 0.022761
3 0.302070 0.630901 0.018404 0.024183
3 0.315673 0.631613 0.013603 0.025606
3 0.322875 0.630546 0.010402 0.018493
3 0.328076 0.629834 0.009602 0.022761
3 0.333677 0.629834 0.012803 0.025606
3 0.345680 0.632679 0.022405 0.028451
3 0.364084 0.631968 0.019204 0.035564
3 0.376887 0.634102 0.025606 0.036986
3 0.392491 0.632893 0.028006 0.041254
3 0.412095 0.637872 0.036808 0.039831
3 0.432900 0.644984 0.036808 0.042677
3 0.156836 0.627914 0.035208 0.039831
3 0.134431 0.625069 0.011203 0.028451
3 0.118027 0.634315 0.036008 0.046944
3 0.087620 0.631470 0.015204 0.024183
3 0.072817 0.630048 0.008002 0.024183
3 0.058814 0.631470 0.021605 0.052634
3 0.032873 0.643976 0.064146 0.077646
3 0.023805 0.809431 0.047211 0.241834
3 0.740771 0.633746 0.044810 0.044099
3 0.666754 0.640859 0.047211 0.044099
3 0.616342 0.639437 0.068016 0.061170
2 0.829777 0.498706 0.021605 0.039831
4 0.723607 0.237566 0.056813 0.102424
4 0.864040 0.343546 0.017604 0.123762
4 0.797547 0.284463 0.030562 0.053962
3 0.706718 0.641207 0.032169 0.041592
