2 0.927049 0.520689 0.144895 0.142580
2 0.360703 0.523396 0.074110 0.083021
2 0.269335 0.517079 0.080201 0.088436
2 0.560699 0.514372 0.065988 0.079412
2 0.528720 0.515274 0.024365 0.059559
2 0.516538 0.508055 0.016243 0.055949
2 0.499787 0.501738 0.019289 0.043316
2 0.488619 0.498129 0.015228 0.046925
2 0.476437 0.492714 0.015228 0.032487
2 0.438874 0.493617 0.025380 0.030682
2 0.412986 0.493617 0.012182 0.027072
2 0.423139 0.495421 0.010152 0.019853
2 0.455625 0.487300 0.010152 0.025267
9 0.469838 0.207554 0.018274 0.068583
9 0.485574 0.217480 0.015228 0.066778
9 0.424154 0.434960 0.006091 0.025267
9 0.463239 0.438570 0.007106 0.018048
9 0.445473 0.458423 0.004061 0.021658
9 0.627195 0.418717 0.012182 0.028877
9 0.174413 0.399766 0.022335 0.037901
2 0.660697 0.532420 0.020304 0.050535
