4 0.509264 0.133546 0.012054 0.024490
4 0.615593 0.060842 0.024968 0.038265
4 0.615593 0.092985 0.023246 0.013776
3 0.172037 0.355054 0.304783 0.387245
3 0.410252 0.164796 0.007749 0.018367
3 0.417570 0.170918 0.010332 0.012245
3 0.421014 0.177806 0.015497 0.022959
3 0.430054 0.184694 0.016358 0.039796
3 0.400781 0.179337 0.012915 0.035204
3 0.475255 0.169388 0.012054 0.015306
3 0.502376 0.174745 0.035300 0.026020
3 0.537676 0.173980 0.031856 0.036735
3 0.601387 0.176276 0.033578 0.050510
3 0.570823 0.177041 0.058546 0.048980
3 0.698246 0.188878 0.091263 0.073469
3 0.374608 0.192704 0.052519 0.078061
3 0.454248 0.188878 0.044770 0.067347
3 0.882296 0.201305 0.229879 0.200510
4 0.248650 0.059194 0.022556 0.038190
4 0.245965 0.018140 0.047260 0.036280
