2 0.105279 0.519898 0.140372 0.253017
2 0.359217 0.480905 0.424041 0.556290
2 0.531270 0.316271 0.021446 0.015597
2 0.573674 0.318870 0.020471 0.020796
2 0.649222 0.315404 0.023395 0.027728
2 0.553691 0.315404 0.021446 0.013864
2 0.688702 0.315404 0.022421 0.027728
9 0.849058 0.227022 0.013647 0.024262
9 0.666769 0.128241 0.011698 0.051990
9 0.174978 0.252150 0.024370 0.053723
9 0.772048 0.229621 0.005849 0.019063
9 0.699912 0.244352 0.007798 0.020796
9 0.370914 0.141239 0.026320 0.025995
9 0.409419 0.162035 0.019496 0.019063
