2 0.654845 0.081356 0.026600 0.085424
2 0.634251 0.085169 0.021451 0.086949
2 0.170046 0.386441 0.016303 0.033559
2 0.783552 0.352119 0.026600 0.038136
4 0.177339 0.304068 0.025742 0.027458
4 0.199649 0.315508 0.013729 0.019831
4 0.189352 0.355932 0.036038 0.021356
4 0.758240 0.317034 0.037754 0.022881
2 0.480852 0.400881 0.006864 0.015254
3 0.524955 0.461136 0.006864 0.010678
3 0.518949 0.461898 0.006864 0.009153
3 0.500930 0.461136 0.012013 0.010678
3 0.509510 0.462661 0.008581 0.010678
3 0.496640 0.468000 0.010297 0.015254
3 0.489346 0.465712 0.009439 0.016780
3 0.482053 0.467237 0.008581 0.019831
3 0.418128 0.480966 0.016303 0.047288
3 0.398822 0.480966 0.030890 0.053390
3 0.385093 0.489356 0.032606 0.061017
3 0.600378 0.455797 0.012871 0.045763
3 0.613249 0.470288 0.031748 0.068644
3 0.642423 0.471813 0.059205 0.080847
3 0.563525 0.478983 0.074650 0.117458
3 0.451549 0.472119 0.058347 0.091525
3 0.262778 0.523983 0.229958 0.271525
3 0.669065 0.487373 0.084089 0.091525
