2 0.052152 0.535494 0.100405 0.159435
2 0.875865 0.456643 0.242727 0.327535
2 0.153532 0.513832 0.102355 0.102247
2 0.711610 0.506034 0.179365 0.197561
2 0.629726 0.488704 0.050690 0.097048
2 0.583422 0.469641 0.088708 0.131707
2 0.528346 0.462709 0.046791 0.072786
2 0.490816 0.459243 0.032169 0.045058
2 0.470345 0.457510 0.026320 0.048524
2 0.452311 0.457510 0.009748 0.027728
2 0.440126 0.448845 0.012673 0.024262
2 0.307552 0.480039 0.036068 0.038126
2 0.332897 0.466175 0.026320 0.027728
2 0.348981 0.465308 0.009748 0.029461
2 0.359704 0.466175 0.013647 0.024262
2 0.366040 0.458376 0.020471 0.032927
2 0.424529 0.449711 0.010723 0.015597
7 0.249551 0.466175 0.077985 0.121309
2 0.410882 0.447978 0.008773 0.012131
