3 0.360187 0.572356 0.026765 0.044864
3 0.596870 0.587991 0.042825 0.054381
3 0.482161 0.578474 0.024471 0.032628
3 0.680183 0.584349 0.079532 0.081669
3 0.460060 0.576707 0.012236 0.019033
3 0.431197 0.576921 0.016824 0.020393
3 0.446492 0.574881 0.012236 0.016314
3 0.413945 0.576241 0.013092 0.021752
9 0.726916 0.594722 0.042825 0.149547
9 0.143950 0.630136 0.058884 0.235196
4 0.085066 0.437764 0.037472 0.057100
2 0.032300 0.460876 0.016059 0.029909
4 0.280072 0.503021 0.014530 0.032628
9 0.522539 0.577523 0.006883 0.038066
4 0.665186 0.469713 0.014530 0.031269
2 0.198477 0.164022 0.014869 0.097401
2 0.934898 0.216195 0.027530 0.085650
3 0.389923 0.577664 0.021424 0.029624
2 0.217219 0.163989 0.017854 0.105799
2 0.183297 0.169279 0.016663 0.082523
