2 0.228300 0.528317 0.107621 0.090306
9 0.463776 0.450766 0.008610 0.019898
9 0.549442 0.060969 0.018080 0.065816
9 0.821509 0.311990 0.026690 0.038265
9 0.818926 0.385970 0.019802 0.029082
9 0.455740 0.474745 0.010332 0.019898
2 0.436368 0.510204 0.009471 0.021429
2 0.448135 0.510842 0.012915 0.019898
2 0.490322 0.516199 0.011193 0.018367
2 0.501515 0.524618 0.012915 0.026020
2 0.471811 0.516199 0.024107 0.030612
2 0.427041 0.511607 0.008610 0.018367
9 0.325016 0.482526 0.007749 0.015306
2 0.362899 0.522322 0.086958 0.110204
2 0.524331 0.522322 0.037883 0.045918
7 0.049036 0.521752 0.097759 0.671939
