2 0.394711 0.385454 0.010926 0.016996
2 0.376956 0.390311 0.010926 0.016996
4 0.295009 0.358746 0.030047 0.046133
4 0.292961 0.400023 0.031413 0.046133
4 0.622114 0.367244 0.028681 0.048561
4 0.500560 0.403665 0.012292 0.019424
3 0.408369 0.421875 0.013658 0.021853
3 0.358518 0.415805 0.009560 0.019424
3 0.348275 0.417019 0.021853 0.031565
3 0.370810 0.420661 0.020487 0.029137
3 0.387883 0.423089 0.019121 0.024281
3 0.426124 0.424303 0.016389 0.021853
3 0.440465 0.420661 0.012292 0.019424
3 0.309350 0.425517 0.025950 0.024281
3 0.283400 0.429160 0.020487 0.021853
3 0.262230 0.431588 0.024584 0.031565
3 0.238329 0.434016 0.025950 0.026709
3 0.189844 0.435230 0.046437 0.043705
3 0.066240 0.447370 0.088776 0.072842
3 0.573178 0.446305 0.082849 0.090136
3 0.452757 0.424303 0.025950 0.036421
0 0.920026 0.495151 0.090142 0.225810
6 0.927230 0.536393 0.132481 0.157893
