2 0.125127 0.388185 0.074051 0.054008
2 0.177342 0.394093 0.051266 0.045570
2 0.217690 0.397468 0.042722 0.042194
2 0.249968 0.402531 0.029430 0.042194
2 0.276551 0.406751 0.029430 0.040506
2 0.162152 0.464135 0.079747 0.037131
2 0.214367 0.448945 0.034177 0.047257
2 0.276645 0.454008 0.028481 0.040506
2 0.330000 0.461603 0.039873 0.028692
2 0.374145 0.456540 0.033228 0.028692
2 0.419715 0.451477 0.037025 0.035443
2 0.587278 0.447257 0.007595 0.013502
2 0.587278 0.454852 0.007595 0.018565
2 0.581582 0.458228 0.009494 0.015190
2 0.575886 0.459072 0.007595 0.016878
2 0.599620 0.457384 0.007595 0.020253
2 0.606740 0.442194 0.006646 0.013502
2 0.614810 0.436287 0.007595 0.015190
2 0.599145 0.435443 0.006646 0.013502
2 0.505063 0.457384 0.015190 0.013502
2 0.491297 0.457384 0.016139 0.016878
2 0.480380 0.456540 0.009494 0.015190
2 0.472310 0.456540 0.010443 0.015190
2 0.514082 0.455358 0.008544 0.013502
2 0.524525 0.451983 0.008544 0.010127
2 0.459968 0.455021 0.018038 0.016878
2 0.686772 0.465823 0.028481 0.043882
2 0.651645 0.446413 0.009494 0.011814
2 0.645474 0.443882 0.006646 0.013502
2 0.618892 0.447257 0.008544 0.013502
2 0.621266 0.463291 0.015190 0.021941
2 0.596107 0.460759 0.010443 0.016878
2 0.596582 0.440506 0.007595 0.010127
2 0.567721 0.459915 0.015949 0.025316
2 0.542658 0.459072 0.034177 0.057384
2 0.613386 0.440506 0.008544 0.013502
2 0.607215 0.446413 0.007595 0.011814
2 0.586804 0.430380 0.006646 0.013502
7 0.178196 0.410126 0.229177 0.145148
