2 0.514341 0.431718 0.010547 0.028125
2 0.364048 0.414140 0.007910 0.030469
2 0.329112 0.489140 0.009229 0.021094
4 0.329771 0.466875 0.013184 0.018750
4 0.271763 0.455156 0.010547 0.018750
3 0.506431 0.525468 0.026367 0.046875
3 0.528843 0.532500 0.039551 0.075000
3 0.556529 0.543046 0.042187 0.100781
3 0.462266 0.527812 0.077783 0.117187
3 0.602671 0.551250 0.094922 0.103125
3 0.281651 0.541875 0.056689 0.098437
3 0.226280 0.561796 0.080420 0.100781
3 0.132017 0.581718 0.123926 0.140625
3 0.046233 0.595781 0.092466 0.154687
