2 0.374326 0.486971 0.138423 0.197561
2 0.289518 0.480039 0.056539 0.142105
2 0.246626 0.443646 0.033143 0.041592
2 0.183751 0.446245 0.077010 0.025995
2 0.105279 0.496502 0.042892 0.088383
2 0.099918 0.486971 0.065312 0.072786
2 0.057514 0.473107 0.033143 0.062388
2 0.589759 0.577086 0.345082 0.408986
2 0.200323 0.610880 0.234929 0.341399
9 0.059463 0.323203 0.013647 0.053723
9 0.214458 0.299808 0.019496 0.045058
9 0.265635 0.316271 0.014622 0.029461
2 0.916807 0.813640 0.162793 0.296342
2 0.009261 0.507767 0.016572 0.090116
9 0.253450 0.309339 0.011698 0.036393
