9 0.113497 0.191393 0.017161 0.070169
9 0.890033 0.328681 0.015445 0.021356
9 0.367909 0.285969 0.007722 0.039661
9 0.445133 0.177664 0.007722 0.045763
9 0.096765 0.265376 0.028316 0.047288
9 0.141383 0.106732 0.021451 0.077797
9 0.454143 0.180715 0.010297 0.048814
9 0.361044 0.325630 0.009439 0.021356
2 0.103200 0.584190 0.205932 0.346271
2 0.457575 0.422495 0.066928 0.157119
2 0.785779 0.402664 0.067786 0.151017
2 0.305271 0.409529 0.136430 0.186102
2 0.861717 0.454529 0.188771 0.199830
7 0.621892 0.322222 0.282299 0.644444
