2 0.369879 0.039127 0.025710 0.076723
2 0.479148 0.390094 0.007346 0.014692
2 0.516796 0.377851 0.011019 0.019589
2 0.536079 0.391727 0.007346 0.017956
4 0.335446 0.382748 0.048666 0.078356
4 0.569594 0.359895 0.024792 0.019589
3 0.085228 0.514157 0.073458 0.047340
3 0.226905 0.492120 0.091283 0.052237
3 0.305603 0.472531 0.064276 0.048972
3 0.360697 0.461920 0.029383 0.044075
3 0.398344 0.450493 0.022037 0.037545
3 0.022872 0.521503 0.045744 0.075091
2 0.503481 0.407234 0.008264 0.016324
2 0.490167 0.408867 0.009182 0.013059
3 0.490167 0.429272 0.018365 0.027751
3 0.467671 0.438250 0.022956 0.022854
3 0.446092 0.443147 0.018365 0.032648
3 0.520010 0.431720 0.015610 0.022854
3 0.538833 0.429272 0.016528 0.021221
3 0.569135 0.426007 0.034893 0.034281
2 0.985507 0.049451 0.025710 0.087256
3 0.158929 0.494206 0.053603 0.066177
