9 0.500816 0.344044 0.007362 0.026177
9 0.545341 0.342486 0.007362 0.028047
9 0.704158 0.320049 0.015776 0.035526
2 0.521887 0.426316 0.012621 0.014958
2 0.510633 0.431925 0.015776 0.026177
2 0.426491 0.442209 0.013673 0.024307
2 0.399145 0.448754 0.032605 0.033657
2 0.376006 0.451558 0.034708 0.031787
2 0.352342 0.453428 0.016828 0.024307
2 0.316582 0.458103 0.016828 0.026177
2 0.298702 0.467452 0.021035 0.026177
2 0.265571 0.468387 0.028398 0.035526
2 0.558488 0.425381 0.012621 0.013089
2 0.499589 0.441274 0.021035 0.029917
2 0.577946 0.432860 0.026294 0.043006
2 0.534823 0.451558 0.047329 0.080402
7 0.135435 0.469322 0.270869 0.938643
