7 0.521479 0.492043 0.021310 0.054517
7 0.545648 0.496663 0.021830 0.045277
2 0.569038 0.511910 0.015593 0.025873
7 0.595286 0.498511 0.042101 0.076694
2 0.536293 0.521150 0.027028 0.036961
2 0.638946 0.521150 0.045219 0.055441
2 0.694041 0.528542 0.066010 0.085010
2 0.511500 0.512372 0.009876 0.021253
2 0.461343 0.519764 0.095637 0.191273
2 0.406507 0.504518 0.017152 0.022177
2 0.398971 0.494815 0.014553 0.012012
2 0.398711 0.509600 0.023389 0.023101
7 0.363887 0.496201 0.031706 0.029569
2 0.382079 0.516068 0.024429 0.032341
2 0.340757 0.510062 0.018712 0.029569
2 0.311650 0.512834 0.043660 0.055441
2 0.269290 0.516992 0.048338 0.052669
7 0.230567 0.493429 0.081083 0.088706
2 0.180670 0.534086 0.095637 0.110883
7 0.116219 0.522998 0.136178 0.157084
2 0.037475 0.556263 0.074326 0.090554
9 0.249497 0.426918 0.013514 0.036961
9 0.225328 0.427842 0.007796 0.033265
9 0.408934 0.181127 0.012474 0.064682
9 0.221040 0.255973 0.019231 0.072074
9 0.209345 0.257359 0.006237 0.004620
9 0.383466 0.189443 0.019751 0.092402
9 0.397760 0.177431 0.011955 0.072074
9 0.552909 0.442164 0.005198 0.013860
9 0.548751 0.444474 0.005198 0.016632
