9 0.554846 0.566129 0.002450 0.017419
9 0.529738 0.553065 0.003674 0.017419
9 0.507692 0.547621 0.003674 0.019597
9 0.481971 0.544355 0.003674 0.017419
2 0.496056 0.581371 0.009798 0.017419
2 0.479521 0.581371 0.011023 0.021774
2 0.464211 0.579194 0.014698 0.021774
7 0.444615 0.565040 0.024496 0.045726
2 0.426855 0.568307 0.013473 0.021774
2 0.191694 0.570484 0.157999 0.156774
2 0.047780 0.578105 0.095534 0.241694
2 0.526676 0.585726 0.012248 0.013065
7 0.799194 0.603145 0.219239 0.178548
7 0.669560 0.569395 0.048156 0.106694
