2 0.338818 0.459961 0.015820 0.023437
2 0.326294 0.455273 0.014502 0.028125
2 0.312451 0.461132 0.021094 0.030469
2 0.295312 0.463476 0.015820 0.025781
2 0.277514 0.462304 0.022412 0.032812
2 0.244555 0.455273 0.043506 0.046875
2 0.440332 0.441211 0.010547 0.018750
2 0.191821 0.456445 0.061963 0.058594
2 0.451538 0.444726 0.006592 0.021094
2 0.455493 0.459961 0.006592 0.023437
2 0.460107 0.469336 0.007910 0.023437
2 0.468017 0.470507 0.010547 0.025781
2 0.479223 0.478711 0.017139 0.032812
2 0.487133 0.484570 0.022412 0.039844
2 0.506909 0.490429 0.027686 0.060937
2 0.544482 0.495117 0.052734 0.075000
2 0.595898 0.510351 0.089648 0.105469
2 0.699389 0.577148 0.170068 0.178125
