3 0.625619 0.456428 0.033061 0.042245
3 0.657647 0.450918 0.024796 0.045918
3 0.585842 0.466531 0.027895 0.029388
3 0.593591 0.493163 0.024796 0.038571
3 0.681410 0.439898 0.018597 0.038571
3 0.696391 0.448163 0.027895 0.058775
3 0.715504 0.461939 0.033061 0.067959
3 0.740817 0.472041 0.042360 0.077143
3 0.471678 0.535408 0.041327 0.097347
3 0.625580 0.483979 0.037194 0.042245
3 0.805351 0.479388 0.109515 0.110204
3 0.529225 0.502347 0.091952 0.145102
3 0.421776 0.555612 0.085753 0.115714
3 0.180016 0.668571 0.279987 0.257143
3 0.954681 0.568469 0.087819 0.233265
2 0.576750 0.380204 0.015497 0.025714
4 0.883910 0.224082 0.051658 0.099184
