2 0.199348 0.668935 0.394797 0.346598
2 0.954337 0.544159 0.089682 0.343132
2 0.678466 0.519031 0.144272 0.220090
2 0.746703 0.434114 0.062388 0.074519
2 0.761812 0.447112 0.039967 0.045058
2 0.776434 0.470507 0.053614 0.088383
2 0.848570 0.483505 0.158894 0.180231
9 0.260761 0.422850 0.012673 0.024262
9 0.940202 0.361329 0.010723 0.019063
9 0.954824 0.358729 0.012673 0.024262
9 0.635575 0.277279 0.009748 0.045058
9 0.543943 0.428049 0.007798 0.017330
2 0.723307 0.396855 0.007798 0.017330
2 0.666281 0.405520 0.010723 0.013864
9 0.622415 0.277279 0.014622 0.048524
2 0.752552 0.268614 0.011698 0.024262
9 0.288543 0.421117 0.019496 0.027728
9 0.278308 0.361329 0.012673 0.060655
