4 0.415289 0.336967 0.017995 0.021327
4 0.399694 0.333768 0.008398 0.023460
3 0.417089 0.374289 0.021594 0.023460
3 0.432084 0.374289 0.013196 0.023460
3 0.351108 0.376081 0.035989 0.056901
3 0.473472 0.375355 0.011996 0.025592
3 0.497465 0.378554 0.031191 0.053318
3 0.309721 0.391350 0.053984 0.049052
3 0.388297 0.382820 0.040788 0.066114
3 0.454278 0.393483 0.040788 0.049052
1 0.536453 0.388151 0.056383 0.085308
3 0.823281 0.496889 0.344523 0.302783
3 0.105181 0.394550 0.119964 0.106635
3 0.039395 0.612085 0.078789 0.294313
3 0.031597 0.427606 0.063194 0.134360
