9 0.064770 0.029118 0.016379 0.058235
9 0.051370 0.030441 0.013401 0.055588
9 0.085616 0.029118 0.019357 0.052941
9 0.225579 0.150882 0.010423 0.031765
9 0.320129 0.244853 0.014890 0.018529
9 0.925694 0.144265 0.016379 0.045000
9 0.941328 0.142941 0.014890 0.047647
2 0.230939 0.308383 0.034246 0.050294
2 0.274864 0.315000 0.056581 0.063529
2 0.197438 0.316324 0.041691 0.066177
2 0.166765 0.321618 0.035735 0.060882
2 0.135496 0.332206 0.029779 0.055588
2 0.854223 0.315000 0.075938 0.121765
2 0.958451 0.329559 0.022335 0.066177
2 0.075193 0.346765 0.069982 0.079412
