3 0.094337 0.545405 0.188674 0.503131
3 0.346942 0.508675 0.010915 0.024949
3 0.337586 0.508675 0.010915 0.030493
3 0.326282 0.506596 0.016373 0.034651
3 0.308740 0.505210 0.024949 0.042967
3 0.412043 0.515606 0.027288 0.030493
3 0.373060 0.512140 0.021050 0.026335
3 0.445567 0.518378 0.030406 0.038809
3 0.276384 0.501052 0.049118 0.065144
3 0.735985 0.584076 0.308740 0.302156
3 0.430754 0.514220 0.011695 0.024949
3 0.391382 0.508953 0.009356 0.008316
4 0.233504 0.376586 0.019491 0.012474
4 0.224928 0.359261 0.013254 0.011088
4 0.229995 0.414702 0.009356 0.011088
4 0.510148 0.392710 0.021830 0.013860
4 0.574859 0.376771 0.012474 0.018018
4 0.570960 0.338655 0.026508 0.011088
4 0.585384 0.323409 0.021050 0.016632
4 0.346864 0.486637 0.008576 0.012474
2 0.172302 0.289682 0.014034 0.047125
2 0.409704 0.453927 0.005458 0.020791
2 0.402297 0.472638 0.004678 0.011088
2 0.397229 0.485113 0.005458 0.013860
2 0.312560 0.335559 0.008576 0.029107
2 0.389355 0.359122 0.007796 0.023563
2 0.321916 0.334866 0.008576 0.033265
2 0.384785 0.471875 0.011602 0.018750
2 0.376348 0.449375 0.013711 0.018750
4 0.480410 0.460625 0.013711 0.033750
