9 0.738556 0.206394 0.020663 0.070408
9 0.767398 0.353332 0.011193 0.045918
9 0.753192 0.350271 0.015497 0.045918
9 0.718753 0.210985 0.015497 0.073469
9 0.102886 0.226531 0.022385 0.073469
9 0.194579 0.355102 0.014636 0.039796
2 0.360520 0.563572 0.053380 0.055102
2 0.462976 0.554618 0.017219 0.034133
5 0.498706 0.546735 0.026690 0.058163
2 0.483004 0.551021 0.010332 0.016837
2 0.475686 0.552551 0.012915 0.026020
2 0.517299 0.552041 0.023246 0.027551
2 0.568527 0.545919 0.025829 0.039796
2 0.424232 0.557143 0.077487 0.119388
2 0.546490 0.567092 0.061990 0.071939
2 0.172426 0.665093 0.342666 0.419388
2 0.287564 0.536480 0.062851 0.105612
