9 0.548618 0.257109 0.015820 0.058594
9 0.739780 0.378984 0.013184 0.058594
9 0.865684 0.355547 0.017139 0.049219
9 0.839316 0.355547 0.017139 0.063281
2 0.199253 0.514922 0.087012 0.086719
2 0.331748 0.502031 0.025049 0.051562
2 0.298130 0.503203 0.052734 0.072656
2 0.417442 0.504375 0.035596 0.037500
2 0.530161 0.502031 0.015820 0.037500
2 0.547300 0.499687 0.015820 0.028125
2 0.564760 0.490976 0.020451 0.040860
2 0.577622 0.500859 0.026367 0.035156
2 0.905894 0.500859 0.100195 0.067969
2 0.625083 0.502031 0.042187 0.046875
2 0.485337 0.499687 0.079102 0.126562
2 0.079851 0.469218 0.159703 0.257812
2 0.977744 0.490733 0.043506 0.064783
2 0.365367 0.503203 0.060644 0.082031
