9 0.301723 0.402644 0.003119 0.023563
9 0.320824 0.443532 0.003898 0.011088
7 0.078354 0.415811 0.155149 0.393634
5 0.191793 0.458085 0.082642 0.142762
2 0.412043 0.570354 0.102134 0.123357
2 0.387094 0.535703 0.067829 0.098409
2 0.363705 0.512140 0.042881 0.079004
2 0.267029 0.496894 0.035084 0.059600
2 0.237012 0.492043 0.020271 0.044353
2 0.290808 0.494815 0.017152 0.033265
2 0.339146 0.489964 0.014034 0.037423
5 0.260402 0.459471 0.026508 0.042967
5 0.312638 0.485806 0.021830 0.037423
5 0.288859 0.469173 0.016373 0.020791
