4 0.605091 0.401737 0.026383 0.057100
4 0.573546 0.388482 0.020648 0.026511
2 0.392060 0.454467 0.008030 0.032628
2 0.446547 0.456506 0.006883 0.028550
3 0.493058 0.532591 0.033266 0.059139
3 0.498794 0.543807 0.019501 0.040785
3 0.513706 0.543807 0.026383 0.057100
3 0.533780 0.551964 0.041295 0.065257
3 0.550413 0.558082 0.037854 0.069335
3 0.577370 0.566239 0.059649 0.110121
3 0.648872 0.559781 0.144534 0.173338
3 0.348525 0.530211 0.017206 0.048943
3 0.331318 0.536329 0.033266 0.061178
3 0.305509 0.548565 0.032119 0.061178
3 0.273390 0.545506 0.048178 0.087689
3 0.229071 0.555702 0.061492 0.128474
3 0.437616 0.557742 0.084885 0.136631
3 0.071034 0.596488 0.140921 0.246752
3 0.806406 0.620959 0.303979 0.295695
3 0.163531 0.562199 0.081186 0.123711
