9 0.339721 0.318870 0.004874 0.020796
9 0.343132 0.318870 0.005849 0.020796
2 0.411856 0.408120 0.012673 0.029461
2 0.373839 0.415052 0.012673 0.022529
2 0.344595 0.411586 0.022421 0.029461
2 0.327535 0.419384 0.025345 0.038126
2 0.211173 0.436081 0.053360 0.061121
2 0.455723 0.401188 0.028269 0.046791
2 0.471807 0.402921 0.019496 0.043325
2 0.492765 0.402921 0.024370 0.053723
2 0.538094 0.410719 0.035093 0.079718
2 0.392360 0.407253 0.026320 0.045058
7 0.272459 0.413319 0.082859 0.129974
2 0.056539 0.451444 0.113078 0.112644
2 0.010723 0.471374 0.021446 0.117843
7 0.630192 0.370230 0.170634 0.234426
7 0.902672 0.450578 0.193012 0.305007
2 0.184493 0.421919 0.028082 0.031202
