9 0.486103 0.418775 0.007232 0.031224
9 0.530529 0.413265 0.007232 0.020204
9 0.517098 0.437143 0.005166 0.020204
9 0.534145 0.438979 0.006199 0.016531
9 0.542411 0.445408 0.004133 0.014694
9 0.694286 0.397653 0.009298 0.014694
9 0.430312 0.458265 0.009298 0.011020
9 0.595618 0.452755 0.006199 0.018367
9 0.566690 0.458265 0.004133 0.014694
2 0.370906 0.506939 0.024796 0.023878
2 0.334228 0.527143 0.069222 0.075306
2 0.391569 0.526224 0.055791 0.128571
2 0.717015 0.492245 0.030995 0.049592
2 0.522781 0.492245 0.022730 0.038571
2 0.507800 0.503265 0.027895 0.064286
2 0.459758 0.562959 0.126046 0.176326
2 0.544994 0.503265 0.042360 0.053265
2 0.642549 0.722358 0.325902 0.443299
2 0.249936 0.517182 0.054510 0.055670
