9 0.458970 0.185625 0.015820 0.070312
9 0.478086 0.190312 0.019775 0.070312
2 0.555869 0.491484 0.017139 0.058594
2 0.574326 0.499687 0.038232 0.079687
2 0.467539 0.486797 0.017139 0.039844
2 0.448423 0.479765 0.018457 0.035156
2 0.430625 0.482109 0.027686 0.035156
2 0.414146 0.483281 0.013184 0.037500
2 0.362730 0.492656 0.013184 0.037500
2 0.271104 0.504375 0.061963 0.084375
2 0.391075 0.489140 0.048779 0.072656
2 0.325157 0.505547 0.072510 0.082031
2 0.615855 0.510234 0.079102 0.114844
7 0.513023 0.452812 0.081738 0.201562
2 0.137859 0.585234 0.275718 0.335156
