2 0.126241 0.547409 0.210222 0.201356
2 0.508502 0.519189 0.125275 0.215085
2 0.304286 0.508075 0.063496 0.108305
2 0.344186 0.489770 0.021451 0.025932
2 0.399959 0.487482 0.011155 0.027458
2 0.420123 0.485956 0.027458 0.039661
2 0.439429 0.491295 0.026600 0.068644
2 0.587443 0.509274 0.042903 0.094576
2 0.771250 0.487918 0.129566 0.152542
2 0.851048 0.629673 0.292595 0.404237
9 0.420552 0.756719 0.043761 0.001525
9 0.181585 0.403039 0.005148 0.025932
9 0.173863 0.435835 0.008581 0.012203
9 0.370785 0.374056 0.004290 0.022881
9 0.496919 0.379395 0.007722 0.024407
9 0.335176 0.419056 0.005148 0.018305
9 0.363492 0.372530 0.005148 0.022881
9 0.490054 0.378632 0.007722 0.025932
9 0.311472 0.415297 0.012013 0.018305
9 0.394703 0.421398 0.003432 0.018305
9 0.398565 0.425212 0.004290 0.022881
