9 0.198541 0.329502 0.008398 0.036256
9 0.244727 0.286848 0.009597 0.027725
9 0.235730 0.285782 0.010797 0.025592
9 0.409079 0.292180 0.007198 0.017062
9 0.131361 0.350829 0.013196 0.019194
9 0.193742 0.357227 0.010797 0.019194
9 0.230931 0.290047 0.008398 0.029858
9 0.404880 0.293246 0.005998 0.023460
9 0.412677 0.293246 0.007198 0.019194
9 0.590225 0.345497 0.021594 0.025592
2 0.355694 0.371090 0.013196 0.012796
2 0.383286 0.365758 0.010797 0.014929
2 0.385685 0.379621 0.015595 0.021327
2 0.371890 0.376422 0.016795 0.027725
2 0.346697 0.376422 0.023993 0.023460
7 0.319105 0.368957 0.038389 0.072512
2 0.295112 0.388151 0.019194 0.029858
2 0.274119 0.389218 0.027592 0.036256
2 0.245927 0.393483 0.035989 0.040521
2 0.458264 0.359360 0.016795 0.019194
2 0.443868 0.382820 0.011996 0.036256
2 0.397082 0.383886 0.016795 0.068246
2 0.419875 0.380687 0.043187 0.095972
2 0.587825 0.378554 0.011996 0.027725
2 0.601022 0.379621 0.028791 0.038389
2 0.618416 0.382820 0.063581 0.040521
2 0.562033 0.376422 0.013196 0.031991
2 0.572230 0.380687 0.019194 0.023460
2 0.516447 0.378554 0.037189 0.031991
2 0.541639 0.379621 0.053984 0.042654
2 0.457064 0.374289 0.021594 0.027725
2 0.958275 0.406279 0.081576 0.125829
2 0.117865 0.507583 0.235130 0.313507
