2 0.638547 0.542703 0.174440 0.243256
2 0.739771 0.463752 0.031207 0.031296
2 0.284466 0.448103 0.085620 0.073973
2 0.337278 0.445258 0.061614 0.068282
2 0.176041 0.445258 0.083219 0.068282
2 0.158036 0.401159 0.060014 0.034141
2 0.799785 0.463752 0.026406 0.031296
2 0.768177 0.465174 0.022405 0.034141
2 0.569331 0.456639 0.021605 0.025606
2 0.047211 0.431033 0.035208 0.034141
9 0.467708 0.267440 0.008802 0.036986
9 0.643349 0.317229 0.006401 0.042677
9 0.282065 0.363462 0.021605 0.035564
9 0.478911 0.267440 0.008802 0.042677
9 0.634947 0.319363 0.008802 0.038409
9 0.649750 0.316518 0.009602 0.038409
9 0.458106 0.272418 0.008802 0.044099
