3 0.043180 0.564618 0.086360 0.517236
3 0.641561 0.432794 0.013029 0.030441
3 0.521587 0.428824 0.046158 0.052941
3 0.511908 0.438089 0.035735 0.045000
3 0.475429 0.426177 0.072960 0.079412
3 0.582783 0.439412 0.026801 0.021176
3 0.647554 0.436765 0.019357 0.042353
3 0.939094 0.455294 0.120607 0.158824
3 0.407234 0.424853 0.162298 0.082059
3 0.672122 0.435441 0.053603 0.060882
3 0.625517 0.443118 0.016379 0.021176
9 0.736594 0.420618 0.016379 0.071471
4 0.762205 0.320294 0.025313 0.031765
4 0.099017 0.264706 0.022335 0.058235
