9 0.521442 0.381522 0.003589 0.017864
9 0.596088 0.392368 0.003589 0.016588
9 0.516777 0.380884 0.004306 0.014036
9 0.590705 0.389178 0.004306 0.015312
9 0.993719 0.183105 0.011484 0.075284
9 0.993002 0.413422 0.012919 0.037004
9 0.963215 0.414060 0.015073 0.040832
7 0.477660 0.421716 0.040912 0.056144
2 0.517495 0.458719 0.012919 0.017864
2 0.550870 0.459357 0.009331 0.014036
2 0.526467 0.457443 0.006460 0.010208
2 0.505293 0.459995 0.018661 0.022968
2 0.577427 0.463823 0.009331 0.012760
2 0.589628 0.471479 0.020815 0.030624
2 0.640229 0.481049 0.028710 0.047212
2 0.538668 0.465099 0.017944 0.025520
2 0.610084 0.482963 0.034452 0.053592
2 0.564866 0.462547 0.014355 0.020416
2 0.474789 0.483601 0.056702 0.085492
2 0.394401 0.466375 0.075363 0.114839
2 0.061128 0.506782 0.121299 0.281994
