2 0.794147 0.543712 0.409282 0.400630
2 0.458391 0.489160 0.144773 0.262071
2 0.555362 0.406527 0.057363 0.072842
2 0.517803 0.394386 0.042339 0.038849
2 0.402394 0.419881 0.013658 0.046133
9 0.289717 0.348253 0.015024 0.019424
9 0.295863 0.260843 0.010926 0.038849
9 0.356640 0.202570 0.009560 0.048561
9 0.477512 0.140654 0.010926 0.065558
9 0.366884 0.203784 0.008195 0.041277
9 0.344348 0.200141 0.012292 0.043705
9 0.463854 0.144296 0.010926 0.058273
9 0.493219 0.145510 0.012292 0.060701
2 0.600117 0.383437 0.044297 0.024375
