2 0.046140 0.738257 0.091811 0.324915
2 0.097194 0.611647 0.193919 0.172373
2 0.217750 0.570461 0.059205 0.111356
2 0.276526 0.565122 0.066928 0.128136
2 0.947522 0.713850 0.102966 0.297458
2 0.815811 0.604020 0.241112 0.212034
2 0.704265 0.560545 0.124417 0.167797
2 0.626611 0.551393 0.054915 0.079322
2 0.608163 0.523935 0.031748 0.045763
2 0.596579 0.533851 0.024025 0.035085
2 0.387644 0.576562 0.162172 0.279152
2 0.548099 0.561308 0.086663 0.132712
2 0.488894 0.534613 0.035180 0.048814
9 0.506484 0.443851 0.008581 0.019831
9 0.737729 0.453003 0.009439 0.025932
9 0.610308 0.475884 0.012013 0.019831
9 0.524932 0.481986 0.009439 0.019831
2 0.514745 0.521695 0.019735 0.030508
