9 0.536094 0.116484 0.014502 0.058594
9 0.942808 0.251250 0.013184 0.037500
9 0.965879 0.244219 0.022412 0.070312
9 0.462925 0.265312 0.018457 0.056250
9 0.473472 0.311015 0.013184 0.030469
9 0.199913 0.125859 0.017139 0.067969
2 0.309336 0.388359 0.032959 0.053906
2 0.281651 0.404765 0.032959 0.049219
2 0.360752 0.397734 0.022412 0.063281
2 0.620469 0.355547 0.009229 0.021094
2 0.626402 0.354375 0.013184 0.023437
2 0.597398 0.356718 0.010547 0.028125
7 0.433921 0.352031 0.042187 0.056250
7 0.350205 0.342656 0.072510 0.075000
2 0.243418 0.412968 0.072510 0.070312
2 0.330430 0.405937 0.059326 0.070312
2 0.417442 0.415312 0.112060 0.112500
2 0.638926 0.354375 0.019775 0.028125
2 0.609263 0.363750 0.021094 0.032812
2 0.101695 0.482109 0.203027 0.325781
