2 0.346994 0.423629 0.004747 0.020253
2 0.339873 0.421097 0.011392 0.028692
2 0.332753 0.425316 0.016139 0.037131
2 0.316614 0.428692 0.019937 0.050633
2 0.287658 0.430380 0.039873 0.070886
2 0.270570 0.442194 0.026582 0.077637
2 0.245886 0.446413 0.041772 0.096202
2 0.395411 0.427848 0.010443 0.045570
2 0.412975 0.441350 0.039873 0.075949
2 0.487974 0.416877 0.068354 0.060759
2 0.520728 0.446413 0.082595 0.096202
2 0.544936 0.473418 0.053165 0.092827
2 0.441111 0.469536 0.082595 0.114768
2 0.185732 0.457721 0.107278 0.128270
2 0.621016 0.477974 0.144304 0.162025
2 0.043261 0.494008 0.086523 0.278481
2 0.839609 0.489817 0.318038 0.904788
2 0.442061 0.399494 0.018038 0.032067
2 0.427346 0.397806 0.015190 0.015190
