9 0.279673 0.546562 0.007910 0.028125
9 0.468858 0.520781 0.006592 0.028125
9 0.265171 0.601640 0.013184 0.021094
9 0.560484 0.504375 0.010547 0.023437
2 0.338340 0.670781 0.048779 0.117187
2 0.273081 0.622734 0.076465 0.035156
2 0.300108 0.701250 0.096240 0.154687
5 0.402281 0.627421 0.052734 0.072656
2 0.373936 0.635625 0.017139 0.042187
2 0.445127 0.678984 0.064600 0.161719
2 0.658042 0.694218 0.068555 0.121875
2 0.541367 0.715312 0.191162 0.257812
2 0.253965 0.792656 0.167432 0.285937
2 0.138518 0.813749 0.277037 0.370312
