9 0.604769 0.357901 0.025829 0.018367
9 0.556727 0.360656 0.010332 0.016531
9 0.394668 0.338615 0.020663 0.016531
9 0.674582 0.421399 0.009298 0.014694
9 0.663217 0.420481 0.007232 0.016531
9 0.363969 0.447114 0.008265 0.018367
2 0.078299 0.594971 0.156598 0.295714
2 0.424704 0.495131 0.011365 0.014694
2 0.425220 0.506151 0.024796 0.029388
2 0.447433 0.513498 0.029962 0.047755
2 0.608607 0.491458 0.023763 0.025714
2 0.785499 0.462988 0.051658 0.023878
2 0.692514 0.533703 0.047525 0.091837
2 0.305373 0.547478 0.140510 0.178163
2 0.498058 0.510743 0.091952 0.134082
2 0.572446 0.486866 0.040293 0.031224
2 0.538868 0.491458 0.016531 0.036735
2 0.789853 0.581458 0.220064 0.220408
