9 0.467397 0.390206 0.004639 0.016495
9 0.513789 0.387113 0.004639 0.018557
9 0.465077 0.388316 0.004639 0.020619
9 0.471479 0.392461 0.006959 0.026804
9 0.516131 0.389369 0.005799 0.020619
9 0.509173 0.390400 0.005799 0.018557
2 0.451160 0.450516 0.009278 0.020619
2 0.427964 0.446392 0.023196 0.020619
2 0.425065 0.457732 0.024356 0.035052
2 0.408827 0.458763 0.017397 0.024742
2 0.397809 0.460825 0.018557 0.041237
2 0.534665 0.449485 0.011598 0.026804
2 0.535825 0.458763 0.011598 0.028866
2 0.542784 0.454639 0.011598 0.045361
2 0.558441 0.455670 0.028995 0.051546
2 0.468557 0.434021 0.006959 0.016495
2 0.301546 0.455670 0.025515 0.043299
2 0.697776 0.526186 0.121778 0.164948
2 0.461178 0.461237 0.022036 0.022680
2 0.460598 0.437526 0.011598 0.024742
2 0.508149 0.413814 0.009278 0.014433
2 0.569618 0.462268 0.034794 0.045361
2 0.498871 0.495258 0.076546 0.111340
2 0.342879 0.522062 0.128737 0.169072
2 0.258794 0.451959 0.053351 0.032990
2 0.156732 0.478763 0.127577 0.074227
2 0.042634 0.485245 0.085268 0.063918
2 0.029598 0.507925 0.057990 0.072165
2 0.852552 0.578351 0.292474 0.311340
7 0.770683 0.381443 0.219201 0.140206
2 0.966688 0.709278 0.063789 0.230928
5 0.523575 0.425926 0.019572 0.034746
