9 0.530295 0.315404 0.007798 0.027728
9 0.685290 0.297208 0.007798 0.032927
9 0.663357 0.680199 0.008773 0.001733
9 0.677004 0.300674 0.008773 0.029461
9 0.416730 0.363928 0.006824 0.027728
2 0.627776 0.404654 0.013647 0.025995
2 0.648247 0.417651 0.009748 0.020796
2 0.674567 0.429782 0.019496 0.027728
2 0.638987 0.435847 0.022421 0.039859
7 0.529321 0.421117 0.017547 0.048524
2 0.513718 0.419572 0.019508 0.052366
2 0.494146 0.435617 0.060601 0.101786
2 0.683340 0.433248 0.021446 0.027728
2 0.580985 0.448845 0.095531 0.162901
2 0.305602 0.490437 0.342158 0.454044
