3 0.453233 0.564980 0.023917 0.017008
3 0.437687 0.562854 0.007175 0.023386
3 0.429914 0.561791 0.013155 0.034016
3 0.421543 0.560729 0.015546 0.031890
3 0.410182 0.558603 0.016742 0.040394
3 0.397028 0.558603 0.016742 0.040394
3 0.381481 0.561791 0.028701 0.038268
3 0.364739 0.567106 0.023917 0.036142
3 0.350389 0.567106 0.026309 0.048898
3 0.321090 0.569232 0.044247 0.061654
3 0.280431 0.571358 0.056206 0.070157
3 0.227813 0.589429 0.072948 0.080787
3 0.138721 0.602185 0.114803 0.106299
2 0.493295 0.504390 0.005979 0.017008
2 0.497480 0.507579 0.004783 0.019134
3 0.545913 0.554351 0.022721 0.031890
0 0.538140 0.547973 0.007175 0.023386
5 0.536346 0.562854 0.008371 0.019134
3 0.504058 0.573484 0.070556 0.104173
3 0.577006 0.563917 0.025113 0.059528
3 0.603913 0.568169 0.055010 0.080787
3 0.615871 0.579862 0.057402 0.078661
3 0.657727 0.591555 0.086102 0.093543
4 0.707953 0.414036 0.014350 0.019134
3 0.044646 0.596693 0.089291 0.161575
3 0.865409 0.651969 0.265482 0.310394
3 0.976026 0.759331 0.044247 0.257244
