1 0.363636 0.362450 0.033338 0.055100
1 0.350671 0.371341 0.029634 0.054878
3 0.320419 0.369878 0.035808 0.032927
3 0.327210 0.414878 0.059268 0.083415
3 0.501928 0.402805 0.065442 0.098780
3 0.566753 0.436493 0.121006 0.183718
3 0.704382 0.446978 0.271456 0.278239
9 0.195987 0.445355 0.043293 0.172650
9 0.398826 0.389268 0.012348 0.061463
3 0.279672 0.438659 0.117302 0.133902
3 0.441425 0.368415 0.020991 0.028537
2 0.263856 0.242375 0.009115 0.036945
2 0.256049 0.244756 0.008968 0.046098
2 0.396993 0.251758 0.008682 0.038149
2 0.389687 0.252547 0.010871 0.032411
2 0.115041 0.375000 0.021809 0.032927
4 0.082729 0.331463 0.027165 0.013171
9 0.138910 0.422927 0.018521 0.043902
3 0.095076 0.480000 0.190152 0.298537
9 0.874042 0.352581 0.044463 0.185131
3 0.868192 0.444523 0.262096 0.351541
9 0.596736 0.338228 0.014041 0.020801
4 0.098871 0.340100 0.026912 0.018721
4 0.092436 0.307858 0.011701 0.012481
4 0.207687 0.349461 0.019891 0.012481
4 0.528287 0.288097 0.022231 0.010401
4 0.503715 0.290177 0.012871 0.006240
3 0.528287 0.310979 0.005850 0.022881
3 0.498450 0.328660 0.009361 0.016641
