2 0.038666 0.598465 0.077333 0.159449
2 0.100054 0.571181 0.086102 0.068032
2 0.170610 0.560906 0.062185 0.044646
2 0.289001 0.544961 0.038268 0.038268
2 0.321289 0.558780 0.043051 0.065906
2 0.370320 0.571536 0.076535 0.116929
2 0.432505 0.550276 0.040659 0.053150
2 0.461804 0.544961 0.022721 0.029764
2 0.501267 0.535040 0.013155 0.021260
2 0.480938 0.543543 0.013155 0.025512
2 0.524587 0.569055 0.066969 0.089291
2 0.566442 0.541417 0.021526 0.038268
7 0.590359 0.544252 0.045443 0.055276
2 0.611287 0.556299 0.046639 0.042520
9 0.450443 0.493583 0.009567 0.019134
9 0.520800 0.500457 0.008371 0.017008
