4 0.456482 0.276514 0.025728 0.042967
2 0.406018 0.400521 0.007017 0.015246
4 0.451627 0.395670 0.007796 0.024949
4 0.449678 0.412303 0.008576 0.011088
4 0.458254 0.360326 0.008576 0.012474
4 0.452797 0.345080 0.008576 0.018018
4 0.257106 0.429628 0.010135 0.018018
4 0.140159 0.323596 0.019491 0.030493
4 0.140549 0.363791 0.017152 0.030493
9 0.458254 0.482297 0.011695 0.062372
9 0.474237 0.477446 0.015593 0.049897
9 0.486711 0.480218 0.015593 0.044353
9 0.497626 0.497544 0.021830 0.067916
3 0.435255 0.472595 0.023389 0.034651
3 0.433306 0.498930 0.022610 0.026335
3 0.356900 0.490614 0.028847 0.042967
3 0.338189 0.496158 0.024169 0.065144
3 0.314800 0.498237 0.042881 0.077618
3 0.410306 0.479525 0.021830 0.037423
3 0.820400 0.477446 0.040542 0.027721
3 0.708131 0.469130 0.028067 0.030493
3 0.750232 0.464279 0.012474 0.026335
3 0.251648 0.514176 0.120845 0.145534
3 0.782582 0.480856 0.038612 0.027042
3 0.052068 0.636518 0.104136 0.307858
