9 0.513341 0.258855 0.006428 0.026119
9 0.341428 0.305260 0.008264 0.032648
9 0.352447 0.315871 0.004591 0.014692
9 0.402490 0.225272 0.011019 0.032648
9 0.451615 0.213029 0.008264 0.034281
9 0.585065 0.308525 0.006428 0.019589
9 0.621794 0.275060 0.008264 0.037545
9 0.578178 0.308525 0.003673 0.019589
9 0.449626 0.320768 0.007346 0.024486
2 0.280060 0.386880 0.020201 0.024486
2 0.383360 0.364843 0.017446 0.016324
2 0.413203 0.361578 0.022037 0.016324
2 0.437995 0.361578 0.020201 0.013059
2 0.479545 0.361986 0.012855 0.032648
2 0.526375 0.340765 0.011019 0.016324
2 0.515815 0.339132 0.017446 0.019589
2 0.506174 0.346478 0.014692 0.014692
2 0.547035 0.342397 0.012855 0.013059
2 0.562185 0.338316 0.019283 0.021221
2 0.561726 0.354640 0.027547 0.024486
2 0.582386 0.352192 0.028465 0.026119
2 0.604424 0.347294 0.030302 0.029383
2 0.651254 0.335868 0.022956 0.013059
2 0.673291 0.330970 0.030302 0.022854
2 0.630134 0.348111 0.039484 0.024486
2 0.710938 0.334235 0.008264 0.019589
2 0.699002 0.333419 0.019283 0.021221
2 0.760064 0.340765 0.027547 0.032648
2 0.818830 0.328522 0.038566 0.037545
2 0.867956 0.339132 0.052339 0.042443
2 0.512555 0.364843 0.020201 0.027751
2 0.463889 0.375453 0.038566 0.058767
2 0.344060 0.424426 0.112942 0.130593
2 0.956930 0.372221 0.080581 0.097944
