2 0.185567 0.397938 0.023196 0.035052
2 0.166430 0.405155 0.028995 0.032990
2 0.114240 0.409278 0.052191 0.070103
9 0.176289 0.371134 0.009278 0.014433
9 0.198325 0.372165 0.009278 0.016495
9 0.367655 0.157732 0.013918 0.061856
9 0.382732 0.157732 0.016237 0.057732
9 0.542204 0.317526 0.012758 0.022680
9 0.720232 0.268041 0.017397 0.047423
9 0.753286 0.262887 0.027835 0.045361
2 0.427964 0.395876 0.044072 0.076289
2 0.923196 0.365979 0.038273 0.061856
2 0.936534 0.367010 0.044072 0.076289
2 0.865206 0.453608 0.168170 0.142268
2 0.646585 0.489691 0.317784 0.334021
2 0.464497 0.402062 0.066108 0.080412
2 0.845490 0.630928 0.307345 0.513402
2 0.309556 0.541845 0.299445 0.471319
9 0.011018 0.078483 0.022036 0.071900
