2 0.520227 0.462545 0.012292 0.021853
2 0.529105 0.460117 0.010926 0.026709
2 0.541397 0.460117 0.024584 0.036421
2 0.614466 0.461331 0.015024 0.029137
2 0.626075 0.461331 0.021853 0.029137
2 0.641099 0.461331 0.024584 0.033993
2 0.506569 0.461331 0.015024 0.033993
2 0.504520 0.468615 0.010926 0.033993
2 0.436231 0.463759 0.030047 0.043705
2 0.475839 0.468615 0.060094 0.097122
2 0.393209 0.464973 0.036876 0.046133
2 0.342675 0.478328 0.086044 0.101979
2 0.267557 0.457689 0.042339 0.021853
2 0.296921 0.458903 0.021853 0.014568
2 0.087274 0.492896 0.173455 0.140827
2 0.582370 0.466187 0.060094 0.087410
