9 0.356674 0.366612 0.017219 0.053571
9 0.468169 0.152326 0.030134 0.130102
9 0.299391 0.506633 0.013776 0.052041
9 0.004622 0.387245 0.009245 0.119388
2 0.516668 0.604898 0.009471 0.036735
2 0.498588 0.606123 0.030134 0.044388
2 0.533371 0.601531 0.021524 0.044388
2 0.559200 0.606888 0.026690 0.048980
2 0.383562 0.589286 0.016358 0.026020
2 0.375813 0.596174 0.016358 0.033673
2 0.290147 0.597704 0.024968 0.036735
2 0.245376 0.592347 0.066295 0.059694
2 0.221700 0.598470 0.044770 0.044388
2 0.457653 0.615418 0.063712 0.105612
2 0.336052 0.628130 0.085236 0.128571
2 0.102729 0.618946 0.204050 0.229592
9 0.051932 0.431446 0.028412 0.056633
9 0.018354 0.428524 0.019802 0.053571
2 0.706904 0.702663 0.345249 0.399490
