3 0.907734 0.598343 0.183015 0.199101
3 0.270596 0.608055 0.167991 0.189389
3 0.643455 0.553424 0.058729 0.080126
3 0.538972 0.547354 0.019121 0.029137
3 0.612042 0.548568 0.020487 0.046133
3 0.594969 0.549782 0.019121 0.053417
3 0.581994 0.552210 0.017755 0.038849
4 0.243963 0.395600 0.043705 0.016996
4 0.646186 0.376176 0.042339 0.021853
4 0.730182 0.418667 0.024584 0.024281
2 0.315269 0.386235 0.010547 0.036421
2 0.563556 0.361607 0.008195 0.046133
2 0.430392 0.483010 0.004097 0.026709
2 0.512340 0.478154 0.006829 0.026709
4 0.168845 0.445375 0.024584 0.019424
2 0.159284 0.495844 0.013658 0.021853
4 0.532826 0.491509 0.015024 0.014568
4 0.409906 0.497579 0.017755 0.012140
3 0.380541 0.555852 0.019121 0.026709
4 0.402394 0.525501 0.008195 0.019424
