3 0.003119 0.668763 0.004678 0.126129
3 0.022220 0.486499 0.044440 0.052669
3 0.398399 0.523922 0.079524 0.094250
3 0.446347 0.491350 0.033525 0.056827
3 0.467787 0.483034 0.014034 0.048511
3 0.478313 0.477490 0.011695 0.031879
3 0.540294 0.476797 0.017152 0.036037
3 0.488058 0.467094 0.015593 0.027721
7 0.369942 0.456699 0.052236 0.065144
3 0.516125 0.493429 0.049897 0.077618
2 0.499363 0.397099 0.007017 0.023563
2 0.575378 0.429671 0.014034 0.019405
2 0.413602 0.452541 0.010135 0.018018
2 0.464279 0.435215 0.007017 0.013860
2 0.542243 0.435215 0.008576 0.013860
9 0.943371 0.507289 0.017152 0.116427
9 0.913745 0.513526 0.024949 0.120585
9 0.895423 0.510061 0.017932 0.124743
9 0.981574 0.501745 0.028067 0.130287
9 0.637750 0.478876 0.012474 0.045739
9 0.628394 0.483034 0.009356 0.042967
9 0.615530 0.475410 0.007017 0.036037
9 0.744561 0.497587 0.010915 0.072074
9 0.716884 0.491350 0.011695 0.065144
9 0.676342 0.490657 0.008576 0.044353
3 0.231555 0.595303 0.272876 0.317402
4 0.523922 0.412346 0.017152 0.006930
