3 0.913882 0.616945 0.170591 0.242619
1 0.808603 0.590084 0.119901 0.175032
3 0.570750 0.593550 0.094556 0.133440
3 0.719896 0.582285 0.069211 0.076252
1 0.690164 0.566688 0.050690 0.079718
3 0.665306 0.565822 0.018521 0.053723
3 0.653121 0.566688 0.015597 0.045058
3 0.623877 0.551091 0.021446 0.041592
3 0.342645 0.558023 0.045816 0.038126
9 0.277333 0.552824 0.010723 0.031194
9 0.420630 0.557157 0.010723 0.025995
9 0.389923 0.557157 0.009748 0.029461
9 0.479118 0.557157 0.010723 0.032927
2 0.656046 0.487837 0.005849 0.019063
2 0.661407 0.515565 0.008773 0.019063
1 0.087245 0.602215 0.172541 0.157702
3 0.207634 0.603948 0.079934 0.084917
3 0.224693 0.546759 0.049715 0.046791
3 0.464983 0.556290 0.027295 0.031194
3 0.506413 0.555424 0.026320 0.022529
3 0.484479 0.551091 0.011698 0.020796
3 0.532732 0.548492 0.016572 0.022529
2 0.377738 0.530295 0.010723 0.013864
