4 0.563911 0.112104 0.070347 0.036271
4 0.608263 0.188575 0.034680 0.023386
4 0.562820 0.297000 0.034680 0.044646
4 0.567523 0.225454 0.015302 0.040806
2 0.586139 0.287433 0.019134 0.038268
2 0.589129 0.232158 0.017938 0.059528
3 0.364904 0.378850 0.016742 0.025512
3 0.349357 0.379913 0.014350 0.027638
3 0.337399 0.376725 0.019134 0.029764
3 0.321255 0.382039 0.022721 0.044646
3 0.307502 0.385228 0.019134 0.046772
3 0.293750 0.387354 0.032288 0.051024
3 0.376264 0.380976 0.013155 0.038268
3 0.382842 0.387354 0.016742 0.051024
3 0.409151 0.392669 0.052618 0.091417
3 0.950543 0.384391 0.097391 0.151395
