9 0.554551 0.190312 0.009229 0.032812
9 0.632993 0.218437 0.010547 0.037500
9 0.644199 0.289922 0.009229 0.025781
9 0.012046 0.021328 0.023730 0.042656
9 0.035118 0.022734 0.019775 0.044531
9 0.752964 0.279375 0.029004 0.032812
9 0.740440 0.161016 0.011865 0.044531
9 0.033799 0.265312 0.011865 0.032812
9 0.048301 0.220781 0.014502 0.056250
2 0.315269 0.332109 0.023730 0.044531
2 0.502476 0.295781 0.013184 0.018750
2 0.518955 0.312187 0.032959 0.042187
2 0.544004 0.311015 0.011865 0.030469
2 0.536094 0.366093 0.051416 0.084375
2 0.650791 0.361406 0.051416 0.056250
2 0.689024 0.381328 0.075146 0.096094
2 0.770762 0.389531 0.141064 0.150000
2 0.557847 0.318047 0.026367 0.039844
2 0.400303 0.323906 0.038232 0.046875
2 0.355479 0.346172 0.054053 0.077344
2 0.468858 0.373125 0.096240 0.164062
2 0.258580 0.374297 0.105469 0.105469
7 0.912485 0.389531 0.174023 0.379687
