3 0.721322 0.306852 0.018921 0.033638
3 0.709338 0.307973 0.022706 0.031395
3 0.675911 0.323671 0.051718 0.053821
3 0.626084 0.338247 0.055502 0.069518
3 0.224953 0.505689 0.340583 0.289286
3 0.784393 0.297134 0.016398 0.033638
3 0.806467 0.296013 0.030274 0.058306
3 0.825389 0.309468 0.037843 0.085216
3 0.822866 0.325166 0.032797 0.053821
3 0.873953 0.335257 0.094606 0.163704
3 0.563644 0.365158 0.097129 0.127824
3 0.926921 0.349069 0.145088 0.230199
3 0.973784 0.386348 0.051361 0.157204
3 0.061599 0.604734 0.119835 0.230232
4 0.863862 0.156977 0.026490 0.058306
4 0.844016 0.057809 0.017215 0.052708
