9 0.264318 0.319133 0.007749 0.022959
9 0.242793 0.315306 0.006027 0.021429
9 0.204050 0.322959 0.009471 0.021429
2 0.018941 0.351276 0.035300 0.053571
2 0.116231 0.327551 0.045631 0.039796
2 0.119244 0.365816 0.034439 0.045918
2 0.170042 0.340561 0.049936 0.041327
2 0.219978 0.345919 0.030995 0.039796
2 0.325016 0.346684 0.020663 0.044388
2 0.346540 0.335970 0.027551 0.050510
2 0.535954 0.344388 0.027551 0.045918
2 0.274219 0.391072 0.113648 0.145408
2 0.472672 0.323725 0.054241 0.050510
2 0.442969 0.327551 0.027551 0.042857
2 0.410683 0.348980 0.045631 0.070408
