9 0.150667 0.351534 0.009940 0.046779
9 0.074651 0.452021 0.005652 0.031532
9 0.516515 0.344257 0.007212 0.036383
9 0.068024 0.451155 0.006822 0.032572
9 0.139946 0.350494 0.008771 0.047472
9 0.164993 0.347202 0.010135 0.051976
9 0.510376 0.346336 0.005847 0.031532
9 0.463402 0.396407 0.014034 0.008316
9 0.522850 0.347549 0.006237 0.036037
9 0.648178 0.386531 0.011305 0.039849
9 0.775845 0.290375 0.017542 0.049204
9 0.651881 0.473678 0.012085 0.017325
2 0.344852 0.593059 0.042686 0.103953
2 0.296124 0.578332 0.055745 0.061332
2 0.258798 0.665479 0.169573 0.194738
2 0.518535 0.666178 0.344356 0.522218
2 0.179602 0.612948 0.032119 0.065257
