2 0.184726 0.337067 0.141347 0.136906
2 0.872940 0.523364 0.250526 0.443646
2 0.659458 0.380392 0.135498 0.157702
2 0.578061 0.373460 0.035093 0.084917
2 0.550766 0.366528 0.035093 0.074519
2 0.530295 0.352664 0.029244 0.053723
2 0.516648 0.350064 0.025345 0.045058
2 0.500564 0.349198 0.020471 0.039859
2 0.258811 0.331001 0.024370 0.093582
2 0.296829 0.334467 0.041917 0.076252
2 0.336309 0.333601 0.046791 0.060655
2 0.371402 0.332734 0.029244 0.062388
2 0.400646 0.327535 0.031194 0.065854
2 0.479118 0.334467 0.016572 0.031194
2 0.462059 0.333601 0.015597 0.022529
2 0.447924 0.333601 0.012673 0.022529
2 0.428428 0.336200 0.014622 0.027728
9 0.432815 0.267747 0.009748 0.025995
9 0.444025 0.290276 0.004874 0.019063
9 0.472294 0.279012 0.006824 0.017330
9 0.478631 0.290276 0.005849 0.019063
