9 0.774536 0.209765 0.025049 0.133594
9 0.825292 0.203515 0.021094 0.110156
9 0.835839 0.136719 0.031641 0.131250
9 0.396167 0.389843 0.011865 0.060937
9 0.500976 0.392187 0.010547 0.051562
9 0.638745 0.501562 0.011865 0.032812
9 0.659179 0.487500 0.010547 0.037500
2 0.436377 0.612723 0.013184 0.018750
2 0.448242 0.613895 0.010547 0.021094
2 0.463403 0.613125 0.011865 0.014062
2 0.631494 0.588515 0.018457 0.016406
2 0.441650 0.621796 0.013184 0.011719
2 0.100854 0.690937 0.141064 0.131250
2 0.373417 0.625858 0.010686 0.014776
2 0.382322 0.620581 0.009499 0.012665
2 0.363325 0.624802 0.009499 0.012665
