3 0.376523 0.421250 0.014766 0.026250
3 0.359121 0.423125 0.022148 0.030000
3 0.391816 0.429687 0.020039 0.028125
3 0.343301 0.450312 0.049570 0.065625
3 0.032168 0.453125 0.036914 0.026250
4 0.041660 0.403437 0.020039 0.039375
4 0.022148 0.413750 0.008437 0.022500
4 0.319043 0.396562 0.009492 0.020625
2 0.328535 0.343437 0.007383 0.020625
2 0.383379 0.387500 0.005273 0.018750
2 0.435586 0.351875 0.006328 0.018750
3 0.182461 0.492500 0.204609 0.213750
3 0.434004 0.442187 0.066445 0.121875
3 0.511523 0.454375 0.061172 0.075000
3 0.620156 0.427812 0.042187 0.080625
3 0.932343 0.471875 0.130781 0.660000
