9 0.531740 0.368261 0.011698 0.015597
9 0.541488 0.349198 0.013647 0.019063
9 0.547337 0.313672 0.013647 0.031194
9 0.672600 0.317756 0.010723 0.022529
9 0.564048 0.373707 0.007798 0.012131
9 0.564048 0.384105 0.009748 0.012131
9 0.575258 0.360710 0.008773 0.013864
2 0.522897 0.393142 0.008773 0.024262
2 0.499502 0.398341 0.028269 0.038126
2 0.536057 0.391409 0.009748 0.020796
2 0.553116 0.392275 0.010723 0.015597
2 0.582848 0.401807 0.015597 0.020796
2 0.359130 0.413937 0.092607 0.086650
2 0.259212 0.486723 0.142322 0.187163
2 0.605826 0.394875 0.013647 0.027728
2 0.429037 0.565574 0.227130 0.306740
2 0.651154 0.446864 0.108204 0.138639
2 0.105888 0.527325 0.208609 0.377792
9 0.451945 0.364547 0.007798 0.025995
5 0.831494 0.413195 0.268072 0.301541
