4 0.638987 0.399455 0.012673 0.012131
4 0.657995 0.440180 0.011698 0.027728
4 0.673105 0.448845 0.018521 0.013864
4 0.281232 0.467908 0.018521 0.020796
9 0.067262 0.636008 0.017547 0.114377
9 0.019496 0.632542 0.019496 0.079718
9 0.005361 0.631675 0.008773 0.088383
9 0.187163 0.636008 0.027295 0.107445
9 0.102355 0.632542 0.011698 0.072786
9 0.348006 0.614346 0.042892 0.202760
9 0.773023 0.538960 0.011698 0.045058
9 0.788132 0.559756 0.018521 0.076252
2 0.378225 0.544159 0.009748 0.017330
2 0.380662 0.505167 0.008773 0.025995
2 0.629726 0.415052 0.013647 0.039859
2 0.759375 0.499102 0.009748 0.020796
2 0.680903 0.480905 0.012673 0.025995
3 0.819813 0.486971 0.021446 0.038126
3 0.384562 0.594416 0.014622 0.034660
3 0.061900 0.624744 0.061413 0.074519
7 0.271484 0.572754 0.139398 0.123042
3 0.816402 0.545892 0.022421 0.038126
3 0.710635 0.585751 0.118927 0.207959
3 0.533707 0.722187 0.392848 0.473900
9 0.272876 0.618865 0.020271 0.076232
9 0.238572 0.618172 0.012474 0.072074
3 0.889965 0.708265 0.219080 0.471252
