9 0.473389 0.254209 0.009761 0.032969
9 0.337717 0.257680 0.009761 0.026028
9 0.242063 0.301928 0.011713 0.027763
2 0.489982 0.358322 0.015617 0.039910
2 0.497302 0.360925 0.020497 0.041645
2 0.516336 0.360925 0.031234 0.045116
2 0.536345 0.363528 0.024401 0.053792
2 0.551474 0.369601 0.039042 0.072879
2 0.580756 0.379145 0.062468 0.081555
2 0.473877 0.361793 0.030258 0.050321
2 0.425562 0.355720 0.050755 0.076350
2 0.355774 0.353117 0.028306 0.046851
2 0.407505 0.412982 0.098582 0.138817
2 0.326492 0.357455 0.020497 0.034704
2 0.288426 0.380013 0.088821 0.121465
2 0.053195 0.431202 0.106391 0.203020
