3 0.660761 0.567187 0.097031 0.101250
3 0.435586 0.550875 0.056953 0.086250
3 0.519961 0.555562 0.052734 0.076875
3 0.043242 0.534937 0.086484 0.065625
3 0.335391 0.530250 0.031641 0.018750
3 0.362812 0.525937 0.025312 0.020625
3 0.378105 0.525937 0.015820 0.020625
3 0.482519 0.546875 0.028477 0.045000
3 0.469512 0.544687 0.011602 0.024375
3 0.459492 0.536250 0.012656 0.030000
7 0.570586 0.527187 0.082266 0.095625
4 0.344531 0.490625 0.018984 0.018750
4 0.360703 0.491875 0.014766 0.026250
4 0.285820 0.531937 0.008437 0.024375
3 0.392344 0.528000 0.010547 0.013500
