2 0.034402 0.304621 0.021594 0.040521
2 0.948531 0.265166 0.035989 0.051185
2 0.487868 0.328080 0.009597 0.027725
2 0.576041 0.308886 0.010797 0.027725
2 0.573042 0.367535 0.004799 0.017062
2 0.543651 0.373933 0.005998 0.021327
4 0.360106 0.362204 0.015595 0.036256
4 0.695406 0.339810 0.009597 0.021327
9 0.382299 0.426185 0.011996 0.053317
9 0.425486 0.417654 0.009597 0.036256
9 0.456677 0.424052 0.011996 0.040521
9 0.408691 0.403791 0.009597 0.029858
3 0.532854 0.413388 0.015595 0.023460
3 0.518459 0.409123 0.013196 0.019194
3 0.507062 0.409123 0.011996 0.023460
3 0.497465 0.414455 0.016795 0.025592
3 0.480070 0.421919 0.022793 0.036256
3 0.546650 0.410189 0.014396 0.021327
3 0.564045 0.413388 0.013196 0.019194
3 0.580240 0.408057 0.014396 0.021327
3 0.595836 0.409123 0.016795 0.027725
3 0.604833 0.418720 0.013196 0.025592
3 0.615630 0.421919 0.029991 0.031991
3 0.650419 0.433649 0.041988 0.059716
3 0.764386 0.419786 0.065980 0.066114
3 0.331314 0.444312 0.068380 0.102370
3 0.238942 0.461374 0.152355 0.145024
3 0.036995 0.527488 0.073991 0.183412
