2 0.434490 0.454914 0.025950 0.041277
2 0.450196 0.453700 0.016389 0.033993
2 0.504145 0.462198 0.036876 0.060701
2 0.394199 0.462198 0.057363 0.094694
2 0.614773 0.490121 0.099702 0.126259
2 0.108750 0.456128 0.046437 0.067986
2 0.048912 0.447630 0.097824 0.104407
2 0.156553 0.465841 0.084679 0.199101
9 0.364152 0.388143 0.010926 0.024281
9 0.473415 0.372360 0.013658 0.036421
9 0.510291 0.392999 0.013658 0.024281
2 0.474780 0.476767 0.060094 0.089838
2 0.540338 0.474339 0.051900 0.070414
2 0.268547 0.502261 0.240378 0.344784
