3 0.172259 0.583775 0.146139 0.150540
3 0.323178 0.565564 0.046437 0.055845
3 0.486390 0.574063 0.028681 0.048561
3 0.616822 0.580133 0.021853 0.031565
3 0.425904 0.560882 0.015948 0.014568
3 0.388053 0.555505 0.015024 0.021853
3 0.102604 0.557066 0.031413 0.067986
3 0.299960 0.559494 0.013658 0.038849
3 0.368249 0.557066 0.008195 0.024281
3 0.411954 0.559494 0.010926 0.014568
3 0.506193 0.559494 0.005463 0.024281
3 0.601115 0.577705 0.009560 0.021853
3 0.592238 0.574063 0.016389 0.024281
3 0.571751 0.566778 0.013658 0.029137
3 0.721987 0.616554 0.032779 0.036421
3 0.757498 0.622624 0.046437 0.043705
3 0.918660 0.655403 0.106531 0.084982
3 0.652332 0.595915 0.032779 0.038849
4 0.398297 0.531572 0.016389 0.021853
4 0.417418 0.532786 0.016389 0.019424
4 0.477512 0.535214 0.010926 0.014568
1 0.427049 0.540243 0.019121 0.012140
3 0.974122 0.659698 0.049767 0.073220
