2 0.075190 0.604620 0.021594 0.044787
2 0.032797 0.611019 0.065593 0.061848
2 0.223434 0.593957 0.016795 0.017062
2 0.291813 0.588092 0.011996 0.011730
2 0.340399 0.587559 0.008398 0.019194
2 0.327803 0.590758 0.014396 0.021327
2 0.314007 0.598222 0.020394 0.023460
2 0.421375 0.589692 0.009597 0.010664
2 0.408179 0.591824 0.011996 0.014929
2 0.440569 0.592891 0.009597 0.012796
2 0.391984 0.589692 0.010797 0.019194
2 0.462163 0.590758 0.016795 0.021327
2 0.487355 0.596090 0.019194 0.031990
2 0.613318 0.645142 0.071979 0.100237
2 0.426173 0.614218 0.031191 0.038389
2 0.390184 0.644075 0.064781 0.089573
2 0.194042 0.662203 0.142758 0.130095
9 0.830366 0.599289 0.010797 0.038389
9 0.792577 0.599809 0.009597 0.026632
9 0.746391 0.599289 0.008398 0.029858
