2 0.138387 0.704569 0.273656 0.439836
2 0.953428 0.516576 0.091219 0.066253
2 0.946022 0.514543 0.106032 0.073645
2 0.243639 0.569661 0.045999 0.083162
2 0.379298 0.549979 0.045999 0.083162
2 0.493126 0.548593 0.014813 0.038809
2 0.879050 0.523645 0.091219 0.069302
2 0.316146 0.574512 0.111489 0.167710
2 0.470906 0.551088 0.042101 0.047125
2 0.530939 0.572572 0.074846 0.126129
7 0.599547 0.536396 0.034304 0.049897
9 0.172302 0.318442 0.014034 0.070688
9 0.205047 0.339232 0.012474 0.054055
9 0.265469 0.475757 0.011695 0.044353
9 0.697783 0.292107 0.024949 0.095637
9 0.661139 0.159048 0.018711 0.092864
9 0.644377 0.215182 0.014813 0.060986
9 0.755087 0.289335 0.030406 0.112269
9 0.768146 0.379427 0.020271 0.042967
9 0.763370 0.441071 0.012279 0.038740
9 0.513786 0.362102 0.010915 0.052669
9 0.675953 0.446650 0.012474 0.041581
9 0.795086 0.247877 0.039287 0.125884
9 0.326087 0.472985 0.015593 0.036037
9 0.755476 0.393912 0.021830 0.033265
9 0.786662 0.437572 0.010915 0.040195
9 0.677824 0.486776 0.007796 0.013860
