9 0.347514 0.470724 0.005995 0.024868
9 0.406829 0.483158 0.006723 0.024868
9 0.460921 0.513355 0.006994 0.017763
2 0.345016 0.572862 0.014988 0.023092
2 0.317539 0.571974 0.031974 0.042632
2 0.294558 0.567533 0.019984 0.033750
2 0.250094 0.580855 0.080933 0.113684
2 0.193641 0.569309 0.037969 0.069276
2 0.108311 0.630592 0.216622 0.213158
2 0.431445 0.567533 0.009992 0.033750
2 0.447931 0.563092 0.024979 0.053289
2 0.465917 0.575526 0.032973 0.049737
2 0.510880 0.587961 0.074938 0.095921
2 0.814626 0.751326 0.369743 0.477829
9 0.335044 0.542812 0.010547 0.018750
2 0.400303 0.582656 0.059326 0.093750
