3 0.420324 0.424583 0.014011 0.013864
3 0.362629 0.416785 0.011698 0.029461
3 0.342158 0.424583 0.027295 0.038126
3 0.296829 0.441913 0.028269 0.048524
3 0.274896 0.444512 0.029244 0.046791
3 0.248089 0.452311 0.032169 0.065854
3 0.187163 0.464442 0.097481 0.107445
3 0.495202 0.423716 0.037043 0.046791
3 0.508850 0.443646 0.023395 0.041592
3 0.539556 0.447978 0.045816 0.067587
3 0.561002 0.464442 0.057514 0.069320
3 0.592683 0.497369 0.066287 0.093582
3 0.919403 0.539573 0.160187 0.120084
4 0.709660 0.379525 0.042892 0.017330
4 0.904134 0.381258 0.018521 0.062388
