4 0.398209 0.224422 0.028269 0.053723
4 0.693088 0.188896 0.027295 0.051990
4 0.715022 0.257349 0.028269 0.050257
4 0.818839 0.304140 0.019496 0.039859
4 0.358729 0.313672 0.011698 0.024262
4 0.753526 0.356130 0.011698 0.022529
3 0.517136 0.370860 0.010723 0.020796
3 0.506900 0.375193 0.019496 0.036393
3 0.601944 0.382125 0.016572 0.029461
3 0.489841 0.360462 0.008773 0.006932
3 0.473757 0.376059 0.015597 0.027728
3 0.456210 0.376059 0.019496 0.038126
3 0.492278 0.382125 0.031194 0.036393
3 0.398101 0.370860 0.100621 0.142105
3 0.555153 0.404614 0.084808 0.126587
3 0.638499 0.395989 0.029244 0.036393
3 0.685290 0.412452 0.044841 0.051990
3 0.795931 0.452311 0.176440 0.180231
