4 0.442778 0.292126 0.157152 0.093807
4 0.443925 0.355344 0.118150 0.028550
4 0.284766 0.342088 0.131916 0.046903
4 0.290788 0.279890 0.115856 0.073414
4 0.022368 0.322715 0.044737 0.044864
4 0.535118 0.456288 0.028677 0.046903
3 0.283905 0.569467 0.012618 0.020393
3 0.275302 0.577625 0.013765 0.020393
3 0.141910 0.578571 0.021444 0.044850
3 0.211638 0.570487 0.014912 0.022432
3 0.088299 0.579692 0.025228 0.024668
3 0.017780 0.618410 0.035560 0.097885
3 0.039575 0.589350 0.035560 0.028550
3 0.047604 0.583233 0.033266 0.028550
3 0.165181 0.561820 0.013765 0.014275
3 0.168623 0.574056 0.018353 0.022432
3 0.249493 0.552643 0.014912 0.016314
3 0.184798 0.560631 0.016398 0.022425
3 0.110694 0.574056 0.012618 0.014275
3 0.119835 0.570722 0.017660 0.020183
3 0.263637 0.552782 0.012614 0.020183
3 0.693276 0.631270 0.037843 0.029153
