9 0.194962 0.433248 0.011698 0.027728
9 0.454260 0.250417 0.009748 0.053723
9 0.638012 0.384724 0.016572 0.027728
9 0.368477 0.505167 0.007798 0.022529
9 0.438664 0.461842 0.007798 0.019063
9 0.443050 0.247818 0.008773 0.051990
9 0.467908 0.249551 0.007798 0.062388
2 0.389923 0.537227 0.019496 0.027728
2 0.544430 0.519898 0.053614 0.076252
2 0.960673 0.487837 0.077010 0.095315
2 0.200810 0.570154 0.048740 0.038126
2 0.514699 0.530295 0.017547 0.041592
2 0.497639 0.529429 0.018521 0.032927
2 0.484967 0.527696 0.010723 0.036393
2 0.479605 0.525963 0.013647 0.029461
2 0.473269 0.526829 0.012673 0.020796
2 0.420630 0.528562 0.010723 0.017330
2 0.434764 0.525963 0.007798 0.015597
2 0.402596 0.526829 0.009748 0.013864
2 0.445000 0.525096 0.004874 0.024262
9 0.764249 0.300674 0.023395 0.043325
9 0.786670 0.398588 0.013647 0.041592
9 0.612667 0.415052 0.024370 0.036393
9 0.487891 0.487837 0.010723 0.015597
2 0.348503 0.534671 0.039948 0.049737
