9 0.607945 0.457500 0.007910 0.032812
9 0.381187 0.525468 0.007910 0.028125
9 0.645518 0.520781 0.009229 0.023437
9 0.135972 0.580546 0.013184 0.049219
9 0.118834 0.620390 0.021094 0.030469
9 0.388438 0.520781 0.011865 0.028125
9 0.288243 0.554765 0.009229 0.025781
9 0.599375 0.458672 0.009229 0.030469
9 0.778672 0.411797 0.011865 0.039844
2 0.265831 0.674296 0.043506 0.025781
2 0.799107 0.560625 0.036914 0.023437
2 0.643540 0.572343 0.026367 0.037500
2 0.444468 0.625078 0.023730 0.035156
2 0.441831 0.640312 0.023730 0.032812
2 0.422715 0.636796 0.030322 0.044531
2 0.182115 0.716484 0.110742 0.110156
2 0.695615 0.622734 0.112060 0.217969
2 0.918418 0.637968 0.162158 0.225000
2 0.967856 0.847734 0.063281 0.241406
2 0.557188 0.703593 0.249170 0.440625
