3 0.136234 0.483544 0.061709 0.085232
3 0.373813 0.456118 0.041772 0.094515
3 0.413687 0.443460 0.028481 0.059072
3 0.295823 0.489451 0.113924 0.145148
3 0.494778 0.560197 0.226266 0.329395
3 0.066456 0.513924 0.132911 0.155274
4 0.135759 0.283544 0.028481 0.016878
4 0.564873 0.293671 0.049367 0.020253
4 0.340253 0.325738 0.043671 0.020253
4 0.311772 0.372152 0.009494 0.035443
4 0.688006 0.321519 0.010443 0.042194
4 0.600569 0.358650 0.011392 0.011814
4 0.594399 0.376371 0.012342 0.020253
4 0.687911 0.452320 0.009494 0.013502
9 0.656107 0.432067 0.023734 0.118143
2 0.521993 0.295640 0.008544 0.035443
2 0.373418 0.311674 0.009494 0.040506
2 0.299842 0.399719 0.008544 0.021941
2 0.601740 0.394655 0.016139 0.015190
4 0.677848 0.319550 0.011392 0.033755
3 0.888607 0.426723 0.028481 0.042194
3 0.970253 0.426723 0.026582 0.032067
3 0.929430 0.416596 0.022785 0.025316
2 0.366456 0.314487 0.007595 0.037131
2 0.383069 0.312799 0.008544 0.030380
2 0.512816 0.295077 0.008544 0.032067
2 0.134652 0.369339 0.023734 0.032067
