4 0.726597 0.158672 0.029004 0.025781
4 0.576304 0.247734 0.013184 0.016406
4 0.574326 0.223125 0.017139 0.028125
3 0.395030 0.339140 0.017139 0.025781
3 0.381187 0.341484 0.021094 0.025781
3 0.333726 0.360234 0.034277 0.039844
3 0.532139 0.318047 0.017139 0.030469
3 0.547300 0.320390 0.026367 0.035156
3 0.505113 0.312187 0.007910 0.018750
3 0.444468 0.321562 0.013184 0.014062
3 0.366685 0.348515 0.031641 0.039844
3 0.300767 0.374297 0.047461 0.053906
3 0.429966 0.326250 0.021094 0.018750
3 0.515000 0.314531 0.014502 0.018750
3 0.569053 0.322734 0.040869 0.053906
3 0.023821 0.464531 0.047642 0.112500
3 0.886777 0.386015 0.225439 0.278906
4 0.158384 0.319219 0.018457 0.018750
