9 0.219819 0.236553 0.008773 0.036393
9 0.261249 0.288543 0.009748 0.025995
9 0.357267 0.084917 0.014622 0.058922
9 0.518110 0.178498 0.010723 0.031194
9 0.607793 0.253017 0.008773 0.027728
9 0.680416 0.101380 0.007798 0.036393
9 0.329485 0.280745 0.007798 0.027728
2 0.038992 0.415052 0.077985 0.150770
2 0.128675 0.376926 0.120876 0.123042
2 0.207147 0.361329 0.041917 0.036393
2 0.390898 0.343999 0.037043 0.039859
2 0.369452 0.340533 0.017547 0.032927
2 0.702836 0.350931 0.155969 0.161168
2 0.605356 0.315404 0.048740 0.069320
5 0.557590 0.267747 0.062388 0.143838
2 0.456210 0.329268 0.019496 0.020796
2 0.434277 0.324936 0.016572 0.022529
2 0.468395 0.317137 0.010723 0.017330
7 0.495202 0.311072 0.023395 0.043325
2 0.514211 0.317137 0.012673 0.027728
