1 0.824908 0.602406 0.346734 0.364246
9 0.346495 0.594765 0.015761 0.043302
4 0.160949 0.452123 0.048715 0.022925
4 0.023402 0.367217 0.031521 0.053491
4 0.196769 0.544246 0.011462 0.025472
4 0.595424 0.540910 0.028656 0.017830
4 0.073550 0.396510 0.017193 0.025472
4 0.594367 0.507312 0.015761 0.022925
2 0.244051 0.429623 0.008597 0.045849
2 0.486908 0.467406 0.007164 0.033113
2 0.256230 0.434293 0.015761 0.038208
2 0.107936 0.514529 0.011462 0.035660
4 0.410595 0.563835 0.008597 0.022925
4 0.513414 0.546368 0.014328 0.022925
3 0.291674 0.593127 0.022925 0.040755
3 0.263018 0.598222 0.037252 0.050943
3 0.324628 0.575297 0.020059 0.020377
3 0.389103 0.595674 0.025790 0.035660
3 0.511606 0.605863 0.047282 0.056038
3 0.436385 0.574023 0.025790 0.038208
9 0.551008 0.604589 0.008597 0.048396
3 0.104696 0.665722 0.133249 0.201227
4 0.760911 0.451759 0.024357 0.012736
4 0.762344 0.468316 0.027223 0.020377
9 0.608933 0.607501 0.014328 0.038208
9 0.582427 0.597312 0.007164 0.035660
