1 0.114657 0.354552 0.135572 0.180000
3 0.254090 0.404891 0.103824 0.115932
3 0.387517 0.561138 0.331208 0.540000
3 0.808146 0.558414 0.380116 0.616925
1 0.201994 0.366428 0.088379 0.138814
3 0.634636 0.363705 0.073792 0.061017
3 0.562989 0.369806 0.026600 0.033559
2 0.234355 0.305738 0.023167 0.030508
2 0.260955 0.311077 0.012871 0.019831
2 0.356627 0.138378 0.013729 0.057966
4 0.353624 0.099044 0.007722 0.016780
2 0.711186 0.071586 0.021451 0.083898
2 0.832600 0.104383 0.036038 0.100678
2 0.422268 0.300835 0.004290 0.019831
4 0.172146 0.402058 0.034322 0.057966
2 0.391807 0.313583 0.005148 0.021356
4 0.802998 0.202010 0.030032 0.042712
4 0.813294 0.207349 0.035180 0.044237
4 0.580562 0.203852 0.036272 0.033282
2 0.716757 0.249478 0.010608 0.054355
2 0.917552 0.183587 0.011855 0.063229
4 0.722872 0.010538 0.018719 0.018858
