4 0.272946 0.343132 0.023395 0.041592
4 0.288906 0.300696 0.022669 0.029418
4 0.709660 0.296342 0.042892 0.017330
4 0.820788 0.390790 0.023395 0.012131
2 0.098456 0.408986 0.011698 0.020796
2 0.132574 0.181964 0.017547 0.062388
2 0.799830 0.413319 0.012673 0.022529
2 0.110641 0.175032 0.016572 0.072786
2 0.085783 0.363928 0.007798 0.045058
2 0.664332 0.278145 0.008773 0.057189
2 0.652146 0.284211 0.011698 0.048524
9 0.263686 0.467908 0.008773 0.013864
3 0.973258 0.511233 0.053439 0.065854
3 0.549792 0.478306 0.017547 0.020796
3 0.503976 0.483505 0.013647 0.017330
3 0.482042 0.483505 0.012673 0.017330
3 0.523472 0.480039 0.015597 0.010398
