9 0.601798 0.072668 0.035510 0.133543
9 0.538289 0.370106 0.017755 0.063130
9 0.773204 0.309404 0.017755 0.082554
9 0.613407 0.483010 0.006829 0.036421
9 0.620919 0.500701 0.008195 0.036421
9 0.168845 0.522553 0.010926 0.046133
9 0.775936 0.429073 0.020487 0.043705
9 0.546484 0.563830 0.006829 0.026709
5 0.411954 0.617768 0.027316 0.043705
5 0.423564 0.594701 0.015024 0.026709
5 0.324544 0.584989 0.103800 0.128687
2 0.383956 0.622624 0.015024 0.033993
2 0.435856 0.589845 0.012292 0.016996
5 0.463854 0.575277 0.010926 0.021853
2 0.450196 0.581347 0.010926 0.019424
2 0.497316 0.578919 0.012292 0.019424
2 0.485707 0.581347 0.013658 0.019424
