3 0.334846 0.571887 0.160843 0.235687
3 0.539069 0.525096 0.089682 0.093582
3 0.755963 0.506034 0.090657 0.103980
3 0.864655 0.502568 0.091632 0.110911
3 0.620953 0.492170 0.044841 0.048524
3 0.445975 0.469641 0.016572 0.024262
1 0.386999 0.465308 0.072136 0.147304
2 0.491303 0.402054 0.007798 0.020796
2 0.388461 0.365661 0.006824 0.024262
4 0.439638 0.434114 0.009748 0.019063
4 0.596095 0.388190 0.012673 0.013864
4 0.605843 0.397722 0.014622 0.015597
4 0.588784 0.419384 0.015597 0.013864
4 0.494228 0.432381 0.013647 0.012131
2 0.499102 0.444512 0.007798 0.015597
