9 0.267808 0.473906 0.007910 0.037500
9 0.351524 0.574687 0.009229 0.018750
9 0.021275 0.587578 0.013184 0.016406
9 0.106309 0.499687 0.009229 0.032812
9 0.098399 0.496172 0.009229 0.039844
9 0.282310 0.475078 0.013184 0.035156
9 0.433262 0.577031 0.019775 0.037500
2 0.362071 0.634453 0.032959 0.039844
2 0.408872 0.632109 0.073828 0.067969
2 0.245215 0.610546 0.013184 0.018750
2 0.220825 0.671484 0.035596 0.089062
2 0.050938 0.628593 0.030322 0.046875
2 0.017229 0.637968 0.034459 0.046875
2 0.007342 0.620390 0.014683 0.025781
2 0.255943 0.622734 0.029004 0.049219
2 0.122789 0.745781 0.229394 0.285937
