3 0.389756 0.568359 0.011865 0.016406
3 0.378550 0.568359 0.013184 0.021094
3 0.373277 0.578906 0.018457 0.032812
3 0.410191 0.574218 0.029004 0.037500
3 0.350865 0.584765 0.042187 0.053906
7 0.435899 0.558984 0.019775 0.044531
1 0.468199 0.547265 0.036914 0.007031
3 0.474790 0.571875 0.036914 0.046875
3 0.498521 0.569531 0.021094 0.032812
1 0.574326 0.576562 0.046143 0.056250
3 0.538731 0.589453 0.059326 0.067969
3 0.455015 0.590625 0.055371 0.065625
1 0.747031 0.576796 0.072510 0.093281
3 0.671226 0.570703 0.073828 0.072656
3 0.699570 0.610546 0.135791 0.105469
3 0.923691 0.633984 0.151611 0.260156
3 0.954014 0.547265 0.069873 0.039844
3 0.861729 0.546093 0.048779 0.023437
3 0.834043 0.543750 0.046143 0.037500
