2 0.308521 0.347275 0.005998 0.027725
2 0.460876 0.331279 0.005998 0.029858
2 0.468073 0.333412 0.005998 0.034123
4 0.309721 0.381398 0.015595 0.010664
4 0.138771 0.331279 0.023993 0.012796
4 0.873553 0.287559 0.029991 0.031991
4 0.536453 0.339810 0.015595 0.021327
3 0.444680 0.447512 0.011996 0.036256
3 0.426086 0.441113 0.022793 0.036256
3 0.464475 0.444312 0.037189 0.068246
3 0.508262 0.457109 0.038389 0.068246
1 0.373302 0.496564 0.113966 0.194076
1 0.248539 0.446445 0.094772 0.098104
3 0.300723 0.451777 0.021594 0.053317
9 0.682810 0.466706 0.022793 0.091706
9 0.733195 0.457109 0.015595 0.085308
9 0.947931 0.477369 0.037189 0.159952
9 0.804574 0.486966 0.021594 0.127962
0 0.837564 0.516824 0.022793 0.063981
7 0.602434 0.429384 0.145157 0.191943
