4 0.959952 0.183750 0.039023 0.082500
4 0.705245 0.399375 0.027422 0.041250
4 0.706827 0.433125 0.020039 0.018750
4 0.708409 0.461250 0.016875 0.030000
3 0.630890 0.552187 0.024258 0.024375
0 0.560753 0.555000 0.014766 0.052500
5 0.561280 0.575625 0.011602 0.045000
7 0.067159 0.533437 0.075937 0.095625
7 0.150480 0.539062 0.103359 0.133125
7 0.211124 0.525000 0.036914 0.157500
7 0.335050 0.538125 0.225703 0.258750
3 0.872937 0.732187 0.253119 0.530625
9 0.534386 0.551250 0.006328 0.026250
9 0.528058 0.553125 0.008437 0.026250
9 0.456866 0.560625 0.007383 0.033750
9 0.494835 0.554062 0.007383 0.031875
4 0.652110 0.474843 0.014502 0.046875
