9 0.028172 0.301194 0.014622 0.065854
9 0.382515 0.316791 0.007798 0.038126
9 0.301118 0.327189 0.008773 0.038126
9 0.324026 0.379179 0.005849 0.017330
9 0.393237 0.319390 0.009748 0.032927
9 0.672033 0.307259 0.009748 0.039859
9 0.657410 0.307259 0.009748 0.032927
9 0.392653 0.418171 0.007798 0.012131
5 0.825419 0.457250 0.347032 0.466695
2 0.492522 0.480905 0.012673 0.027728
2 0.506656 0.485238 0.027295 0.036393
2 0.432571 0.478306 0.011698 0.039859
2 0.338502 0.461842 0.006824 0.013864
2 0.321382 0.529120 0.058367 0.148418
2 0.408566 0.475954 0.016572 0.025995
2 0.460231 0.485485 0.055564 0.076252
2 0.523106 0.490684 0.033143 0.038126
2 0.163890 0.556538 0.277820 0.454044
7 0.371036 0.458995 0.031194 0.048524
