3 0.548467 0.585773 0.019716 0.030928
3 0.598686 0.587835 0.048711 0.068041
3 0.489897 0.580619 0.013918 0.028866
4 0.414046 0.512990 0.029227 0.054433
4 0.817191 0.460206 0.062629 0.106392
4 0.766160 0.411134 0.030155 0.090722
3 0.657139 0.610103 0.092784 0.096907
3 0.514755 0.608935 0.063789 0.087973
4 0.491869 0.517526 0.019716 0.020619
4 0.516224 0.515464 0.024356 0.024742
3 0.515181 0.553608 0.016237 0.018557
4 0.591727 0.527835 0.011598 0.016495
4 0.585348 0.507217 0.012758 0.020619
3 0.901639 0.514752 0.014346 0.011902
3 0.980541 0.519852 0.022953 0.015302
