2 0.507944 0.553288 0.022721 0.031890
2 0.533057 0.546910 0.020330 0.040394
7 0.556975 0.544784 0.017938 0.040394
2 0.467285 0.568169 0.056206 0.074409
7 0.157555 0.562854 0.070556 0.085039
7 0.083711 0.557540 0.167421 0.104173
2 0.021526 0.607500 0.043051 0.080787
2 0.608696 0.576673 0.071752 0.099921
7 0.727685 0.590492 0.192535 0.208347
2 0.876869 0.569232 0.066969 0.059528
2 0.970745 0.577736 0.046639 0.038268
9 0.234988 0.403406 0.010763 0.053150
9 0.368925 0.333248 0.015546 0.048898
9 0.475955 0.334311 0.009567 0.046772
9 0.698386 0.333248 0.011959 0.048898
9 0.793457 0.328996 0.013155 0.048898
9 0.961776 0.398091 0.014350 0.046772
