9 0.106734 0.222000 0.012656 0.051000
9 0.123187 0.225000 0.015187 0.048000
9 0.143016 0.292500 0.016031 0.042000
9 0.145125 0.338250 0.013500 0.028500
2 0.764297 0.420500 0.026156 0.039000
2 0.729281 0.407000 0.052312 0.078000
2 0.672328 0.426500 0.026156 0.057000
2 0.626203 0.408250 0.073406 0.100500
2 0.707203 0.436000 0.056531 0.078000
9 0.802687 0.345500 0.013500 0.027000
9 0.787922 0.233000 0.009281 0.048000
9 0.633937 0.169000 0.011812 0.054000
9 0.621281 0.169750 0.008437 0.049500
9 0.647437 0.165250 0.013500 0.052500
