2 0.058001 0.688864 0.114053 0.209692
7 0.238341 0.621278 0.262223 0.355263
5 0.505925 0.617812 0.154020 0.331001
2 0.411369 0.655937 0.042892 0.084917
9 0.314376 0.342266 0.016572 0.053723
9 0.302190 0.345732 0.007798 0.050257
9 0.329972 0.347465 0.014622 0.046791
9 0.525421 0.411586 0.009748 0.043325
9 0.547355 0.410719 0.006824 0.041592
9 0.536632 0.410719 0.006824 0.045058
9 0.704786 0.569288 0.009748 0.019063
9 0.839797 0.531162 0.020471 0.032927
9 0.865629 0.529429 0.019496 0.032927
9 0.695525 0.568421 0.008773 0.020796
2 0.845646 0.667202 0.139398 0.083184
2 0.641911 0.657670 0.045816 0.060655
2 0.590246 0.632542 0.014622 0.086650
2 0.590734 0.604814 0.017547 0.072786
2 0.632650 0.628209 0.027295 0.036393
2 0.721358 0.612613 0.035093 0.019063
2 0.628264 0.606547 0.018521 0.010398
2 0.603893 0.606547 0.004874 0.013864
7 0.614129 0.600482 0.011698 0.019063
