2 0.350670 0.357652 0.018353 0.039426
2 0.196960 0.433785 0.021412 0.025831
2 0.169430 0.438543 0.016824 0.029909
2 0.511646 0.378724 0.011471 0.035347
2 0.313581 0.455537 0.013000 0.023112
2 0.433643 0.446474 0.009941 0.017674
2 0.476086 0.451912 0.009177 0.017674
4 0.534120 0.397531 0.033648 0.020393
4 0.299816 0.348135 0.014530 0.028550
3 0.433601 0.507100 0.011471 0.020393
3 0.427865 0.508459 0.009177 0.017674
3 0.420218 0.506420 0.010706 0.016314
3 0.411424 0.509139 0.011471 0.021752
3 0.394982 0.507100 0.026001 0.036707
3 0.494014 0.507100 0.013000 0.023112
3 0.503191 0.511178 0.020648 0.033988
3 0.367452 0.509819 0.045884 0.050302
3 0.522692 0.519335 0.041295 0.051662
3 0.466102 0.513217 0.053531 0.082931
3 0.104385 0.509819 0.133063 0.059819
3 0.023133 0.519335 0.046266 0.059819
9 0.053913 0.521375 0.018353 0.091088
9 0.249684 0.500982 0.013765 0.069335
3 0.564879 0.529305 0.045884 0.081571
3 0.604263 0.536103 0.072649 0.122356
3 0.655882 0.552417 0.090238 0.168580
3 0.760267 0.576888 0.224065 0.247432
3 0.894651 0.669588 0.209535 0.482628
