2 0.856439 0.410886 0.200996 0.203986
2 0.668669 0.410182 0.096542 0.106917
2 0.322973 0.415810 0.068054 0.087222
2 0.296747 0.402579 0.033236 0.063306
2 0.278546 0.374443 0.028488 0.060492
2 0.261928 0.369847 0.014244 0.035170
2 0.242145 0.352262 0.011079 0.028136
2 0.252037 0.367737 0.008705 0.025322
2 0.123842 0.343822 0.078341 0.047831
2 0.191500 0.354513 0.020574 0.029543
9 0.177257 0.319343 0.015826 0.025322
9 0.214053 0.309496 0.011870 0.022509
9 0.515548 0.303869 0.019783 0.045018
9 0.017409 0.124033 0.034818 0.060492
9 0.007122 0.270574 0.014244 0.045018
9 0.793786 0.113907 0.054601 0.122392
