3 0.527946 0.454592 0.010332 0.034898
3 0.533629 0.453673 0.013431 0.036735
3 0.543444 0.454592 0.018597 0.038571
3 0.563074 0.450000 0.037194 0.069796
3 0.604646 0.456428 0.060957 0.086327
3 0.635124 0.466531 0.051658 0.084490
3 0.696081 0.463775 0.103316 0.141429
3 0.850849 0.478163 0.223163 0.242449
3 0.295312 0.476326 0.025829 0.055102
3 0.265867 0.491020 0.037194 0.047755
3 0.219375 0.502959 0.064056 0.060612
3 0.362468 0.480000 0.025829 0.044082
3 0.329923 0.489184 0.064056 0.088163
3 0.430370 0.493641 0.126046 0.207551
9 0.957452 0.509311 0.077680 0.356664
2 0.476362 0.379548 0.007232 0.020204
4 0.514072 0.406968 0.012398 0.014694
9 0.753912 0.412160 0.012617 0.056738
9 0.768485 0.408386 0.016531 0.064286
9 0.190116 0.469441 0.013765 0.040785
9 0.207323 0.459245 0.016059 0.032628
3 0.509008 0.444970 0.022942 0.040785
