2 0.535129 0.339925 0.011890 0.015939
2 0.524896 0.343044 0.014813 0.022177
2 0.513786 0.340965 0.015593 0.036037
2 0.494295 0.349974 0.024949 0.056827
2 0.261961 0.390862 0.176200 0.196817
2 0.019987 0.568232 0.039975 0.170482
2 0.548481 0.343737 0.013254 0.013860
2 0.561735 0.338886 0.013254 0.018018
2 0.574599 0.337500 0.010915 0.020791
2 0.585514 0.336114 0.010915 0.026335
2 0.599158 0.341658 0.016373 0.034651
2 0.612801 0.345816 0.010915 0.031879
2 0.634242 0.350667 0.031965 0.055441
2 0.727721 0.347618 0.083266 0.185174
2 0.768964 0.364943 0.078744 0.184897
2 0.844668 0.374923 0.148133 0.239784
2 0.939551 0.422048 0.118974 0.331263
9 0.448417 0.164404 0.013651 0.038215
9 0.586879 0.159925 0.008119 0.041628
9 0.686400 0.247269 0.020271 0.036037
9 0.783154 0.227864 0.013254 0.027721
9 0.529379 0.278593 0.010915 0.019405
9 0.543803 0.307700 0.010135 0.013860
9 0.560955 0.318095 0.007017 0.015246
2 0.123592 0.458699 0.245978 0.202062
9 0.578180 0.160760 0.006959 0.043299
9 0.393773 0.294781 0.013918 0.026804
