2 0.916451 0.748791 0.165456 0.370655
2 0.431265 0.512505 0.041125 0.091814
2 0.274894 0.443645 0.017215 0.022103
2 0.168257 0.434293 0.043038 0.030605
2 0.135739 0.438544 0.021997 0.022103
2 0.108960 0.429192 0.033474 0.027204
2 0.082660 0.429192 0.013389 0.017003
2 0.035796 0.426642 0.068860 0.045907
2 0.475737 0.462347 0.017215 0.015302
2 0.461391 0.461497 0.013389 0.017003
2 0.448480 0.458947 0.014346 0.015302
2 0.433177 0.458947 0.012433 0.015302
2 0.418148 0.457247 0.013799 0.011902
2 0.592895 0.469998 0.016259 0.020403
2 0.566594 0.469148 0.022953 0.018703
2 0.099875 0.474249 0.078424 0.076511
2 0.178777 0.489551 0.088944 0.090113
2 0.330365 0.592295 0.214232 0.324748
9 0.328931 0.312725 0.014346 0.035705
9 0.510167 0.259167 0.013389 0.040806
9 0.429830 0.407089 0.007651 0.017003
9 0.475737 0.413040 0.007651 0.018703
9 0.138130 0.228563 0.015302 0.034005
9 0.374359 0.399802 0.005738 0.017003
9 0.294500 0.376849 0.010520 0.022103
9 0.254332 0.371141 0.006695 0.020403
2 0.676647 0.488944 0.043038 0.034005
2 0.622133 0.477042 0.054514 0.034005
2 0.810542 0.493923 0.085119 0.083312
