4 0.070016 0.463040 0.018404 0.029874
4 0.220851 0.471576 0.016004 0.007113
4 0.197646 0.484379 0.008002 0.009958
4 0.216850 0.485801 0.006401 0.009958
4 0.274463 0.433878 0.027206 0.031296
4 0.273263 0.504294 0.008802 0.009958
4 0.273263 0.517097 0.007202 0.012803
2 0.438235 0.466122 0.009602 0.017071
2 0.497848 0.496707 0.008802 0.015648
2 0.528255 0.467545 0.008802 0.022761
2 0.366218 0.464937 0.008002 0.018493
2 0.390223 0.491965 0.006401 0.012803
2 0.299002 0.494811 0.011203 0.012803
4 0.389423 0.474895 0.006401 0.015648
2 0.240456 0.470627 0.008802 0.015648
3 0.048011 0.530504 0.041610 0.031511
3 0.014403 0.528478 0.028807 0.035564
3 0.304470 0.517808 0.013603 0.017071
3 0.449304 0.512118 0.010402 0.014226
3 0.439702 0.527766 0.018404 0.034141
3 0.402493 0.516386 0.014403 0.028451
3 0.416096 0.529189 0.032007 0.042677
3 0.479311 0.571154 0.094422 0.135142
3 0.366085 0.548393 0.077618 0.095311
3 0.338878 0.506428 0.058413 0.105269
3 0.534123 0.514963 0.016804 0.022761
3 0.547326 0.520654 0.011203 0.014226
3 0.559329 0.522787 0.017604 0.024183
3 0.578133 0.523499 0.023205 0.031296
3 0.592937 0.521365 0.014403 0.027028
3 0.607740 0.526344 0.031207 0.042677
3 0.646949 0.528478 0.024806 0.035564
3 0.675356 0.524210 0.040009 0.052634
3 0.721367 0.538435 0.087220 0.112382
3 0.769378 0.543414 0.015204 0.042677
3 0.803786 0.539858 0.074417 0.072550
3 0.888125 0.547682 0.122428 0.093888
3 0.969344 0.551238 0.059214 0.115227
3 0.984147 0.591781 0.031207 0.079663
3 0.142033 0.549105 0.156036 0.162171
3 0.082819 0.852819 0.007202 0.007113
