9 0.488231 0.291203 0.006864 0.013729
9 0.457341 0.304169 0.005148 0.015254
9 0.411006 0.292729 0.006864 0.016780
2 0.481152 0.346271 0.054915 0.086949
2 0.405643 0.339407 0.018877 0.024407
2 0.387624 0.337881 0.024025 0.024407
2 0.374754 0.340169 0.013729 0.016780
2 0.333996 0.347797 0.018019 0.025932
2 0.358880 0.334830 0.012871 0.015254
2 0.346438 0.337881 0.006864 0.015254
2 0.450262 0.329491 0.017161 0.013729
2 0.510755 0.337881 0.011155 0.024407
2 0.529203 0.338644 0.024025 0.038136
2 0.717116 0.386695 0.094386 0.128136
2 0.575108 0.353136 0.062638 0.073220
2 0.867980 0.414513 0.234800 0.205127
2 0.966037 0.500519 0.064475 0.175755
