4 0.941177 0.603948 0.020471 0.022529
4 0.948001 0.570154 0.016572 0.024262
4 0.929967 0.436714 0.038992 0.048524
4 0.924118 0.378659 0.044841 0.064121
4 0.742804 0.691464 0.015597 0.013864
4 0.389923 0.754718 0.011698 0.025995
4 0.234929 0.639474 0.046791 0.027728
4 0.135011 0.666335 0.016572 0.015597
4 0.114053 0.700995 0.021446 0.012131
4 0.037043 0.720925 0.025345 0.027728
4 0.323149 0.790244 0.010723 0.020796
2 0.135011 0.709660 0.014622 0.060655
2 0.275871 0.648139 0.013647 0.051990
2 0.318762 0.745186 0.007798 0.013864
2 0.309014 0.788511 0.007798 0.017330
2 0.408444 0.701862 0.005849 0.031194
2 0.746215 0.731323 0.012673 0.013864
2 0.101867 0.772914 0.020471 0.027728
2 0.290005 0.642073 0.006824 0.043325
2 0.927042 0.540693 0.021446 0.055456
2 0.730618 0.636874 0.010723 0.022529
2 0.733056 0.660270 0.009748 0.024262
3 0.417218 0.820572 0.027295 0.043325
3 0.369940 0.858697 0.108204 0.206226
3 0.804704 0.828370 0.125750 0.180231
3 0.074663 0.893357 0.148964 0.209692
3 0.216407 0.887292 0.286594 0.221823
3 0.590246 0.785912 0.320712 0.424583
3 0.904134 0.798043 0.190088 0.400321
