2 0.338752 0.659801 0.008046 0.010728
2 0.331208 0.658013 0.005029 0.017881
7 0.324168 0.654437 0.013075 0.025033
2 0.320647 0.664271 0.010058 0.023245
2 0.312098 0.662483 0.011064 0.030397
2 0.296508 0.663377 0.018104 0.046490
2 0.285947 0.673212 0.015087 0.037550
2 0.270358 0.661589 0.024139 0.057219
2 0.265329 0.675894 0.018104 0.060795
2 0.246721 0.673212 0.031180 0.076887
2 0.220571 0.664271 0.035203 0.109073
2 0.140107 0.659801 0.145840 0.168079
2 0.350318 0.654437 0.007041 0.014305
2 0.361382 0.665166 0.007041 0.021457
2 0.368423 0.661589 0.011064 0.028609
2 0.392059 0.662483 0.038220 0.059007
2 0.451401 0.687517 0.072417 0.119801
2 0.915072 0.710762 0.166962 0.169868
9 0.778284 0.557881 0.028162 0.032185
