9 0.717974 0.441610 0.015445 0.024407
9 0.547222 0.239491 0.011155 0.062542
9 0.559664 0.242542 0.012013 0.056441
9 0.532635 0.242542 0.018019 0.059492
9 0.039685 0.351610 0.012013 0.048814
9 0.385479 0.444661 0.003432 0.015254
9 0.460559 0.446186 0.004290 0.015254
9 0.031962 0.517119 0.015445 0.022881
2 0.289807 0.531610 0.030032 0.021356
2 0.182979 0.595678 0.082373 0.088475
2 0.404356 0.556017 0.113263 0.103729
5 0.337857 0.491949 0.069502 0.064068
5 0.367031 0.495000 0.055773 0.061017
5 0.435675 0.482797 0.050625 0.073220
2 0.489732 0.518644 0.042044 0.062542
2 0.507751 0.534661 0.040328 0.061017
2 0.502603 0.558305 0.028316 0.065593
2 0.531348 0.493474 0.034322 0.018305
2 0.559235 0.506441 0.035180 0.025932
2 0.590124 0.527034 0.031748 0.042712
2 0.613721 0.531610 0.061780 0.042712
2 0.319838 0.588813 0.210222 0.114407
2 0.541644 0.557542 0.084947 0.097627
2 0.657910 0.566695 0.192203 0.106780
2 0.917042 0.556780 0.163030 0.135763
