3 0.555079 0.336148 0.017810 0.029551
3 0.528958 0.338259 0.024934 0.033773
3 0.512929 0.342480 0.011873 0.016887
3 0.496306 0.346702 0.016623 0.042216
3 0.483245 0.345646 0.033245 0.065435
3 0.458905 0.354090 0.039182 0.073879
3 0.429815 0.368865 0.066491 0.099208
3 0.395976 0.355145 0.027309 0.067546
3 0.353232 0.366755 0.077177 0.094987
3 0.298021 0.391029 0.094987 0.113984
7 0.841333 0.275060 0.314209 0.483377
9 0.229987 0.353351 0.027309 0.118206
4 0.075633 0.122005 0.046306 0.033773
4 0.059604 0.169499 0.033245 0.027441
2 0.048325 0.250765 0.027309 0.050660
2 0.555910 0.268918 0.009499 0.016887
2 0.504261 0.274195 0.010686 0.023219
9 0.661176 0.336046 0.009499 0.034021
9 0.628524 0.336977 0.010686 0.048549
9 0.569751 0.338937 0.011873 0.039804
