9 0.238280 0.266082 0.016528 0.062031
9 0.440750 0.275060 0.015610 0.060399
9 0.697854 0.439934 0.010101 0.031016
9 0.762130 0.214661 0.028465 0.086518
9 0.666175 0.344438 0.016528 0.062031
9 0.984851 0.378021 0.022037 0.068561
5 0.013365 0.503716 0.023874 0.071826
2 0.073968 0.530651 0.027547 0.073458
2 0.290160 0.524819 0.009182 0.017956
2 0.310820 0.528900 0.011937 0.019589
2 0.301179 0.528083 0.014692 0.021221
2 0.333317 0.525635 0.009182 0.029383
2 0.323676 0.526451 0.019283 0.027751
2 0.351733 0.528202 0.035811 0.058767
2 0.664006 0.536409 0.108351 0.055502
7 0.761338 0.502128 0.211193 0.130593
2 0.824236 0.538041 0.079886 0.055502
2 0.857214 0.552551 0.112787 0.085714
2 0.903276 0.559439 0.137755 0.099490
2 0.956656 0.567092 0.084375 0.111735
5 0.186632 0.442377 0.210938 0.324490
