9 0.332897 0.299808 0.012673 0.045058
9 0.500564 0.324069 0.014622 0.038126
9 0.433302 0.422850 0.008773 0.020796
9 0.161331 0.392523 0.010723 0.046791
9 0.274408 0.427182 0.010723 0.015597
9 0.567338 0.421983 0.005849 0.015597
9 0.578061 0.421983 0.007798 0.015597
2 0.417705 0.467908 0.010723 0.020796
2 0.403083 0.467908 0.020471 0.027728
2 0.388948 0.471374 0.013647 0.020796
2 0.378225 0.475706 0.017547 0.025995
2 0.355805 0.481772 0.025345 0.031194
2 0.469370 0.472240 0.012673 0.015597
2 0.480093 0.471374 0.010723 0.020796
2 0.491303 0.470507 0.011698 0.025995
2 0.500076 0.473973 0.013647 0.029461
2 0.183264 0.512099 0.107229 0.112644
2 0.328998 0.484371 0.036068 0.046791
2 0.527858 0.478306 0.036068 0.048524
2 0.587322 0.485238 0.071161 0.103980
2 0.657508 0.506034 0.131599 0.131707
2 0.829066 0.539940 0.293401 0.310432
2 0.087733 0.532028 0.140372 0.142105
2 0.020471 0.552824 0.040942 0.121309
9 0.464903 0.426797 0.009229 0.030469
2 0.451719 0.469218 0.022412 0.028125
2 0.431944 0.473672 0.014502 0.030469
