2 0.142241 0.201308 0.026600 0.077797
2 0.013963 0.369868 0.017161 0.073220
2 0.030266 0.376732 0.017161 0.065593
2 0.421537 0.380545 0.013729 0.036610
2 0.670801 0.075461 0.045477 0.149492
2 0.757464 0.055630 0.033464 0.106780
4 0.964683 0.269190 0.044619 0.082373
4 0.762612 0.479698 0.012871 0.030508
3 0.113497 0.498766 0.025742 0.028983
3 0.062443 0.586478 0.122701 0.295932
4 0.612801 0.407495 0.012474 0.019405
3 0.340315 0.477490 0.011695 0.015246
2 0.721350 0.204797 0.024403 0.093147
2 0.682950 0.206073 0.029428 0.088044
4 0.699458 0.479773 0.017944 0.079112
