2 0.298520 0.370132 0.024139 0.107285
2 0.387030 0.195795 0.024139 0.116225
2 0.885904 0.221722 0.058336 0.139470
2 0.280918 0.395166 0.017099 0.035762
2 0.264323 0.382649 0.012070 0.060795
6 0.962847 0.658907 0.071411 0.327219
3 0.522309 0.584702 0.099574 0.143046
3 0.463973 0.562351 0.047272 0.073311
3 0.474031 0.522119 0.037214 0.010728
4 0.390047 0.125166 0.022127 0.035762
4 0.408654 0.383543 0.027156 0.041126
4 0.407146 0.421093 0.018104 0.030397
4 0.430782 0.453278 0.013075 0.076887
4 0.793874 0.223510 0.051296 0.135894
4 0.756156 0.224404 0.026151 0.137682
4 0.928147 0.069735 0.068394 0.128742
4 0.966368 0.287881 0.048278 0.075099
4 0.798400 0.325430 0.036209 0.064371
4 0.821533 0.346887 0.024139 0.053642
4 0.860759 0.356722 0.032185 0.062583
4 0.883892 0.466689 0.012070 0.042914
4 0.892944 0.077781 0.030174 0.116225
