3 0.640222 0.563388 0.021594 0.100237
3 0.374501 0.533175 0.039588 0.085308
3 0.339712 0.555568 0.082775 0.091706
1 0.685209 0.474526 0.133160 0.147156
3 0.752989 0.595023 0.230332 0.260189
3 0.523257 0.596090 0.245927 0.454265
2 0.404492 0.441469 0.005998 0.029858
2 0.342711 0.467061 0.004799 0.021327
9 0.301923 0.523578 0.011996 0.027725
9 0.271932 0.536374 0.007198 0.049052
5 0.234143 0.576895 0.017995 0.057583
0 0.234143 0.538507 0.022793 0.070379
9 0.177160 0.548104 0.028791 0.106635
9 0.125575 0.544905 0.026392 0.104502
9 0.149568 0.550237 0.014396 0.072512
9 0.100383 0.541706 0.011996 0.085308
9 0.085987 0.545971 0.023993 0.098104
9 0.059595 0.542772 0.023993 0.087441
9 0.016408 0.545971 0.026392 0.089573
9 0.006404 0.542772 0.012809 0.083175
9 0.041600 0.541706 0.019194 0.085308
9 0.992009 0.579028 0.014977 0.155687
9 0.951530 0.564099 0.037189 0.138626
9 0.931736 0.554502 0.016795 0.106635
