9 0.526739 0.221533 0.019891 0.093606
9 0.500412 0.257935 0.004680 0.016641
9 0.462970 0.539792 0.009361 0.056163
9 0.516793 0.580355 0.009361 0.037442
9 0.546045 0.557473 0.007020 0.029122
9 0.627950 0.555393 0.007020 0.029122
9 0.644331 0.591795 0.007020 0.018721
9 0.602793 0.588675 0.008190 0.029122
9 0.715705 0.621264 0.014041 0.020801
9 0.127745 0.416025 0.054993 0.095686
9 0.361759 0.566834 0.012871 0.039522
9 0.064561 0.418105 0.057333 0.095686
9 0.337772 0.568914 0.011701 0.035362
9 0.150561 0.090485 0.039782 0.151849
9 0.553650 0.219453 0.024571 0.097766
9 0.462970 0.614677 0.009361 0.018721
9 0.452439 0.614677 0.009361 0.018721
9 0.219010 0.636518 0.017551 0.024961
2 0.426783 0.665640 0.062014 0.064484
2 0.410987 0.686441 0.032762 0.056163
2 0.384076 0.689561 0.039782 0.066564
2 0.319722 0.701002 0.098286 0.114407
7 0.316211 0.642759 0.100626 0.114407
2 0.217341 0.710363 0.106476 0.116487
2 0.095068 0.691641 0.028082 0.074884
2 0.176388 0.678121 0.031592 0.035362
2 0.466565 0.663560 0.019891 0.035362
2 0.486457 0.667720 0.019891 0.031202
2 0.561341 0.650039 0.015211 0.020801
2 0.711695 0.710363 0.037442 0.104006
2 0.616919 0.714523 0.168490 0.158089
2 0.516147 0.703082 0.083953 0.110247
2 0.014437 0.751965 0.028874 0.093606
