2 0.982275 0.491350 0.025728 0.048511
2 0.422178 0.489271 0.014813 0.027721
2 0.439720 0.485806 0.026508 0.062372
2 0.406585 0.489271 0.017932 0.052669
2 0.352400 0.487885 0.028067 0.044353
2 0.531328 0.489271 0.021050 0.047125
2 0.116557 0.526001 0.173861 0.155236
2 0.275215 0.487608 0.065490 0.066530
2 0.381636 0.488301 0.042881 0.054055
2 0.482990 0.502854 0.086541 0.119199
9 0.143065 0.144148 0.016373 0.063758
9 0.103303 0.331263 0.008576 0.027721
9 0.110710 0.413039 0.010915 0.022177
9 0.607344 0.313937 0.010915 0.037423
9 0.683359 0.422741 0.008576 0.016632
9 0.298994 0.392110 0.005458 0.012474
