2 0.402839 0.493903 0.076035 0.095315
5 0.585616 0.441913 0.160843 0.258216
2 0.837604 0.471374 0.041917 0.025995
2 0.871722 0.467041 0.036068 0.031194
2 0.900966 0.470507 0.032169 0.027728
2 0.935572 0.473973 0.040942 0.024262
2 0.968228 0.470507 0.034118 0.024262
2 0.868797 0.525096 0.104304 0.084917
2 0.980413 0.508633 0.035093 0.058922
2 0.966278 0.577086 0.063363 0.084917
2 0.693819 0.577953 0.313888 0.298075
9 0.340939 0.411586 0.004874 0.013864
9 0.374570 0.413319 0.005849 0.020796
9 0.391629 0.421117 0.006824 0.015597
9 0.411125 0.421117 0.006824 0.015597
