9 0.235903 0.363928 0.015597 0.041592
9 0.397722 0.379525 0.007798 0.024262
9 0.356780 0.426316 0.007798 0.013864
9 0.247114 0.365661 0.008773 0.038126
9 0.147196 0.356996 0.017547 0.031194
9 0.186676 0.459243 0.018521 0.024262
9 0.497639 0.438447 0.012673 0.020796
2 0.394797 0.459243 0.015597 0.017330
2 0.367015 0.465308 0.018521 0.032927
2 0.435252 0.464442 0.022421 0.031194
2 0.457185 0.486104 0.033143 0.043325
2 0.020471 0.566688 0.040942 0.169833
2 0.409700 0.454775 0.008057 0.010743
2 0.379486 0.439556 0.004029 0.019695
2 0.389054 0.441346 0.007050 0.019695
2 0.409700 0.439556 0.004029 0.016114
2 0.414232 0.439556 0.005036 0.016114
