9 0.311858 0.220380 0.007796 0.036037
9 0.704020 0.086627 0.018711 0.059600
9 0.301333 0.233348 0.010135 0.056429
9 0.317316 0.218994 0.009356 0.038809
9 0.684529 0.092171 0.010915 0.059600
9 0.712596 0.103260 0.018711 0.087320
9 0.715715 0.227310 0.009356 0.060986
9 0.237402 0.361062 0.011695 0.023563
9 0.737545 0.324333 0.012474 0.019405
2 0.438551 0.413039 0.021050 0.038809
2 0.451415 0.401951 0.021830 0.044353
2 0.478313 0.405416 0.039762 0.062372
2 0.506770 0.407495 0.015593 0.041581
2 0.519634 0.401951 0.016373 0.038809
2 0.537566 0.391555 0.024169 0.042967
2 0.549260 0.388783 0.011695 0.031879
2 0.555108 0.391555 0.015593 0.029107
2 0.562904 0.391555 0.012474 0.020791
2 0.567192 0.388783 0.016373 0.023563
2 0.582005 0.391555 0.011695 0.018018
2 0.597208 0.395713 0.028067 0.042967
2 0.949399 0.372890 0.100195 0.086719
2 0.984688 0.389476 0.029618 0.069302
2 0.413992 0.415811 0.043660 0.044353
