9 0.285820 0.069375 0.019688 0.106250
9 0.621563 0.212500 0.021797 0.082500
9 0.606797 0.225625 0.018984 0.066250
9 0.041933 0.428750 0.013359 0.022500
9 0.244784 0.413125 0.007031 0.023750
9 0.249003 0.415625 0.005625 0.023750
9 0.399472 0.335000 0.014063 0.035000
9 0.645073 0.395125 0.021797 0.038750
9 0.436641 0.459792 0.007031 0.013750
2 0.282305 0.498333 0.013359 0.030000
2 0.294258 0.508333 0.026016 0.065000
2 0.170156 0.502083 0.039375 0.042500
5 0.237656 0.471875 0.078750 0.102500
2 0.104766 0.501875 0.097031 0.096250
2 0.367031 0.519375 0.130781 0.218750
