2 0.281365 0.431633 0.056824 0.076531
2 0.321658 0.404847 0.049592 0.078061
2 0.505648 0.415561 0.028412 0.044388
2 0.579260 0.414031 0.022385 0.041327
2 0.611977 0.414031 0.051658 0.065816
2 0.622309 0.421684 0.032717 0.053571
2 0.657781 0.425510 0.056824 0.067347
2 0.756276 0.467602 0.170472 0.148469
2 0.906478 0.513521 0.184248 0.338265
2 0.567896 0.382653 0.036161 0.039796
2 0.363674 0.404847 0.030995 0.062755
9 0.156266 0.150765 0.012915 0.059694
9 0.742070 0.342092 0.011193 0.022959
9 0.587267 0.364286 0.009471 0.018367
9 0.161776 0.365051 0.014636 0.026020
9 0.361091 0.244133 0.010332 0.044388
9 0.419206 0.344388 0.007749 0.021429
9 0.490236 0.345153 0.006888 0.022959
9 0.581499 0.221939 0.012054 0.036735
9 0.949391 0.104082 0.021524 0.073469
2 0.546888 0.443112 0.074043 0.093367
2 0.433757 0.465459 0.134311 0.231123
2 0.108052 0.434847 0.024968 0.041327
2 0.144643 0.436425 0.012054 0.035299
2 0.984707 0.851912 0.029779 0.172059
