9 0.559891 0.430402 0.005616 0.031060
9 0.552091 0.430402 0.007488 0.026623
9 0.413569 0.428184 0.004992 0.026623
9 0.553651 0.516927 0.004368 0.008874
9 0.287901 0.489195 0.007488 0.024404
2 0.560889 0.538003 0.003120 0.015530
2 0.395755 0.560743 0.016223 0.039934
2 0.526477 0.565181 0.015599 0.022186
2 0.416658 0.564626 0.041806 0.063229
2 0.549252 0.567399 0.019967 0.024404
2 0.639416 0.579047 0.049294 0.061011
2 0.785695 0.606139 0.106075 0.125349
2 0.165353 0.625552 0.330706 0.374938
2 0.479211 0.576822 0.081116 0.157361
7 0.901754 0.615013 0.194679 0.191906
9 0.548091 0.531406 0.004678 0.011088
