9 0.696541 0.513710 0.014351 0.023295
9 0.634067 0.521179 0.006864 0.016639
9 0.116169 0.468673 0.008112 0.038825
9 0.125529 0.511935 0.010608 0.025514
9 0.253443 0.524322 0.008112 0.017749
9 0.527159 0.431097 0.008112 0.028751
9 0.685233 0.516372 0.005616 0.023295
2 0.472470 0.557336 0.013727 0.019967
2 0.457495 0.574530 0.029951 0.049918
2 0.423176 0.577304 0.057405 0.077650
2 0.596328 0.592279 0.068013 0.074322
2 0.820602 0.593388 0.028079 0.045481
2 0.217265 0.580077 0.092348 0.118693
2 0.134277 0.598935 0.152249 0.138661
2 0.480983 0.571361 0.016847 0.027732
7 0.489718 0.563596 0.021839 0.045481
2 0.333012 0.605986 0.155369 0.206327
2 0.532639 0.588238 0.064893 0.110928
7 0.518709 0.539683 0.025583 0.033088
2 0.046049 0.623418 0.091100 0.148644
2 0.797340 0.579971 0.035566 0.056574
9 0.351230 0.441314 0.007017 0.027721
