2 0.296575 0.356027 0.012236 0.025831
2 0.308429 0.367583 0.019118 0.038066
2 0.328312 0.364184 0.028295 0.047583
2 0.517964 0.400891 0.071120 0.110121
2 0.578760 0.436239 0.116239 0.131873
2 0.278987 0.378459 0.044354 0.089728
2 0.261780 0.393414 0.058884 0.092447
2 0.267516 0.408369 0.050472 0.067976
5 0.380835 0.315242 0.097885 0.183535
2 0.413637 0.496585 0.194241 0.300453
2 0.197602 0.417053 0.124651 0.135952
2 0.738264 0.514938 0.256184 0.252870
2 0.024813 0.586313 0.049627 0.362991
2 0.936711 0.661086 0.125415 0.273263
2 0.152146 0.336162 0.027438 0.014955
2 0.969595 0.272264 0.059649 0.074773
2 0.110083 0.336663 0.017139 0.021094
2 0.038892 0.335993 0.022412 0.016406
