2 0.017977 0.384536 0.035954 0.030928
2 0.026095 0.392784 0.038273 0.018557
2 0.046972 0.396907 0.022036 0.022680
7 0.088724 0.386942 0.059149 0.049485
7 0.118299 0.391065 0.046392 0.045361
7 0.136276 0.396220 0.012758 0.047423
2 0.268492 0.426804 0.017397 0.053608
2 0.283570 0.402062 0.045232 0.065979
5 0.311405 0.400687 0.033634 0.037113
7 0.204704 0.400000 0.131057 0.239175
2 0.370747 0.406529 0.030155 0.018557
2 0.387565 0.409622 0.012758 0.016495
2 0.375967 0.412715 0.017397 0.026804
2 0.401482 0.414777 0.017397 0.030928
2 0.415979 0.415808 0.018557 0.032990
2 0.432217 0.413746 0.011598 0.028866
2 0.466430 0.413746 0.017397 0.024742
2 0.450773 0.418900 0.023196 0.035052
2 0.480348 0.414777 0.015077 0.018557
2 0.491366 0.424055 0.013918 0.028866
2 0.504124 0.428179 0.018557 0.024742
2 0.605026 0.427148 0.037113 0.026804
2 0.559214 0.442612 0.068428 0.049485
2 0.689884 0.439519 0.031314 0.035052
2 0.643492 0.446735 0.075387 0.061856
2 0.716559 0.445705 0.040593 0.030928
2 0.755219 0.448797 0.052191 0.049485
2 0.794652 0.438488 0.040593 0.024742
2 0.834665 0.443643 0.037113 0.022680
2 0.809730 0.464261 0.068428 0.043299
2 0.872745 0.461168 0.059149 0.049485
2 0.897681 0.469416 0.090464 0.057732
2 0.958570 0.465292 0.033634 0.041237
2 0.971907 0.477663 0.053351 0.065979
9 0.219781 0.074914 0.026675 0.094845
9 0.245876 0.074914 0.025515 0.098969
9 0.430284 0.147766 0.018557 0.070103
9 0.444974 0.156014 0.013918 0.070103
9 0.415400 0.154983 0.008119 0.063918
9 0.595748 0.366667 0.011598 0.026804
