9 0.461716 0.479655 0.008264 0.021221
9 0.454829 0.479655 0.007346 0.021221
2 0.233296 0.547439 0.022956 0.040810
2 0.295276 0.546623 0.020201 0.029383
2 0.184170 0.545807 0.077131 0.106106
2 0.122190 0.564579 0.076213 0.088150
2 0.047627 0.568077 0.095255 0.127328
2 0.424987 0.526723 0.010101 0.013059
2 0.446565 0.533253 0.009182 0.009794
2 0.461716 0.549577 0.008264 0.013059
2 0.467225 0.554474 0.010101 0.022854
2 0.497833 0.555970 0.012549 0.032376
2 0.514208 0.559099 0.022037 0.045707
2 0.429731 0.549305 0.020201 0.032648
2 0.262446 0.568026 0.066112 0.086518
2 0.540211 0.566171 0.046830 0.062031
2 0.451142 0.552296 0.019283 0.021221
2 0.361615 0.556377 0.115697 0.208948
