9 0.292392 0.604687 0.010547 0.040625
9 0.314365 0.605469 0.007031 0.039062
9 0.306454 0.649219 0.012305 0.023437
9 0.611435 0.612500 0.008789 0.037500
2 0.498889 0.593750 0.007031 0.018750
2 0.529651 0.593750 0.012305 0.015625
2 0.493176 0.619531 0.009668 0.017187
2 0.478235 0.631250 0.013184 0.028125
2 0.474280 0.640625 0.017578 0.028125
2 0.466809 0.654687 0.016699 0.025000
2 0.452307 0.666406 0.017578 0.032812
2 0.436487 0.677344 0.028125 0.032812
2 0.436047 0.698437 0.011426 0.031250
2 0.498889 0.639062 0.014062 0.021875
2 0.493616 0.662500 0.024609 0.043750
2 0.466809 0.707812 0.039551 0.068750
2 0.416272 0.707031 0.042187 0.054687
2 0.538440 0.621094 0.014062 0.017187
2 0.541516 0.634375 0.013184 0.018750
2 0.548108 0.654687 0.019336 0.025000
2 0.559973 0.678906 0.032520 0.045312
2 0.570520 0.707812 0.032520 0.043750
2 0.675703 0.746875 0.189844 0.262500
2 0.173408 0.740625 0.180176 0.259375
2 0.048899 0.714795 0.097798 0.565625
