9 0.830953 0.345045 0.018353 0.093807
9 0.811453 0.352183 0.020648 0.091767
9 0.778187 0.362379 0.016059 0.063218
3 0.565325 0.354494 0.026383 0.046903
3 0.536648 0.359592 0.042442 0.057100
3 0.478993 0.375664 0.114709 0.132553
3 0.281356 0.384548 0.189363 0.159063
4 0.419836 0.259600 0.027530 0.014275
4 0.395747 0.293248 0.009177 0.016314
4 0.490382 0.292228 0.014912 0.014275
4 0.548310 0.300385 0.018353 0.010196
2 0.443007 0.256541 0.016059 0.024471
3 0.640651 0.331819 0.122739 0.195770
5 0.910791 0.432326 0.072267 0.189653
