2 0.338392 0.551624 0.009177 0.016314
2 0.326921 0.553663 0.011471 0.020393
2 0.309715 0.552643 0.020648 0.026511
2 0.286199 0.554683 0.017206 0.022432
2 0.266699 0.559781 0.021795 0.028550
2 0.221717 0.560946 0.058010 0.059139
2 0.169770 0.530211 0.043589 0.050982
2 0.153137 0.573036 0.069973 0.071375
2 0.044354 0.576095 0.088708 0.161103
2 0.396320 0.560801 0.016059 0.022432
2 0.414674 0.573036 0.020648 0.046903
2 0.441057 0.585272 0.034413 0.071375
2 0.463999 0.595468 0.022942 0.071375
2 0.505294 0.626057 0.071120 0.124396
2 0.543722 0.644411 0.072267 0.128474
2 0.704315 0.710687 0.269567 0.318127
2 0.113071 0.578280 0.066531 0.110121
