9 0.478792 0.535761 0.008581 0.026782
9 0.369446 0.559830 0.011044 0.018305
2 0.365793 0.673783 0.017688 0.025316
2 0.404164 0.659412 0.030934 0.035752
2 0.332639 0.679536 0.028027 0.035004
2 0.280978 0.689692 0.049584 0.063664
2 0.230475 0.717443 0.075295 0.083253
2 0.103301 0.746826 0.144162 0.158343
2 0.500143 0.654105 0.020049 0.031016
2 0.545520 0.648392 0.043157 0.058767
2 0.560670 0.660635 0.047748 0.057134
2 0.635987 0.687051 0.133856 0.109830
2 0.871032 0.750417 0.255268 0.269347
2 0.005760 0.818378 0.009182 0.109371
2 0.448503 0.683390 0.067786 0.100678
9 0.394703 0.604830 0.008581 0.013729
9 0.451764 0.613983 0.009439 0.013729
9 0.474931 0.620847 0.007722 0.012203
9 0.470812 0.534661 0.006006 0.025932
