4 0.721308 0.431202 0.027330 0.060733
4 0.526584 0.439010 0.030258 0.017352
4 0.566115 0.467641 0.015617 0.012147
4 0.547570 0.485861 0.011713 0.020823
4 0.169834 0.335765 0.046851 0.036440
4 0.451428 0.471979 0.016593 0.006941
4 0.912128 0.269826 0.030258 0.039910
4 0.899927 0.313207 0.023425 0.029499
4 0.941898 0.322750 0.035138 0.024293
9 0.303067 0.545726 0.041971 0.196080
2 0.178619 0.385218 0.013665 0.041645
2 0.148361 0.386086 0.035138 0.050321
2 0.904807 0.399968 0.017569 0.053792
2 0.947266 0.397365 0.034162 0.058997
2 0.498767 0.431968 0.009761 0.031436
2 0.444595 0.432069 0.008785 0.027763
2 0.464604 0.471112 0.005856 0.022558
2 0.493398 0.471979 0.008785 0.017352
3 0.467533 0.520565 0.013665 0.038175
3 0.668601 0.526639 0.046851 0.060733
3 0.578315 0.533579 0.036114 0.050321
3 0.539273 0.532712 0.034162 0.055527
3 0.516824 0.511889 0.022449 0.038175
7 0.445571 0.497140 0.014641 0.022558
3 0.448499 0.516227 0.016593 0.022558
3 0.435811 0.517095 0.010737 0.013882
7 0.423122 0.498875 0.024401 0.046851
3 0.422146 0.521433 0.012689 0.050321
3 0.411897 0.521433 0.023425 0.053792
3 0.400185 0.519698 0.023425 0.064203
3 0.392864 0.535315 0.014641 0.064203
7 0.310875 0.478920 0.164954 0.242930
3 0.739853 0.537917 0.021473 0.083290
3 0.717892 0.536182 0.018545 0.100643
3 0.699347 0.536182 0.018545 0.090231
3 0.494566 0.540468 0.050098 0.065625
4 0.449742 0.470156 0.018457 0.018750
