9 0.537412 0.471093 0.009229 0.046875
9 0.402940 0.467578 0.009229 0.049219
9 0.309336 0.525000 0.009229 0.046875
9 0.164317 0.283594 0.022412 0.112500
9 0.464903 0.609375 0.003955 0.023437
9 0.439854 0.603515 0.003955 0.021094
9 0.383164 0.592968 0.003955 0.023437
9 0.017320 0.305859 0.023730 0.096094
2 0.540049 0.648046 0.019775 0.011719
2 0.519615 0.643359 0.015820 0.016406
2 0.494566 0.650390 0.015820 0.016406
2 0.480723 0.648046 0.014502 0.016406
2 0.445786 0.652734 0.018457 0.025781
2 0.441831 0.660937 0.023730 0.037500
2 0.470835 0.663281 0.031641 0.032812
7 0.578941 0.641015 0.055371 0.049219
2 0.828770 0.629296 0.220166 0.255469
2 0.356138 0.741796 0.216211 0.302344
