2 0.382173 0.506760 0.135739 0.161103
2 0.484542 0.447111 0.038063 0.067296
2 0.093911 0.504924 0.187822 0.146828
2 0.267655 0.440483 0.027530 0.036707
2 0.308377 0.458837 0.067678 0.085650
2 0.462660 0.437424 0.018353 0.038746
2 0.441630 0.447111 0.037854 0.055060
2 0.519633 0.423659 0.012618 0.020393
2 0.507015 0.430797 0.017206 0.030589
2 0.505868 0.444052 0.012618 0.028550
2 0.541427 0.447111 0.028677 0.079532
2 0.568958 0.464445 0.067678 0.110121
9 0.467981 0.016517 0.018890 0.033034
9 0.437315 0.020393 0.028677 0.040785
9 0.707799 0.332402 0.033266 0.040785
