3 0.049715 0.718325 0.099430 0.272080
3 0.156457 0.714859 0.147196 0.185430
3 0.328998 0.690597 0.051665 0.071053
3 0.535170 0.675867 0.050690 0.069320
3 0.799342 0.731323 0.329485 0.346598
3 0.347032 0.672401 0.035093 0.058922
3 0.359217 0.673267 0.028269 0.060655
3 0.376763 0.669801 0.010723 0.053723
3 0.511287 0.665469 0.026320 0.055456
3 0.500564 0.662003 0.022421 0.051990
3 0.482042 0.662003 0.014622 0.027728
3 0.470345 0.661136 0.014622 0.029461
3 0.416243 0.661136 0.052640 0.067587
2 0.327048 0.402054 0.012673 0.062388
2 0.336796 0.405520 0.008773 0.058922
2 0.501051 0.466175 0.013647 0.045058
2 0.254912 0.593550 0.008773 0.025995
2 0.702349 0.547625 0.010723 0.034660
2 0.467908 0.610013 0.011698 0.020796
4 0.583422 0.519898 0.022421 0.020796
4 0.593171 0.547625 0.018521 0.020796
4 0.547355 0.599615 0.012673 0.027728
2 0.597557 0.598749 0.011698 0.025995
4 0.696013 0.506900 0.017547 0.022529
4 0.796905 0.546759 0.034118 0.050257
4 0.950438 0.535494 0.068237 0.159435
4 0.107229 0.409853 0.015597 0.025995
4 0.574649 0.448845 0.012673 0.017330
4 0.591221 0.446245 0.010723 0.019063
