3 0.024038 0.569503 0.048077 0.062583
3 0.096355 0.566821 0.054313 0.035762
3 0.246721 0.529272 0.011064 0.025033
3 0.224091 0.532848 0.034197 0.028609
3 0.325173 0.534636 0.037214 0.042914
3 0.279410 0.551622 0.062359 0.080464
3 0.367417 0.553411 0.053307 0.073311
3 0.387533 0.524801 0.015087 0.023245
3 0.396082 0.516755 0.014081 0.014305
3 0.406140 0.506026 0.010058 0.017881
3 0.303046 0.523013 0.011064 0.016093
3 0.358868 0.511391 0.018104 0.017881
4 0.385018 0.285199 0.050290 0.026821
4 0.386610 0.341523 0.097396 0.085828
4 0.498590 0.412152 0.014247 0.044702
