2 0.022953 0.516877 0.030605 0.068010
2 0.130069 0.540680 0.030605 0.047607
2 0.191757 0.539830 0.073642 0.045907
2 0.286918 0.524528 0.019128 0.025504
2 0.298394 0.516027 0.009564 0.015302
2 0.541509 0.509566 0.021041 0.022103
2 0.632653 0.568168 0.171194 0.196663
2 0.462416 0.708641 0.308915 0.433564
2 0.840669 0.642696 0.313697 0.520277
5 0.395468 0.494774 0.171194 0.326449
9 0.261095 0.368955 0.009564 0.027204
9 0.278788 0.368955 0.008608 0.027204
9 0.252966 0.366404 0.008608 0.025504
9 0.264442 0.415734 0.012433 0.056065
9 0.561880 0.448867 0.014346 0.040806
