3 0.669917 0.483791 0.028681 0.053417
3 0.699964 0.487433 0.045071 0.050989
3 0.646698 0.463152 0.017755 0.021853
3 0.631675 0.465580 0.020487 0.021853
3 0.607774 0.480149 0.010926 0.026709
3 0.595482 0.487433 0.027316 0.036421
3 0.566117 0.480149 0.020487 0.026709
3 0.536070 0.483791 0.012292 0.031565
3 0.518656 0.488040 0.025950 0.038849
2 0.526851 0.421268 0.015024 0.031565
2 0.600603 0.396988 0.012292 0.031565
2 0.595140 0.427338 0.012292 0.024281
2 0.656600 0.418840 0.012292 0.021853
2 0.617676 0.443424 0.013658 0.012747
4 0.638162 0.388490 0.038242 0.024281
4 0.689721 0.400225 0.019121 0.012140
4 0.683575 0.408723 0.017755 0.014568
2 0.677429 0.443121 0.013658 0.016996
2 0.671556 0.424991 0.012838 0.021205
2 0.471742 0.468373 0.013658 0.016996
7 0.781774 0.441907 0.136578 0.194245
4 0.907222 0.337500 0.040974 0.080126
7 0.091166 0.518391 0.181649 0.347213
3 0.422710 0.503418 0.020487 0.043705
3 0.370127 0.519200 0.019121 0.031565
