9 0.162498 0.248684 0.013673 0.041136
9 0.516522 0.273927 0.006942 0.031787
9 0.174593 0.250554 0.010518 0.041136
9 0.153558 0.251489 0.010518 0.039266
9 0.159868 0.399204 0.012621 0.024307
9 0.542922 0.361808 0.004628 0.016828
2 0.480762 0.417902 0.011569 0.020568
2 0.494435 0.416032 0.011569 0.016828
2 0.469719 0.428186 0.023139 0.041136
2 0.509686 0.416032 0.010518 0.016828
2 0.516522 0.415097 0.009466 0.014958
2 0.521781 0.416032 0.011569 0.016828
2 0.531773 0.419772 0.012621 0.028047
2 0.539135 0.422576 0.014725 0.026177
2 0.546498 0.424446 0.010518 0.029917
2 0.433959 0.430991 0.014725 0.028047
2 0.416079 0.434730 0.029449 0.039266
2 0.400302 0.440340 0.012621 0.031787
2 0.393992 0.442209 0.016828 0.031787
2 0.381896 0.441274 0.022087 0.044875
2 0.370327 0.443144 0.028398 0.041136
2 0.355331 0.446816 0.020059 0.052218
2 0.552598 0.424446 0.016828 0.033657
9 0.680914 0.359003 0.006311 0.014958
2 0.181114 0.465582 0.071520 0.134626
2 0.269252 0.455765 0.116746 0.173892
2 0.453994 0.439872 0.037650 0.052355
2 0.589515 0.433328 0.077831 0.099100
2 0.027442 0.564390 0.054883 0.179501
2 0.916437 0.483241 0.165865 0.215405
9 0.735886 0.144287 0.018932 0.054224
9 0.714325 0.144287 0.019984 0.057964
2 0.335988 0.452548 0.030088 0.045849
