9 0.383444 0.413984 0.006829 0.029137
9 0.299448 0.398202 0.005463 0.021853
9 0.149895 0.409128 0.009560 0.038849
2 0.968582 0.556026 0.058729 0.150540
2 0.652503 0.566952 0.367396 0.381205
2 0.240719 0.590018 0.193941 0.257374
2 0.877687 0.470870 0.136578 0.123831
2 0.431075 0.534000 0.131115 0.177248
2 0.354592 0.526715 0.060094 0.099550
2 0.324544 0.512147 0.032779 0.055845
2 0.092361 0.525501 0.030047 0.038849
2 0.048656 0.536428 0.016389 0.046133
2 0.009048 0.549782 0.016389 0.072842
2 0.132652 0.520645 0.020487 0.043705
