9 0.248905 0.210976 0.006506 0.052887
9 0.339233 0.138639 0.050690 0.024262
9 0.469857 0.141239 0.044841 0.022529
9 0.564901 0.203627 0.012673 0.057189
9 0.336309 0.305007 0.009748 0.020796
9 0.535170 0.331868 0.009748 0.019063
9 0.565389 0.280745 0.009748 0.020796
9 0.230055 0.292009 0.005849 0.022529
2 0.930454 0.441913 0.137448 0.235687
2 0.715996 0.463575 0.193987 0.244352
2 0.447437 0.389057 0.077985 0.150770
2 0.323149 0.434981 0.127700 0.176765
2 0.098456 0.390790 0.044841 0.050257
2 0.189600 0.385591 0.030219 0.029461
2 0.214458 0.382991 0.027295 0.031194
