2 0.701231 0.095480 0.023818 0.099631
4 0.862587 0.306365 0.022417 0.029889
4 0.896913 0.321310 0.032224 0.019926
4 0.889907 0.344142 0.015412 0.032380
4 0.883603 0.375692 0.044834 0.027399
4 0.887806 0.441698 0.028021 0.099631
2 0.913025 0.461624 0.030823 0.049816
9 0.489204 0.610655 0.012610 0.032380
9 0.549917 0.612731 0.012610 0.049816
9 0.563927 0.611070 0.009807 0.054797
4 0.412613 0.550461 0.026620 0.029889
2 0.266202 0.558764 0.011208 0.024908
4 0.038529 0.545065 0.009807 0.042343
3 0.287918 0.619788 0.021016 0.037362
7 0.254293 0.589899 0.035027 0.040683
3 0.268303 0.630581 0.026620 0.047325
3 0.248688 0.634733 0.023818 0.042343
3 0.112785 0.645941 0.054641 0.089668
3 0.425222 0.622279 0.051839 0.102122
3 0.351666 0.635978 0.114887 0.184317
3 0.183539 0.643450 0.120491 0.159410
3 0.687688 0.597371 0.176067 0.241605
3 0.044834 0.719419 0.089668 0.346218
