9 0.645142 0.435998 0.022199 0.138811
9 0.691454 0.452329 0.038275 0.236794
9 0.722457 0.453690 0.032916 0.201411
9 0.751929 0.449607 0.044399 0.204133
9 0.786376 0.454370 0.055116 0.240877
9 0.956317 0.468783 0.079612 0.323891
9 0.008942 0.442246 0.016075 0.110232
9 0.326625 0.423328 0.006889 0.020683
2 0.337330 0.358594 0.006124 0.012248
3 0.344985 0.416885 0.018372 0.029940
3 0.325847 0.416885 0.016841 0.019052
7 0.250840 0.397337 0.080377 0.099345
1 0.181180 0.402100 0.068129 0.114315
1 0.089703 0.404141 0.140852 0.145615
1 0.496635 0.299714 0.288593 0.599428
