9 0.104928 0.256895 0.018721 0.052003
9 0.486371 0.353621 0.014041 0.029122
9 0.379895 0.475309 0.007020 0.018721
9 0.383990 0.496110 0.010531 0.014561
9 0.296235 0.495070 0.010531 0.016641
9 0.317881 0.495070 0.009361 0.024961
9 0.448344 0.490909 0.015211 0.012481
2 0.438984 0.511711 0.012871 0.012481
2 0.474671 0.512751 0.018721 0.010401
2 0.498072 0.532512 0.018721 0.041602
2 0.519133 0.537712 0.028082 0.043683
2 0.416752 0.530432 0.019891 0.045763
2 0.395106 0.531472 0.023401 0.039522
2 0.382820 0.528352 0.012871 0.024961
2 0.366439 0.530432 0.015211 0.020801
2 0.350058 0.528352 0.019891 0.024961
2 0.341283 0.530432 0.023401 0.029122
2 0.327242 0.535632 0.018721 0.031202
2 0.302670 0.542913 0.030422 0.037442
2 0.268738 0.551233 0.042123 0.045763
2 0.460630 0.576195 0.093606 0.128968
2 0.006832 0.660440 0.013663 0.197612
2 0.859039 0.633398 0.279647 0.334900
9 0.134180 0.505470 0.011701 0.029122
9 0.985406 0.384823 0.026912 0.062404
9 0.679433 0.468028 0.009361 0.020801
9 0.670072 0.468028 0.009361 0.020801
9 0.127160 0.223613 0.011701 0.076965
