3 0.616469 0.629079 0.029897 0.057402
1 0.679252 0.592621 0.102845 0.129053
1 0.574016 0.587622 0.071752 0.157323
3 0.511831 0.655654 0.114803 0.174331
3 0.712138 0.707740 0.190143 0.206221
3 0.974197 0.837734 0.051421 0.187746
4 0.470573 0.537343 0.032288 0.029764
4 0.632314 0.488445 0.017938 0.025512
4 0.631119 0.511831 0.020330 0.021260
4 0.629325 0.537343 0.011959 0.021260
4 0.812890 0.434232 0.051422 0.053150
4 0.823055 0.549036 0.021526 0.027638
2 0.505453 0.536005 0.004782 0.020403
2 0.498759 0.536855 0.004782 0.018703
