9 0.223837 0.432566 0.011927 0.039581
9 0.380085 0.446702 0.009542 0.031099
9 0.341719 0.513142 0.005566 0.021204
9 0.307130 0.514555 0.006361 0.018377
2 0.389386 0.556459 0.013518 0.018377
2 0.400120 0.562113 0.014313 0.018377
2 0.422385 0.562113 0.027035 0.029686
2 0.495937 0.572008 0.083492 0.091885
2 0.616346 0.591799 0.166188 0.179529
2 0.315038 0.559286 0.028626 0.035340
2 0.214054 0.584731 0.058842 0.072094
2 0.095177 0.591092 0.107346 0.065026
2 0.858549 0.677623 0.282281 0.356501
2 0.291014 0.562852 0.015473 0.025392
