2 0.784624 0.047754 0.018557 0.042544
2 0.269382 0.175147 0.009865 0.032566
2 0.372897 0.176997 0.006959 0.016495
2 0.368258 0.205863 0.006959 0.016495
2 0.375796 0.216173 0.008119 0.020619
2 0.341003 0.215142 0.010438 0.022680
2 0.323606 0.208956 0.010438 0.022680
2 0.230242 0.227513 0.011598 0.018557
4 0.443644 0.047101 0.076546 0.028866
4 0.201827 0.146070 0.022036 0.045361
3 0.135139 0.268750 0.055670 0.076289
3 0.073090 0.286276 0.061469 0.061856
3 0.432046 0.257410 0.027835 0.045361
3 0.406531 0.237822 0.030155 0.035052
3 0.362459 0.242977 0.025515 0.032990
3 0.332304 0.247101 0.027835 0.028866
9 0.691840 0.263595 0.037113 0.140206
9 0.642549 0.274936 0.038273 0.134021
9 0.602536 0.271843 0.037113 0.136082
1 0.520771 0.209987 0.165851 0.247423
3 0.901740 0.324742 0.193686 0.364949
