9 0.336602 0.315139 0.018721 0.031202
9 0.433718 0.360902 0.016381 0.031202
9 0.206140 0.426426 0.010531 0.020801
9 0.137105 0.425386 0.010531 0.014561
9 0.129500 0.437866 0.011701 0.014561
9 0.165772 0.438906 0.009361 0.012481
2 0.676508 0.524191 0.012871 0.041602
9 0.432548 0.422265 0.009361 0.020801
9 0.012493 0.448267 0.007020 0.018721
2 0.184493 0.451387 0.018721 0.012481
2 0.178643 0.463868 0.016381 0.012481
2 0.193854 0.465948 0.014041 0.016641
2 0.204969 0.462828 0.015211 0.018721
2 0.218425 0.466988 0.011701 0.022881
2 0.164602 0.454507 0.016381 0.014561
2 0.152901 0.464908 0.025742 0.022881
2 0.128915 0.452427 0.029252 0.018721
2 0.126575 0.472188 0.031592 0.020801
2 0.182153 0.478429 0.032762 0.024961
2 0.231881 0.479469 0.026912 0.039522
