3 0.296405 0.345078 0.018361 0.025648
3 0.320013 0.348575 0.015738 0.023316
3 0.337063 0.362565 0.036723 0.046632
1 0.373786 0.328756 0.015738 0.058290
1 0.402639 0.326425 0.041969 0.086269
4 0.121972 0.068782 0.031477 0.032642
4 0.124595 0.117746 0.034100 0.051295
4 0.142301 0.188860 0.024919 0.067617
4 0.127218 0.249482 0.026231 0.044301
4 0.544284 0.221503 0.026231 0.016321
4 0.527890 0.247150 0.019673 0.016321
2 0.237387 0.057124 0.015738 0.055959
2 0.430181 0.129404 0.015738 0.046632
4 0.890528 0.123575 0.027542 0.048964
2 0.550842 0.270466 0.010492 0.030311
2 0.533136 0.270466 0.009181 0.020984
9 0.960039 0.346244 0.009181 0.041969
9 0.946268 0.345078 0.010492 0.044301
1 0.200008 0.331088 0.038034 0.055959
1 0.157383 0.327591 0.041969 0.067617
