9 0.732493 0.560887 0.027223 0.112076
9 0.496084 0.537963 0.015761 0.081510
2 0.233951 0.406285 0.018760 0.021929
2 0.685211 0.329095 0.030088 0.045849
2 0.664436 0.256500 0.022925 0.109528
2 0.723896 0.427161 0.018626 0.028019
4 0.566290 0.392774 0.067341 0.061132
4 0.474534 0.023179 0.032838 0.046359
2 0.417856 0.029986 0.028937 0.059972
9 0.455249 0.414425 0.014328 0.048396
3 0.431746 0.486085 0.080236 0.155377
9 0.399508 0.526840 0.015761 0.068774
4 0.873760 0.344293 0.015761 0.022925
9 0.803472 0.543573 0.020815 0.091871
2 0.824286 0.477221 0.007895 0.012760
