9 0.298068 0.240245 0.009298 0.047755
9 0.543444 0.267796 0.010332 0.040408
9 0.288252 0.242082 0.012398 0.044082
9 0.309432 0.242082 0.011365 0.047755
9 0.534145 0.270551 0.010332 0.038571
9 0.806797 0.344939 0.027895 0.044082
9 0.006716 0.359633 0.013431 0.044082
9 0.224713 0.398204 0.011365 0.018367
2 0.441677 0.449082 0.011365 0.016531
2 0.371422 0.458265 0.023763 0.027551
2 0.341977 0.461939 0.030995 0.038571
2 0.321830 0.464694 0.021696 0.040408
2 0.286703 0.462857 0.056824 0.062449
2 0.407583 0.455510 0.050625 0.066122
2 0.475255 0.458265 0.037194 0.064286
2 0.540344 0.465612 0.037194 0.049592
2 0.516582 0.452755 0.012398 0.016531
2 0.568756 0.458265 0.034094 0.038571
2 0.728380 0.472041 0.070255 0.102857
2 0.056307 0.473877 0.112615 0.189184
2 0.837379 0.593265 0.324413 0.398571
2 0.510899 0.447245 0.013431 0.012857
9 0.452374 0.414012 0.009564 0.015302
