9 0.398962 0.524111 0.031862 0.127844
9 0.355092 0.519623 0.035820 0.112076
9 0.327152 0.514529 0.034387 0.127359
9 0.450372 0.524717 0.011462 0.071321
9 0.459685 0.522170 0.018626 0.076415
9 0.494788 0.518350 0.017193 0.084057
9 0.514131 0.522170 0.010029 0.050943
9 0.522011 0.528538 0.014328 0.048396
9 0.912070 0.595674 0.025790 0.112076
9 0.889861 0.581665 0.032954 0.140094
9 0.869802 0.575297 0.027223 0.132453
9 0.832550 0.539637 0.027223 0.076415
9 0.981738 0.637936 0.033310 0.211882
0 0.624080 0.538363 0.045849 0.119717
9 0.521884 0.531995 0.016257 0.106981
9 0.424923 0.512891 0.031521 0.078962
9 0.477220 0.524354 0.030088 0.096793
5 0.426356 0.542184 0.028656 0.061132
5 0.534531 0.569839 0.041551 0.071321
5 0.627662 0.567292 0.044416 0.096793
3 0.613334 0.534542 0.058744 0.076415
3 0.580380 0.530722 0.015761 0.058585
3 0.566769 0.534542 0.017193 0.066226
3 0.553873 0.531995 0.025790 0.071321
3 0.357582 0.529448 0.065908 0.061132
3 0.974396 0.567655 0.050147 0.106981
3 0.752314 0.645344 0.245006 0.318397
1 0.193528 0.507797 0.385419 0.873680
4 0.424206 0.382986 0.024357 0.022925
4 0.883414 0.417554 0.028656 0.022925
4 0.413461 0.399724 0.020059 0.017830
4 0.073764 0.105552 0.045595 0.045797
2 0.734579 0.342268 0.009537 0.036028
2 0.567485 0.360243 0.012895 0.045849
4 0.198536 0.130060 0.048046 0.111768
2 0.875288 0.452123 0.015761 0.043302
2 0.892481 0.490331 0.024357 0.028019
2 0.411925 0.447029 0.024357 0.020377
4 0.197485 0.203349 0.047282 0.063679
2 0.725042 0.343328 0.009537 0.038148
9 0.670086 0.518171 0.010729 0.048744
9 0.655542 0.533006 0.015497 0.078414
