9 0.625603 0.241299 0.031093 0.053150
9 0.230967 0.206221 0.031093 0.046772
9 0.758942 0.395433 0.025113 0.034016
9 0.412738 0.317835 0.019134 0.036142
9 0.525150 0.405000 0.011959 0.014882
9 0.551459 0.414567 0.014350 0.012756
2 0.186720 0.439016 0.088494 0.074409
2 0.272822 0.447520 0.043051 0.053150
2 0.308698 0.448583 0.031093 0.046772
2 0.335007 0.448583 0.023917 0.046772
2 0.355935 0.447520 0.015546 0.036142
2 0.374471 0.446457 0.023917 0.034016
2 0.391811 0.453898 0.017938 0.031890
2 0.405563 0.458150 0.014350 0.027638
2 0.422903 0.456024 0.020330 0.023386
2 0.698550 0.512362 0.157854 0.144567
2 0.463563 0.453898 0.015546 0.044646
9 0.018700 0.102047 0.032288 0.059528
7 0.621417 0.452835 0.118391 0.148819
2 0.528737 0.518740 0.143504 0.212598
