3 0.461689 0.537890 0.010547 0.016406
3 0.471577 0.539062 0.009229 0.023437
3 0.484760 0.536718 0.014502 0.018750
3 0.500581 0.540234 0.019775 0.025781
3 0.533672 0.535547 0.015820 0.035156
3 0.554765 0.539062 0.023730 0.046875
3 0.584725 0.542578 0.036189 0.067969
3 0.620617 0.550781 0.038232 0.056250
9 0.600908 0.525000 0.007910 0.037500
3 0.814934 0.446484 0.366504 0.592968
7 0.197189 0.430468 0.394378 0.785937
4 0.314956 0.192890 0.035596 0.067969
4 0.826965 0.045469 0.060991 0.081562
2 0.918237 0.041250 0.032959 0.051562
2 0.449956 0.492187 0.006592 0.018750
4 0.441914 0.528750 0.007910 0.018750
4 0.422402 0.498750 0.007910 0.018750
