2 0.403293 0.293957 0.005998 0.031991
2 0.514860 0.300355 0.005998 0.027725
2 0.790778 0.323815 0.010797 0.031990
2 0.411690 0.294039 0.003599 0.032154
4 0.255137 0.319550 0.033590 0.066114
4 0.390696 0.271564 0.019194 0.012796
4 0.405092 0.306753 0.047986 0.057583
4 0.341511 0.348341 0.011996 0.017062
3 0.406292 0.425118 0.026392 0.038389
3 0.361905 0.433649 0.047986 0.072512
1 0.444081 0.413388 0.046786 0.108768
3 0.595836 0.444312 0.117565 0.179147
5 0.797976 0.436848 0.025193 0.053317
0 0.798575 0.406990 0.014396 0.066114
9 0.755388 0.413388 0.009597 0.040521
3 0.897484 0.411287 0.078102 0.066176
2 0.699005 0.344076 0.007198 0.029858
9 0.716709 0.416250 0.011865 0.042187
9 0.771636 0.418289 0.010117 0.042796
2 0.402893 0.290912 0.004001 0.035564
