2 0.354349 0.407495 0.028847 0.036037
2 0.429585 0.407495 0.028067 0.033265
2 0.056914 0.467787 0.113828 0.162166
2 0.838119 0.497587 0.321214 0.302156
2 0.139557 0.454620 0.054575 0.105339
2 0.182437 0.435215 0.068609 0.085934
2 0.217911 0.433136 0.030406 0.076232
2 0.241690 0.426206 0.042101 0.070688
2 0.647106 0.438681 0.169963 0.206519
2 0.553548 0.424820 0.063931 0.134446
2 0.510668 0.430364 0.032745 0.087320
2 0.491566 0.422741 0.041321 0.072074
2 0.464279 0.417890 0.035084 0.073460
2 0.296655 0.416504 0.030406 0.034651
2 0.315367 0.414425 0.016373 0.027721
2 0.327451 0.405416 0.017152 0.023563
2 0.407755 0.400565 0.015593 0.022177
2 0.399568 0.399872 0.021050 0.026335
2 0.381247 0.397792 0.014034 0.019405
9 0.279503 0.261268 0.008576 0.031879
9 0.411263 0.291068 0.010135 0.024949
9 0.468177 0.369379 0.011695 0.012474
