9 0.110264 0.170391 0.014502 0.067969
9 0.427329 0.117656 0.015820 0.056250
9 0.516978 0.368437 0.015820 0.028125
9 0.006682 0.337969 0.013365 0.028125
9 0.097081 0.173906 0.011865 0.070312
9 0.124107 0.173906 0.013184 0.079687
9 0.410850 0.122344 0.014502 0.060937
9 0.443150 0.121172 0.018457 0.072656
2 0.328453 0.431718 0.060644 0.084375
2 0.532798 0.606328 0.205664 0.302344
2 0.231553 0.404765 0.009229 0.021094
2 0.224302 0.408281 0.015820 0.023437
2 0.213096 0.410625 0.014502 0.028125
2 0.203868 0.410625 0.014502 0.028125
2 0.195298 0.414140 0.021094 0.030469
2 0.181456 0.416484 0.022412 0.035156
2 0.162339 0.418828 0.023730 0.053906
2 0.136631 0.420000 0.035596 0.070312
2 0.255284 0.408281 0.030322 0.037500
2 0.105650 0.434062 0.073828 0.079687
2 0.282969 0.509062 0.143701 0.210937
2 0.007342 0.628593 0.014683 0.187500
2 0.778672 0.589921 0.441650 0.817968
