2 0.030504 0.482812 0.058008 0.140625
2 0.107627 0.451172 0.127881 0.142969
2 0.198594 0.457031 0.061963 0.084375
2 0.234849 0.444140 0.063281 0.082031
2 0.294175 0.423047 0.031641 0.030469
2 0.459629 0.426562 0.027686 0.046875
2 0.475449 0.437109 0.019775 0.044531
2 0.492588 0.448828 0.043506 0.067969
2 0.543345 0.455859 0.084375 0.114844
2 0.822837 0.532031 0.353320 0.370312
2 0.309814 0.393359 0.013184 0.021094
2 0.322339 0.395703 0.014502 0.021094
2 0.333545 0.399218 0.013184 0.023437
2 0.346728 0.406250 0.010547 0.018750
2 0.362549 0.410937 0.013184 0.018750
2 0.375732 0.409765 0.013184 0.021094
2 0.392871 0.420312 0.021094 0.028125
9 0.414624 0.359375 0.009229 0.018750
9 0.460766 0.361718 0.009229 0.023437
