3 0.610400 0.624140 0.050098 0.053906
3 0.206242 0.692556 0.412484 0.582699
3 0.543164 0.613476 0.039551 0.049219
3 0.564257 0.606445 0.021094 0.044531
3 0.498999 0.609961 0.038232 0.046875
3 0.520092 0.591211 0.027686 0.046875
3 0.497680 0.578320 0.017139 0.021094
3 0.479223 0.588867 0.019775 0.032812
3 0.463403 0.588867 0.011865 0.018750
1 0.452197 0.578906 0.021094 0.049219
2 0.888574 0.505078 0.014502 0.065625
2 0.601171 0.473437 0.011865 0.030469
2 0.486474 0.450000 0.009229 0.035156
2 0.595898 0.471093 0.009229 0.039844
2 0.353979 0.431250 0.011865 0.025781
2 0.263013 0.374127 0.027686 0.099035
4 0.668012 0.542929 0.016611 0.041484
4 0.658740 0.585156 0.007910 0.023437
2 0.742104 0.531562 0.019775 0.014062
2 0.671572 0.592500 0.007910 0.023437
4 0.676845 0.572578 0.013184 0.021094
4 0.845288 0.558203 0.021533 0.016406
4 0.568213 0.521015 0.010547 0.044531
4 0.574145 0.560859 0.014502 0.025781
2 0.905712 0.558515 0.023730 0.035156
9 0.805517 0.650000 0.013184 0.056250
9 0.832543 0.657031 0.017139 0.060937
4 0.884619 0.657031 0.018457 0.070312
9 0.721142 0.636328 0.013184 0.053906
9 0.733007 0.635156 0.010547 0.060937
2 0.652148 0.472656 0.010547 0.028125
2 0.390234 0.494140 0.010547 0.030469
2 0.781127 0.584765 0.015820 0.023437
2 0.464721 0.503906 0.007910 0.030469
3 0.432422 0.580664 0.013184 0.025781
2 0.468017 0.549023 0.005273 0.023437
2 0.553051 0.512695 0.006592 0.025781
4 0.464062 0.439453 0.015820 0.025781
4 0.408032 0.536718 0.009229 0.037500
9 0.789038 0.631640 0.009229 0.039844
9 0.909443 0.666294 0.015776 0.046745
9 0.769032 0.629833 0.004207 0.033657
9 0.761144 0.634507 0.005259 0.020568
