9 0.236167 0.286406 0.007910 0.028125
9 0.296153 0.289922 0.006592 0.025781
9 0.331748 0.325078 0.006592 0.021094
9 0.372618 0.291094 0.011865 0.028125
9 0.361411 0.374297 0.010547 0.021094
9 0.423374 0.294609 0.007910 0.025781
9 0.535435 0.319219 0.010547 0.028125
9 0.698911 0.328594 0.010547 0.028125
9 0.542027 0.366093 0.013184 0.018750
9 0.709458 0.326250 0.010547 0.032812
2 0.529502 0.418828 0.019775 0.039844
2 0.680454 0.409453 0.015820 0.030469
2 0.384483 0.403593 0.019775 0.023437
2 0.300767 0.411797 0.023730 0.030469
2 0.263853 0.398906 0.026367 0.023437
2 0.237486 0.407109 0.036914 0.039844
2 0.144542 0.404765 0.056689 0.053906
2 0.067418 0.397734 0.073828 0.086719
7 0.312632 0.378984 0.055371 0.072656
2 0.028435 0.403593 0.056871 0.098437
5 0.903257 0.388359 0.192480 0.199219
2 0.453037 0.462187 0.151611 0.220312
