9 0.392496 0.286493 0.013196 0.042654
9 0.525656 0.212915 0.013196 0.053318
9 0.770984 0.258768 0.014396 0.029858
9 0.655818 0.327014 0.011996 0.021327
9 0.749390 0.122275 0.021594 0.068246
9 0.950930 0.137204 0.021594 0.059716
9 0.119577 0.368602 0.014396 0.023460
2 0.378700 0.395260 0.028791 0.042654
2 0.277930 0.400109 0.043187 0.062814
2 0.329515 0.398459 0.057583 0.074644
2 0.625227 0.419786 0.085175 0.125829
2 0.745791 0.453910 0.215936 0.202607
2 0.492066 0.456042 0.161952 0.249526
2 0.025599 0.420853 0.051197 0.089573
