3 0.089718 0.461788 0.138068 0.116487
3 0.406807 0.437866 0.037442 0.052003
3 0.449514 0.429546 0.029252 0.039522
1 0.558916 0.411865 0.060844 0.091525
3 0.649596 0.425386 0.054993 0.039522
3 0.433718 0.408745 0.021061 0.031202
9 0.902916 0.491950 0.046803 0.218413
9 0.856114 0.490909 0.063184 0.203852
9 0.371119 0.426426 0.010531 0.037442
0 0.268738 0.434746 0.023401 0.066564
5 0.268738 0.451387 0.018721 0.054083
2 0.380480 0.350501 0.005850 0.027042
2 0.478181 0.347381 0.004680 0.024961
3 0.380480 0.416025 0.019891 0.033282
4 0.796440 0.202812 0.032762 0.022881
4 0.774794 0.239214 0.052653 0.029122
4 0.636725 0.301618 0.022231 0.045763
2 0.792930 0.293298 0.042123 0.054083
2 0.349473 0.402504 0.011701 0.014561
