3 0.436553 0.708947 0.266394 0.410750
4 0.559318 0.405612 0.030134 0.048980
4 0.558888 0.328316 0.032717 0.050510
4 0.557166 0.363521 0.013776 0.019898
2 0.578260 0.501276 0.021524 0.026020
2 0.557596 0.518112 0.011193 0.022959
4 0.691477 0.483674 0.012054 0.030612
4 0.692769 0.503572 0.018080 0.009184
4 0.692338 0.518878 0.012054 0.021429
9 0.598492 0.595408 0.018941 0.085714
9 0.618295 0.586225 0.017219 0.094898
3 0.611837 0.600766 0.076626 0.044388
2 0.440074 0.430102 0.013776 0.039796
2 0.449114 0.423214 0.006027 0.041327
4 0.282086 0.415561 0.030134 0.038265
4 0.256257 0.526531 0.011193 0.018367
4 0.218374 0.542602 0.024968 0.041327
4 0.217083 0.609949 0.012054 0.019898
4 0.259101 0.603732 0.009993 0.013965
2 0.548556 0.472959 0.008610 0.027551
3 0.758945 0.578572 0.066295 0.085714
3 0.862717 0.549798 0.182954 0.157863
3 0.876898 0.594643 0.143782 0.093367
3 0.916050 0.602464 0.094662 0.115132
4 0.542567 0.516777 0.008332 0.032474
4 0.005596 0.557143 0.009471 0.039796
4 0.542155 0.551295 0.011482 0.014970
3 0.777747 0.554562 0.031385 0.036744
9 0.554221 0.586542 0.014544 0.051714
3 0.179127 0.612399 0.023730 0.024496
