9 0.379200 0.300674 0.011698 0.039859
9 0.489841 0.214024 0.008773 0.036393
9 0.713559 0.177632 0.013647 0.043325
9 0.946051 0.056322 0.022421 0.050257
9 0.696013 0.273813 0.015597 0.041592
9 0.309501 0.356996 0.008773 0.020796
9 0.294392 0.356130 0.007798 0.019063
9 0.220794 0.377792 0.006824 0.027728
2 0.376763 0.443646 0.123801 0.159435
2 0.209584 0.519031 0.304140 0.268614
2 0.061900 0.434114 0.065312 0.088383
2 0.530295 0.532895 0.237853 0.317137
2 0.722042 0.408150 0.044260 0.088443
2 0.849058 0.417651 0.089682 0.069320
9 0.982119 0.320603 0.014622 0.031194
