9 0.292442 0.313672 0.005849 0.027728
9 0.489841 0.269480 0.006824 0.032927
9 0.298291 0.313672 0.003899 0.031194
9 0.497639 0.268614 0.004874 0.031194
9 0.479605 0.267747 0.007798 0.029461
9 0.659458 0.352664 0.016572 0.015597
2 0.422579 0.415918 0.006824 0.024262
2 0.433302 0.421117 0.014622 0.027728
2 0.422579 0.401188 0.008773 0.012131
2 0.441588 0.421117 0.011698 0.024262
2 0.376763 0.418518 0.008773 0.022529
2 0.365553 0.423716 0.013647 0.022529
2 0.368477 0.418518 0.021446 0.029461
2 0.355805 0.422850 0.015597 0.034660
2 0.599019 0.429782 0.039967 0.062388
2 0.560515 0.424583 0.040942 0.055456
2 0.221281 0.452311 0.083833 0.121309
2 0.334359 0.425449 0.033143 0.039859
2 0.401621 0.423716 0.040942 0.060655
2 0.459134 0.423716 0.031194 0.046791
2 0.520060 0.437580 0.067262 0.088383
2 0.693576 0.500835 0.234929 0.242619
2 0.116002 0.467041 0.169617 0.168100
