7 0.056647 0.435484 0.113294 0.160585
7 0.499565 0.495363 0.052054 0.125202
2 0.863993 0.472908 0.266394 0.194607
5 0.844881 0.447596 0.307271 0.085736
2 0.307348 0.534557 0.080377 0.087097
7 0.702499 0.504617 0.155396 0.130645
2 0.988387 0.519178 0.020668 0.088458
2 0.142869 0.614478 0.285737 0.397379
2 0.402653 0.620565 0.212043 0.299395
9 0.217402 0.372429 0.013779 0.054435
9 0.317299 0.311190 0.014544 0.057157
9 0.329930 0.305746 0.012248 0.048992
9 0.616865 0.451588 0.016075 0.023135
9 0.622606 0.367893 0.009186 0.032661
9 0.240239 0.464516 0.019137 0.027218
9 0.071234 0.208570 0.025261 0.068044
9 0.859502 0.314093 0.041337 0.068044
9 0.810128 0.320897 0.020668 0.059879
