2 0.412599 0.375726 0.017810 0.010554
2 0.420317 0.395778 0.018997 0.029551
2 0.395383 0.391557 0.016623 0.021108
2 0.385884 0.404222 0.018997 0.029551
2 0.376385 0.404222 0.011873 0.029551
2 0.372823 0.411610 0.016623 0.044327
2 0.356201 0.409499 0.021372 0.044327
2 0.342546 0.420053 0.024934 0.065435
2 0.317019 0.421108 0.037995 0.075989
2 0.456530 0.406333 0.042744 0.084433
2 0.521834 0.385224 0.037995 0.037995
2 0.538457 0.422164 0.035620 0.094987
2 0.559235 0.437995 0.051055 0.118206
2 0.602573 0.453826 0.085488 0.162533
2 0.489776 0.431662 0.077177 0.122427
2 0.749802 0.485488 0.286148 0.327177
5 0.166227 0.374670 0.265963 0.341953
2 0.026715 0.445383 0.032058 0.061214
2 0.018997 0.496042 0.037995 0.116095
