2 0.529321 0.473973 0.009748 0.025995
2 0.208121 0.503434 0.016572 0.074519
2 0.130624 0.383858 0.011698 0.043325
2 0.036555 0.389923 0.008773 0.045058
2 0.396747 0.530295 0.007798 0.027728
2 0.402596 0.484371 0.009748 0.032927
2 0.388948 0.482638 0.009748 0.039859
2 0.415268 0.485238 0.007798 0.038126
4 0.579036 0.494769 0.023395 0.015597
2 0.613154 0.530295 0.007798 0.017330
2 0.680416 0.508633 0.007798 0.029461
2 0.667256 0.507767 0.008773 0.024262
4 0.612667 0.484371 0.008773 0.025995
3 0.290980 0.594416 0.117952 0.103980
3 0.092032 0.619194 0.182464 0.260981
3 0.493253 0.680199 0.272946 0.320603
3 0.695038 0.613479 0.076035 0.097048
3 0.771560 0.629942 0.121851 0.129974
3 0.882201 0.663736 0.189113 0.190629
3 0.978346 0.658004 0.042169 0.345532
