9 0.441637 0.493816 0.015188 0.035526
2 0.287364 0.302684 0.010391 0.054000
2 0.504785 0.346026 0.008793 0.038368
2 0.408864 0.428447 0.007194 0.015632
2 0.426849 0.446921 0.004796 0.018474
2 0.431245 0.453316 0.007194 0.008526
2 0.460821 0.439816 0.005595 0.018474
2 0.453627 0.446211 0.005595 0.014211
2 0.561538 0.431290 0.013589 0.021316
2 0.250194 0.441237 0.012789 0.021316
2 0.584319 0.443369 0.012789 0.028421
3 0.375291 0.488842 0.019984 0.034105
3 0.349712 0.498079 0.034372 0.041211
3 0.153474 0.559895 0.137487 0.136421
3 0.064747 0.510158 0.100717 0.082421
3 0.468015 0.476053 0.011990 0.017053
3 0.476808 0.482447 0.015188 0.018474
3 0.481204 0.490263 0.014388 0.025579
3 0.503985 0.497369 0.024780 0.039789
3 0.275773 0.298421 0.011191 0.059684
3 0.609898 0.510158 0.094322 0.213158
1 0.810533 0.471790 0.377290 0.937895
