9 0.524768 0.273428 0.014692 0.060399
9 0.657911 0.354232 0.011019 0.042443
9 0.219916 0.350151 0.012855 0.053869
9 0.507321 0.275060 0.014692 0.050605
9 0.816305 0.455441 0.015610 0.029383
9 0.219981 0.461738 0.033056 0.035913
9 0.404786 0.466596 0.006428 0.017956
9 0.456360 0.480744 0.007346 0.017956
2 0.216243 0.554692 0.041320 0.058767
2 0.187319 0.545713 0.022037 0.034281
2 0.169413 0.550611 0.022956 0.034281
2 0.400807 0.535103 0.010101 0.016324
2 0.536705 0.543265 0.021119 0.045707
2 0.561956 0.547346 0.045911 0.060399
2 0.941235 0.568471 0.114779 0.085673
2 0.125863 0.568660 0.078049 0.083253
2 0.164888 0.561315 0.016528 0.045707
2 0.376080 0.550821 0.038566 0.055502
2 0.511060 0.539394 0.034893 0.058767
2 0.444947 0.563880 0.078968 0.146917
9 0.007362 0.366482 0.014725 0.061704
