1 0.036272 0.570461 0.072076 0.471356
3 0.129800 0.588003 0.171610 0.176949
3 0.276097 0.543003 0.153591 0.123559
3 0.975409 0.825969 0.047193 0.341695
1 0.880165 0.669613 0.235964 0.379830
3 0.760876 0.606356 0.098676 0.155593
3 0.718403 0.578135 0.063496 0.108305
3 0.693948 0.550678 0.060922 0.099153
3 0.674642 0.536949 0.037754 0.071695
3 0.660055 0.533135 0.036038 0.067119
3 0.643324 0.529322 0.023167 0.041186
3 0.633027 0.522458 0.021451 0.036610
3 0.464849 0.517119 0.030032 0.056441
3 0.483297 0.516356 0.018877 0.045763
3 0.497026 0.507966 0.025742 0.047288
3 0.512900 0.514068 0.011155 0.025932
3 0.409633 0.527644 0.094386 0.102203
3 0.585705 0.535271 0.054915 0.096102
3 0.530361 0.512390 0.018019 0.019831
3 0.544176 0.514678 0.008581 0.015254
3 0.563310 0.513152 0.007722 0.012203
3 0.553443 0.516203 0.010297 0.015254
4 0.827418 0.415678 0.036896 0.083898
2 0.639505 0.482034 0.006006 0.021356
2 0.591454 0.438559 0.006006 0.019831
2 0.573521 0.406525 0.006864 0.025932
2 0.545634 0.408051 0.006006 0.025932
4 0.306238 0.422542 0.014587 0.042712
4 0.086039 0.375206 0.024025 0.041186
