2 0.061813 0.581995 0.098250 0.135490
2 0.435546 0.574607 0.009182 0.035913
2 0.485131 0.581953 0.018365 0.037545
2 0.425905 0.580320 0.013773 0.047340
2 0.577413 0.596645 0.026629 0.060399
2 0.610469 0.600726 0.054175 0.075091
2 0.528274 0.604403 0.074377 0.109371
2 0.459866 0.590528 0.044075 0.068561
2 0.368043 0.588079 0.058767 0.079988
7 0.396049 0.562777 0.046830 0.104474
2 0.207353 0.548530 0.229557 0.346070
2 0.037564 0.598690 0.075128 0.114268
9 0.490400 0.497651 0.006428 0.019589
9 0.365673 0.496578 0.006428 0.019589
