2 0.028185 0.560622 0.056370 0.082913
9 0.073710 0.335268 0.008371 0.061654
9 0.068927 0.343772 0.010763 0.048898
9 0.217812 0.392669 0.011959 0.074409
9 0.227977 0.456449 0.013155 0.019134
9 0.205853 0.452197 0.011959 0.031890
2 0.065937 0.552118 0.019134 0.031890
2 0.074906 0.559559 0.017938 0.021260
2 0.089854 0.555307 0.026309 0.029764
2 0.225585 0.556370 0.015546 0.019134
9 0.260265 0.477709 0.010763 0.040394
9 0.333811 0.435189 0.007175 0.040394
9 0.343378 0.439441 0.007175 0.027638
9 0.381646 0.449008 0.009567 0.029764
2 0.373873 0.561685 0.025113 0.029764
2 0.400182 0.561685 0.034680 0.046772
2 0.425893 0.570189 0.033484 0.051024
2 0.558036 0.579756 0.044247 0.078661
2 0.489274 0.585071 0.124370 0.148819
2 0.299729 0.599953 0.144700 0.238110
2 0.716488 0.563811 0.064577 0.051024
2 0.755952 0.570189 0.069360 0.051024
2 0.803787 0.568063 0.023917 0.038268
