9 0.325290 0.299952 0.010332 0.038265
9 0.478543 0.360412 0.006888 0.027551
9 0.294295 0.355054 0.006888 0.026020
9 0.332608 0.302248 0.007749 0.036735
9 0.316680 0.303014 0.010332 0.038265
9 0.175912 0.394085 0.019802 0.036735
2 0.359311 0.453827 0.027551 0.032143
2 0.330469 0.455357 0.024968 0.022959
2 0.318846 0.481378 0.036161 0.056633
2 0.172050 0.447704 0.035300 0.035204
2 0.212086 0.427041 0.030995 0.015306
2 0.276228 0.427041 0.018080 0.015306
2 0.133724 0.448283 0.055963 0.038265
2 0.055376 0.438334 0.068017 0.030612
2 0.078622 0.448283 0.043909 0.026020
2 0.011408 0.450289 0.022816 0.079014
2 0.253399 0.517160 0.140338 0.188265
9 0.471224 0.361038 0.007749 0.026020
2 0.478543 0.453640 0.034439 0.048980
5 0.694803 0.426276 0.402073 0.534184
2 0.424889 0.453827 0.108482 0.050510
2 0.130437 0.619898 0.260013 0.318367
2 0.425750 0.622194 0.337500 0.304592
