3 0.276802 0.239541 0.032717 0.068878
3 0.404225 0.234949 0.034439 0.078061
3 0.529496 0.200510 0.031856 0.052041
3 0.571253 0.204337 0.032717 0.044388
3 0.467507 0.284694 0.147226 0.229592
3 0.342666 0.264796 0.121397 0.168367
3 0.150670 0.293878 0.298757 0.422449
4 0.679305 0.094898 0.028412 0.021429
4 0.619468 0.120918 0.017219 0.030612
4 0.255708 0.154592 0.012915 0.027551
4 0.061990 0.150000 0.019802 0.015306
4 0.060698 0.127041 0.017219 0.015306
2 0.473820 0.010459 0.018941 0.019898
2 0.454162 0.145408 0.010332 0.030612
2 0.534232 0.133163 0.010332 0.024490
2 0.493971 0.167143 0.008610 0.024490
9 0.665960 0.228061 0.018941 0.088776
3 0.866495 0.473284 0.267010 0.551669
4 0.930152 0.047449 0.046492 0.079592
2 0.966313 0.026020 0.017219 0.048980
