3 0.275257 0.539555 0.039484 0.088150
3 0.220622 0.549349 0.086313 0.111004
3 0.641630 0.606484 0.164363 0.215478
3 0.101588 0.644029 0.203176 0.287304
3 0.457066 0.622808 0.245167 0.355865
9 0.983211 0.554247 0.030302 0.231802
9 0.957042 0.556695 0.034893 0.155079
9 0.930872 0.553430 0.032138 0.171403
9 0.875778 0.537106 0.028465 0.158343
9 0.835376 0.518334 0.021119 0.111004
9 0.811962 0.527312 0.022037 0.112636
9 0.749981 0.531393 0.022956 0.097944
9 0.716925 0.545268 0.030302 0.119166
4 0.506651 0.425286 0.037647 0.026119
2 0.466248 0.427735 0.011937 0.034281
2 0.372130 0.444059 0.011019 0.031016
4 0.841623 0.217059 0.049136 0.068824
