3 0.070600 0.640678 0.141201 0.324499
9 0.080942 0.491950 0.022231 0.072804
9 0.097908 0.497150 0.021061 0.054083
9 0.118969 0.490909 0.018721 0.058243
9 0.133010 0.510671 0.018721 0.068644
9 0.163432 0.500270 0.016381 0.031202
9 0.156412 0.549153 0.023401 0.083205
3 0.226031 0.579315 0.153279 0.205932
1 0.325487 0.516911 0.148599 0.172650
3 0.502752 0.577235 0.077225 0.147689
1 0.560671 0.568914 0.047973 0.097766
3 0.960250 0.660440 0.077225 0.322419
3 0.768943 0.653159 0.382613 0.382743
3 0.413242 0.673960 0.253905 0.349461
4 0.835637 0.397304 0.017551 0.012481
4 0.840903 0.416025 0.025742 0.016641
4 0.837977 0.435786 0.024571 0.018721
4 0.605133 0.468028 0.017551 0.029122
4 0.624440 0.448267 0.014041 0.027042
4 0.187418 0.343221 0.036272 0.054083
2 0.532589 0.440986 0.010531 0.033282
2 0.368779 0.396264 0.005850 0.031202
2 0.230126 0.332820 0.011701 0.041602
2 0.373460 0.397304 0.008190 0.037442
9 0.564181 0.590755 0.010531 0.054083
9 0.571786 0.592836 0.007020 0.045763
9 0.577637 0.578275 0.009361 0.058243
2 0.161677 0.431626 0.026912 0.031202
4 0.250017 0.424345 0.023401 0.008321
4 0.257623 0.438906 0.019891 0.016641
