3 0.766707 0.614811 0.091176 0.083879
3 0.694021 0.571738 0.012114 0.029471
3 0.712830 0.578539 0.028054 0.020403
3 0.643651 0.591007 0.040168 0.056675
3 0.608520 0.583073 0.056108 0.058942
3 0.542401 0.557569 0.015940 0.019270
3 0.527099 0.568904 0.023591 0.030605
3 0.548459 0.571171 0.025504 0.037406
3 0.507334 0.555756 0.009564 0.017909
3 0.511478 0.565390 0.012752 0.021310
3 0.334418 0.541473 0.021041 0.021537
3 0.350996 0.542607 0.017215 0.023804
3 0.361197 0.546574 0.013389 0.031738
3 0.368211 0.548841 0.013389 0.043073
3 0.260330 0.531839 0.008289 0.011335
3 0.225326 0.538073 0.011477 0.019270
3 0.142439 0.543174 0.010202 0.015869
3 0.160610 0.548841 0.033792 0.038539
3 0.182288 0.545441 0.014665 0.038539
3 0.212574 0.538073 0.016577 0.023804
1 0.284941 0.530252 0.009564 0.020403
1 0.242764 0.533029 0.028692 0.038539
1 0.307799 0.526795 0.038893 0.080479
3 0.437071 0.562216 0.026141 0.044207
3 0.397813 0.556873 0.058021 0.095214
4 0.620443 0.444446 0.008289 0.021537
3 0.906340 0.630982 0.137083 0.138287
