3 0.207172 0.514659 0.054241 0.029153
3 0.255737 0.519144 0.017660 0.024668
3 0.282858 0.525872 0.026490 0.020183
3 0.330282 0.526245 0.031535 0.026910
3 0.303792 0.520639 0.018921 0.024668
3 0.374431 0.529609 0.013876 0.015698
3 0.478498 0.536337 0.010091 0.020183
3 0.465884 0.538579 0.010091 0.024668
3 0.437502 0.539701 0.016398 0.026910
3 0.422996 0.541943 0.025228 0.026910
3 0.390199 0.530731 0.015137 0.017940
3 0.491113 0.557641 0.025228 0.044850
3 0.452934 0.545681 0.023378 0.034385
3 0.404663 0.550539 0.027751 0.033638
3 0.531436 0.572965 0.069378 0.096429
4 0.489431 0.485506 0.027751 0.035880
4 0.521597 0.506810 0.013876 0.024668
4 0.425729 0.486628 0.029013 0.020183
4 0.353828 0.500083 0.013876 0.015698
4 0.264898 0.466669 0.015137 0.015698
4 0.264898 0.483488 0.015137 0.008970
3 0.077577 0.506810 0.039104 0.026910
3 0.107221 0.511295 0.030274 0.035880
