4 0.434313 0.068562 0.069481 0.028697
4 0.019417 0.109736 0.038834 0.023706
2 0.081997 0.114103 0.010527 0.044917
2 0.361795 0.057883 0.011470 0.047559
2 0.444489 0.188891 0.007018 0.024806
2 0.091011 0.115827 0.009826 0.046165
2 0.353142 0.057186 0.007720 0.043669
2 0.453503 0.262431 0.010527 0.017468
9 0.675982 0.314002 0.010527 0.032440
3 0.113820 0.302565 0.107379 0.116035
3 0.603109 0.318161 0.094045 0.062384
3 0.285416 0.387516 0.270905 0.350818
3 0.053576 0.323775 0.107153 0.325647
2 0.734159 0.120991 0.057311 0.089151
