4 0.127700 0.146438 0.031194 0.060655
4 0.310964 0.238286 0.025345 0.043325
4 0.582935 0.265148 0.058488 0.072786
4 0.645323 0.318870 0.019496 0.045058
4 0.677004 0.318004 0.026320 0.046791
4 0.711610 0.319737 0.031194 0.043325
3 0.110731 0.329268 0.221100 0.214891
3 0.265635 0.313672 0.112103 0.135173
3 0.339233 0.335334 0.056539 0.081451
3 0.426966 0.367394 0.146221 0.201027
3 0.503488 0.356130 0.018521 0.057189
3 0.516648 0.363928 0.023395 0.041592
3 0.535170 0.355263 0.019496 0.010398
3 0.561977 0.355263 0.024370 0.010398
4 0.786183 0.245218 0.047766 0.053723
4 0.839310 0.240886 0.048740 0.055456
