9 0.594633 0.307606 0.013647 0.067587
9 0.366040 0.419384 0.008773 0.041592
9 0.271484 0.410719 0.010723 0.045058
9 0.787157 0.418518 0.010723 0.039859
9 0.039967 0.382991 0.013647 0.065854
9 0.580011 0.311072 0.015597 0.064121
9 0.465471 0.413319 0.008773 0.043325
9 0.130624 0.420250 0.015597 0.053723
9 0.679928 0.426316 0.006824 0.027728
9 0.695038 0.428049 0.009748 0.031194
9 0.764249 0.425449 0.009748 0.025995
2 0.548817 0.532895 0.062388 0.053723
2 0.810065 0.481772 0.025345 0.027728
2 0.843696 0.484371 0.014622 0.053723
2 0.308527 0.574487 0.073111 0.060655
2 0.759375 0.491303 0.029244 0.043325
