3 0.913145 0.542578 0.172705 0.841406
3 0.526865 0.534375 0.164795 0.290625
3 0.389097 0.532031 0.092285 0.145312
3 0.172927 0.510469 0.295395 0.387187
9 0.760034 0.559375 0.017139 0.079687
9 0.669946 0.536718 0.014502 0.060937
9 0.005933 0.539062 0.011865 0.112500
4 0.087012 0.308984 0.026367 0.058594
2 0.292251 0.334456 0.010341 0.039837
9 0.615454 0.527343 0.009229 0.060937
9 0.627539 0.532031 0.013184 0.046875
9 0.695434 0.536718 0.014502 0.065625
9 0.643886 0.533672 0.007910 0.053906
4 0.264990 0.377343 0.018457 0.044531
4 0.330908 0.465234 0.007910 0.032812
1 0.447790 0.486847 0.041284 0.141663
2 0.590907 0.386066 0.008475 0.043226
4 0.639404 0.391406 0.023730 0.021094
4 0.691479 0.447656 0.018457 0.016406
2 0.798855 0.456643 0.012672 0.025995
2 0.779846 0.455777 0.009748 0.024262
2 0.300586 0.335893 0.008437 0.041250
2 0.595898 0.388125 0.006328 0.035625
