9 0.585532 0.342656 0.007910 0.037500
9 0.404258 0.353203 0.009229 0.030469
9 0.355479 0.352031 0.009229 0.032812
9 0.244078 0.377812 0.013184 0.046875
9 0.302085 0.239531 0.015820 0.056250
9 0.632334 0.368437 0.006592 0.023437
9 0.639585 0.367265 0.007910 0.030469
2 0.290879 0.483281 0.032959 0.037500
2 0.333067 0.473906 0.017139 0.023437
2 0.346910 0.471562 0.018457 0.028125
2 0.412168 0.470390 0.027686 0.035156
5 0.395689 0.461015 0.018457 0.035156
5 0.420078 0.442265 0.030322 0.044531
2 0.364707 0.476250 0.030322 0.032812
2 0.503794 0.505547 0.181933 0.288281
5 0.072600 0.456328 0.145201 0.471093
