2 0.203247 0.645539 0.108204 0.126508
2 0.497639 0.618678 0.053614 0.097048
2 0.717459 0.606547 0.062388 0.093582
2 0.271484 0.623877 0.077010 0.103980
2 0.326073 0.631675 0.030219 0.050257
2 0.355317 0.626477 0.026320 0.043325
2 0.392360 0.634275 0.061413 0.097048
2 0.434277 0.622144 0.024370 0.051990
2 0.453773 0.611746 0.030219 0.065854
2 0.529321 0.618678 0.017547 0.051990
2 0.547355 0.599615 0.022421 0.041592
2 0.561002 0.595283 0.008773 0.022529
2 0.564901 0.586618 0.012673 0.025995
2 0.683828 0.606547 0.018521 0.062388
2 0.669693 0.598749 0.033143 0.050257
2 0.652146 0.597882 0.021446 0.038126
2 0.639961 0.592683 0.012673 0.031194
2 0.633625 0.591817 0.013647 0.029461
7 0.474731 0.554557 0.052640 0.048524
