9 0.424297 0.104909 0.011471 0.050302
9 0.387335 0.290937 0.005353 0.020393
9 0.325774 0.289577 0.006118 0.017674
9 0.386188 0.350076 0.003059 0.010876
9 0.368981 0.345317 0.002294 0.012236
9 0.591900 0.251511 0.013000 0.025831
9 0.102474 0.275982 0.009941 0.025831
9 0.112214 0.277341 0.007647 0.027190
9 0.571204 0.252870 0.015295 0.024471
9 0.721473 0.158384 0.016059 0.047583
9 0.751374 0.097749 0.039766 0.042145
9 0.765904 0.150091 0.032119 0.059819
2 0.211830 0.373145 0.066531 0.078852
2 0.399188 0.352115 0.007647 0.021752
2 0.405306 0.351435 0.013765 0.025831
2 0.414483 0.354834 0.013765 0.029909
2 0.424424 0.356193 0.015295 0.032628
2 0.436277 0.362311 0.020648 0.042145
2 0.468014 0.367069 0.065002 0.081571
2 0.349481 0.360272 0.013000 0.019033
2 0.339539 0.359592 0.016059 0.014955
2 0.324245 0.355514 0.017589 0.025831
2 0.308185 0.355514 0.020648 0.031269
2 0.292508 0.358912 0.018353 0.046224
2 0.274920 0.364350 0.026001 0.048943
2 0.250066 0.365710 0.034413 0.059819
2 0.367452 0.361631 0.012236 0.016314
2 0.890014 0.378530 0.160809 0.105882
9 0.436622 0.103235 0.013401 0.052941
