2 0.549792 0.431862 0.023395 0.017330
2 0.569775 0.434461 0.022421 0.019063
2 0.552229 0.452657 0.053614 0.045058
2 0.587322 0.447458 0.028269 0.034660
2 0.597070 0.458723 0.034118 0.043325
2 0.629726 0.487317 0.068237 0.097048
2 0.810553 0.452657 0.084808 0.072786
2 0.849058 0.449191 0.087733 0.083184
2 0.880251 0.469987 0.087733 0.103980
2 0.905109 0.470854 0.088708 0.109178
2 0.443538 0.453524 0.015597 0.025995
2 0.424529 0.450058 0.022421 0.032927
2 0.405520 0.450058 0.019496 0.022529
2 0.391385 0.451791 0.022421 0.032927
2 0.366040 0.447458 0.030219 0.024262
2 0.335821 0.460456 0.036068 0.039859
5 0.334846 0.448325 0.082859 0.071053
2 0.259299 0.463922 0.027295 0.029461
2 0.228592 0.476919 0.059463 0.055456
2 0.357267 0.547972 0.162793 0.169833
7 0.522984 0.425796 0.018521 0.077985
7 0.479605 0.425796 0.068237 0.161168
2 0.549792 0.556637 0.132574 0.183697
9 0.763275 0.307953 0.013647 0.071053
9 0.338258 0.306220 0.015597 0.077985
2 0.664332 0.516778 0.088708 0.131707
