9 0.120095 0.512405 0.029430 0.131646
9 0.207911 0.508523 0.024684 0.102954
9 0.235918 0.495696 0.029051 0.144810
5 0.301709 0.493164 0.027342 0.143797
9 0.423607 0.478987 0.019747 0.087764
9 0.364842 0.487932 0.012342 0.079325
9 0.337785 0.488776 0.013291 0.081013
9 0.718766 0.449114 0.018038 0.089451
9 0.672247 0.456709 0.012342 0.074262
9 0.700633 0.455527 0.010253 0.075274
9 0.049842 0.517637 0.027532 0.119831
9 0.258038 0.497384 0.020886 0.126582
9 0.392943 0.483882 0.012342 0.069198
9 0.348797 0.491477 0.009494 0.077637
9 0.644050 0.458565 0.011392 0.089451
9 0.689145 0.454346 0.008544 0.074262
9 0.775917 0.446751 0.012342 0.065823
0 0.274367 0.478481 0.024684 0.054008
5 0.382310 0.497721 0.019937 0.047595
9 0.380981 0.481519 0.014241 0.069198
5 0.277025 0.511899 0.024684 0.055696
5 0.196994 0.526245 0.016139 0.043882
3 0.167089 0.524472 0.034177 0.065823
7 0.076424 0.468776 0.152848 0.200844
3 0.580603 0.469873 0.126396 0.251139
2 0.776463 0.367088 0.023022 0.025316
2 0.864588 0.283038 0.033608 0.039494
2 0.351266 0.321800 0.009494 0.043882
2 0.398639 0.219803 0.011582 0.052546
2 0.142405 0.383629 0.034177 0.038819
2 0.388671 0.223797 0.012532 0.046582
4 0.348323 0.347679 0.017278 0.010127
2 0.665743 0.211814 0.010443 0.045570
2 0.674525 0.210126 0.009494 0.045570
4 0.950696 0.344979 0.013291 0.027004
3 0.291479 0.511856 0.030807 0.038734
