3 0.954978 0.443067 0.087767 0.087365
3 0.482654 0.410131 0.029252 0.027042
3 0.365647 0.402851 0.015211 0.016641
3 0.188381 0.391410 0.009361 0.014561
3 0.214708 0.393490 0.010531 0.014561
3 0.290177 0.401811 0.009361 0.014561
3 0.301878 0.402851 0.014041 0.008320
3 0.221728 0.396610 0.008190 0.016641
3 0.231674 0.398691 0.014041 0.016641
3 0.335810 0.410825 0.025742 0.035362
3 0.274966 0.408745 0.014041 0.018721
3 0.415375 0.405624 0.037442 0.020801
4 0.362137 0.350501 0.038612 0.039522
4 0.430001 0.386903 0.005850 0.016641
4 0.321769 0.380663 0.018721 0.024961
4 0.321184 0.345301 0.040952 0.041602
4 0.300708 0.376503 0.021061 0.024961
4 0.260926 0.346341 0.044463 0.043683
