9 0.674956 0.613119 0.039209 0.207692
9 0.622544 0.602450 0.028807 0.177819
9 0.879803 0.642993 0.060014 0.327187
9 0.929415 0.647261 0.052012 0.304426
9 0.836593 0.593915 0.056813 0.220495
0 0.027206 0.624500 0.052812 0.227608
5 0.028006 0.665042 0.041610 0.163593
2 0.031207 0.193467 0.020805 0.096733
2 0.578534 0.044099 0.024006 0.088198
2 0.598538 0.046233 0.012803 0.089621
2 0.543325 0.046233 0.024006 0.089621
2 0.054813 0.206270 0.023205 0.093888
2 0.010002 0.195601 0.018404 0.078240
2 0.610541 0.489357 0.024006 0.036986
4 0.594537 0.284510 0.024006 0.059747
4 0.594137 0.388356 0.024806 0.051212
4 0.594137 0.448815 0.034408 0.066860
3 0.222051 0.622366 0.117627 0.132297
3 0.296468 0.610274 0.029607 0.071128
4 0.144833 0.431744 0.016004 0.024183
4 0.146034 0.463040 0.028006 0.029874
3 0.774179 0.614542 0.125629 0.116649
3 0.975425 0.618098 0.048011 0.109536
3 0.333277 0.586091 0.016804 0.017071
9 0.137607 0.623023 0.016373 0.084548
