3 0.466293 0.527153 0.021795 0.034668
3 0.502426 0.525113 0.022942 0.034668
3 0.607098 0.524603 0.036707 0.046903
2 0.580381 0.531656 0.030494 0.020563
3 0.537699 0.525623 0.017206 0.020393
3 0.515331 0.525623 0.011471 0.032628
3 0.694851 0.538878 0.084885 0.091767
3 0.901403 0.571171 0.192863 0.184197
4 0.435895 0.484668 0.009177 0.016314
4 0.324054 0.435725 0.019501 0.012236
4 0.442778 0.421450 0.011471 0.028550
4 0.540472 0.452039 0.012618 0.012236
2 0.593238 0.457477 0.008030 0.024471
2 0.569149 0.476850 0.005735 0.022432
2 0.501470 0.434026 0.010324 0.022432
3 0.294438 0.524611 0.027542 0.018653
3 0.260338 0.528109 0.035411 0.020984
3 0.220993 0.529275 0.045903 0.037306
3 0.136399 0.545596 0.068199 0.051295
3 0.062953 0.568912 0.049838 0.041969
3 0.017050 0.584067 0.034100 0.044301
