9 0.592848 0.260016 0.014041 0.020801
9 0.774794 0.307858 0.012871 0.024961
9 0.573542 0.388983 0.010531 0.012481
9 0.784739 0.393144 0.011701 0.020801
9 0.284534 0.179931 0.017551 0.068644
9 0.267568 0.176811 0.016381 0.066564
9 0.650766 0.400424 0.010531 0.018721
2 0.570031 0.411865 0.008190 0.016641
2 0.578222 0.413945 0.012871 0.020801
2 0.586997 0.420185 0.014041 0.020801
2 0.615079 0.440986 0.016381 0.024961
2 0.484031 0.429546 0.014041 0.018721
2 0.434303 0.451387 0.024571 0.045763
2 0.404466 0.454507 0.037442 0.047843
2 0.547215 0.421225 0.009361 0.018721
2 0.556576 0.424345 0.009361 0.016641
2 0.555405 0.430586 0.011701 0.020801
2 0.523229 0.411865 0.012871 0.016641
