2 0.863352 0.557157 0.272290 0.306740
2 0.428915 0.504301 0.056539 0.097048
2 0.463034 0.505167 0.033143 0.071053
2 0.476194 0.497369 0.024370 0.069320
2 0.496177 0.504301 0.013647 0.048524
7 0.721845 0.485238 0.088708 0.076252
2 0.555640 0.493903 0.015597 0.024262
2 0.521035 0.494769 0.024370 0.032927
2 0.664638 0.495636 0.021085 0.027728
2 0.639961 0.493903 0.022421 0.031194
2 0.571237 0.485238 0.009748 0.017330
2 0.627776 0.488704 0.011698 0.024262
2 0.531758 0.473107 0.010723 0.010398
2 0.535657 0.464442 0.010723 0.006932
2 0.539069 0.458376 0.011698 0.008665
2 0.566851 0.468774 0.008773 0.019063
9 0.580011 0.434114 0.007798 0.015597
9 0.622415 0.467908 0.006824 0.013864
