3 0.093044 0.616554 0.151602 0.109263
3 0.011353 0.617768 0.022706 0.116547
3 0.510291 0.621410 0.084679 0.118975
3 0.315667 0.622624 0.058729 0.072842
3 0.401711 0.610484 0.025950 0.033993
1 0.669405 0.567992 0.102434 0.157824
3 0.418954 0.600945 0.017755 0.026709
3 0.433295 0.604587 0.008195 0.019424
3 0.442855 0.607015 0.008195 0.024281
3 0.453099 0.607015 0.009560 0.024281
3 0.459245 0.609443 0.008195 0.024281
4 0.570556 0.585162 0.009560 0.019424
4 0.787716 0.337500 0.075118 0.029137
4 0.816397 0.394560 0.031413 0.021853
4 0.115750 0.337500 0.023218 0.014568
4 0.128569 0.454047 0.029736 0.024281
2 0.115750 0.525675 0.023218 0.026709
2 0.016560 0.126259 0.033120 0.145684
2 0.808202 0.495324 0.009560 0.033993
2 0.748791 0.284083 0.013658 0.053417
2 0.762449 0.280441 0.013658 0.065558
2 0.730353 0.285297 0.015024 0.060701
