9 0.033631 0.514699 0.022421 0.031194
9 0.058488 0.512966 0.013647 0.027728
9 0.846133 0.464442 0.009748 0.020796
9 0.874403 0.460109 0.025345 0.029461
9 0.687727 0.162901 0.022421 0.090116
9 0.661370 0.167234 0.022347 0.084917
9 0.464983 0.519898 0.005849 0.020796
9 0.539745 0.516432 0.007201 0.020796
9 0.597070 0.554557 0.008773 0.013864
9 0.525909 0.547625 0.004874 0.017330
9 0.496665 0.552824 0.004874 0.017330
2 0.181314 0.622144 0.109178 0.086650
2 0.260761 0.610880 0.059463 0.081451
2 0.301216 0.605681 0.037043 0.053723
2 0.390411 0.609147 0.080909 0.102247
2 0.476681 0.593550 0.035093 0.036393
2 0.510386 0.588351 0.021094 0.022529
2 0.606330 0.584018 0.031194 0.031194
2 0.594145 0.580552 0.022421 0.031194
5 0.569732 0.575353 0.026407 0.048524
2 0.540747 0.586618 0.013105 0.015597
2 0.650197 0.580552 0.025345 0.024262
