2 0.075918 0.467223 0.151454 0.129017
2 0.045417 0.400080 0.090452 0.028047
2 0.308359 0.435607 0.084141 0.099100
2 0.598646 0.401950 0.008414 0.039266
2 0.583922 0.392601 0.027346 0.024307
5 0.738531 0.294436 0.292391 0.523546
2 0.558679 0.403820 0.033657 0.046745
2 0.488020 0.405748 0.033657 0.031787
7 0.491701 0.378636 0.024191 0.029917
7 0.537453 0.389855 0.025242 0.046745
9 0.127790 0.028982 0.051537 0.050485
9 0.367592 0.278601 0.017880 0.082272
9 0.591093 0.371157 0.012621 0.020568
9 0.007362 0.320672 0.012621 0.065443
9 0.017354 0.318802 0.013673 0.061704
9 0.520624 0.317867 0.008414 0.039266
9 0.576368 0.351524 0.006311 0.016828
9 0.107116 0.263539 0.013389 0.037406
9 0.126244 0.269490 0.011477 0.035705
9 0.385426 0.272040 0.021041 0.085013
