2 0.156573 0.482447 0.032288 0.027638
2 0.193047 0.481080 0.035876 0.034016
2 0.233706 0.474702 0.040659 0.034016
2 0.252242 0.483206 0.029897 0.029764
2 0.332963 0.516159 0.148287 0.189213
5 0.381396 0.463009 0.058597 0.074409
2 0.429231 0.516462 0.049031 0.082913
2 0.448962 0.498088 0.011959 0.029764
2 0.457931 0.497025 0.013155 0.023386
2 0.472282 0.495962 0.013155 0.025512
2 0.486632 0.488521 0.015546 0.010630
2 0.487230 0.506592 0.014350 0.025512
2 0.508158 0.527852 0.046639 0.068032
2 0.560776 0.532104 0.044247 0.059528
2 0.615786 0.539545 0.041855 0.040394
2 0.686940 0.588442 0.157854 0.167953
9 0.547621 0.479258 0.008371 0.021260
9 0.486034 0.470450 0.009567 0.012756
9 0.442385 0.455568 0.008371 0.017008
9 0.423251 0.447064 0.010763 0.017008
