3 0.392918 0.479471 0.157805 0.117317
3 0.022236 0.484742 0.015780 0.018703
3 0.035386 0.483042 0.011477 0.017003
3 0.045190 0.483467 0.012911 0.014452
3 0.057144 0.483042 0.014824 0.013602
3 0.073403 0.479216 0.021519 0.014452
3 0.091574 0.476666 0.016737 0.012752
3 0.108311 0.473265 0.016737 0.016152
3 0.121462 0.471565 0.011477 0.012752
3 0.130547 0.471990 0.009564 0.011902
3 0.140590 0.470290 0.011477 0.010202
3 0.150632 0.469865 0.009564 0.011052
3 0.158522 0.468164 0.009086 0.009351
3 0.165934 0.466889 0.006695 0.008501
3 0.246988 0.457226 0.009086 0.007651
3 0.236946 0.459776 0.012911 0.009351
3 0.208015 0.464452 0.005738 0.010202
3 0.008129 0.486697 0.016259 0.018703
2 0.045190 0.261669 0.015780 0.054408
2 0.480804 0.227257 0.038777 0.147035
2 0.570966 0.348382 0.008608 0.023804
2 0.521951 0.355353 0.008129 0.028904
2 0.399533 0.382727 0.008129 0.023804
2 0.533906 0.339795 0.013868 0.056958
2 0.562597 0.348297 0.009086 0.026354
2 0.725981 0.278700 0.016099 0.041656
2 0.612808 0.110042 0.026301 0.076779
4 0.042559 0.223371 0.012433 0.016152
4 0.476761 0.129432 0.025823 0.047607
4 0.482739 0.420600 0.028214 0.050157
4 0.480587 0.332187 0.035386 0.056958
4 0.743594 0.395946 0.020084 0.038256
4 0.736900 0.345789 0.013389 0.024654
4 0.120027 0.441725 0.018171 0.018703
4 0.075794 0.437900 0.027257 0.022953
4 0.054753 0.440025 0.014824 0.022103
4 0.150632 0.440875 0.013389 0.011902
4 0.137003 0.442150 0.014824 0.011052
4 0.605562 0.054185 0.010527 0.032440
