4 0.655071 0.315404 0.027295 0.034660
4 0.654096 0.343999 0.027295 0.015597
4 0.604381 0.362195 0.011698 0.017330
2 0.316813 0.360462 0.009748 0.034660
2 0.599019 0.395122 0.008773 0.034660
2 0.016572 0.300674 0.015597 0.025995
2 0.651172 0.440180 0.027295 0.024262
4 0.679441 0.376059 0.013647 0.058922
2 0.328023 0.359596 0.010723 0.043325
3 0.640449 0.600482 0.239803 0.251284
3 0.387974 0.557157 0.124775 0.178498
3 0.205684 0.547625 0.146221 0.173299
3 0.296829 0.532028 0.055564 0.079718
3 0.452311 0.530295 0.035093 0.069320
3 0.767174 0.532028 0.091632 0.065854
9 0.872453 0.530295 0.031194 0.142105
