2 0.491470 0.371174 0.016358 0.022959
2 0.423454 0.379592 0.012915 0.021429
2 0.386432 0.386480 0.012915 0.016837
2 0.407956 0.386480 0.021524 0.029082
2 0.349410 0.392602 0.028412 0.041327
2 0.323581 0.396429 0.009471 0.018367
2 0.277006 0.409745 0.092985 0.108674
2 0.175269 0.422340 0.055102 0.044388
2 0.125702 0.424745 0.042188 0.038265
2 0.033363 0.446174 0.066725 0.081122
2 0.855804 0.360459 0.086958 0.078061
9 0.774442 0.221174 0.010332 0.035204
9 0.396046 0.092602 0.019802 0.078061
9 0.532079 0.091837 0.019802 0.082653
