9 0.202734 0.224952 0.022309 0.112881
9 0.176992 0.239444 0.024025 0.105254
9 0.286823 0.224190 0.013729 0.053390
9 0.333587 0.200546 0.014587 0.054915
9 0.866007 0.278342 0.013729 0.048814
9 0.612024 0.395037 0.006864 0.013729
2 0.073168 0.498766 0.145869 0.086949
2 0.264514 0.481986 0.066928 0.032034
2 0.351177 0.469783 0.060064 0.035085
2 0.212173 0.479698 0.051483 0.027458
2 0.306558 0.464444 0.022309 0.021356
2 0.396224 0.465206 0.026600 0.016780
2 0.372199 0.468257 0.031748 0.022881
2 0.313852 0.476647 0.035180 0.027458
2 0.514635 0.460630 0.031748 0.044237
2 0.736871 0.457579 0.072934 0.077797
2 0.691394 0.454529 0.047193 0.056441
2 0.653640 0.447664 0.045477 0.064068
2 0.633046 0.447664 0.021451 0.051864
2 0.611166 0.452240 0.027458 0.048814
5 0.572983 0.433935 0.047193 0.091525
2 0.820530 0.422495 0.030890 0.032034
2 0.796934 0.424020 0.014587 0.028983
2 0.855711 0.421732 0.013729 0.021356
2 0.905555 0.386349 0.050958 0.069276
2 0.970002 0.375691 0.059951 0.062171
