2 0.537802 0.584371 0.161609 0.175267
2 0.375320 0.494186 0.031823 0.032169
2 0.408078 0.508052 0.039934 0.062120
2 0.431789 0.524248 0.056158 0.068776
2 0.360656 0.519256 0.048670 0.065448
5 0.241165 0.494186 0.099212 0.185251
9 0.316042 0.408217 0.004368 0.019967
9 0.323842 0.409326 0.004992 0.022186
9 0.391543 0.379930 0.004368 0.021076
9 0.319474 0.408217 0.004992 0.022186
9 0.396535 0.378266 0.004368 0.022186
2 0.333435 0.500456 0.025228 0.029153
2 0.313252 0.495971 0.017660 0.033638
2 0.293700 0.481395 0.023967 0.017940
2 0.292439 0.504942 0.018921 0.029153
