2 0.482583 0.472532 0.017660 0.017940
2 0.459877 0.477017 0.032797 0.031395
2 0.449786 0.498321 0.027751 0.051578
2 0.432757 0.501685 0.034058 0.053821
2 0.408159 0.507291 0.045411 0.069518
2 0.377885 0.512897 0.052980 0.080731
2 0.311030 0.522988 0.111005 0.123339
2 0.181104 0.572324 0.179122 0.172674
2 0.527363 0.485987 0.034058 0.031395
2 0.558268 0.489351 0.030274 0.042608
2 0.485737 0.505849 0.056764 0.071761
6 0.568990 0.470289 0.026490 0.040365
6 0.627016 0.462440 0.076947 0.141279
2 0.049916 0.582415 0.098391 0.246678
2 0.707427 0.478709 0.035320 0.040365
2 0.726348 0.478709 0.040365 0.035880
