3 0.445857 0.569388 0.023246 0.058163
3 0.435095 0.585459 0.024107 0.090306
3 0.480296 0.584694 0.030134 0.055102
3 0.508277 0.585459 0.043048 0.093367
3 0.573280 0.593113 0.112787 0.182143
3 0.314989 0.634439 0.252264 0.362755
3 0.714910 0.682442 0.308227 0.339374
9 0.951676 0.588521 0.024107 0.108674
9 0.924986 0.574745 0.024107 0.108674
2 0.431220 0.476786 0.012915 0.050510
2 0.533245 0.464541 0.013776 0.038265
3 0.593513 0.489796 0.013776 0.027551
4 0.595665 0.455357 0.014636 0.032143
3 0.955866 0.621300 0.083938 0.167876
3 0.099020 0.596891 0.064265 0.060622
