3 0.442471 0.647362 0.014350 0.014882
3 0.428718 0.650551 0.013155 0.025512
3 0.416162 0.652677 0.011959 0.029764
3 0.401811 0.653740 0.016742 0.040394
3 0.389852 0.654803 0.021526 0.051024
3 0.371317 0.659055 0.041855 0.059528
3 0.355852 0.665646 0.053650 0.055701
3 0.481442 0.644173 0.020119 0.034016
3 0.493893 0.642047 0.019134 0.042520
3 0.506449 0.647362 0.020330 0.053150
3 0.543604 0.663520 0.053978 0.059953
3 0.513027 0.650551 0.011959 0.046772
2 0.607500 0.572953 0.019134 0.027638
4 0.599129 0.522992 0.026309 0.021260
4 0.743829 0.449646 0.026309 0.040394
2 0.770138 0.494291 0.016742 0.048898
3 0.780502 0.701575 0.291791 0.318898
3 0.916432 0.815740 0.165827 0.355890
4 0.287008 0.519591 0.028701 0.021260
4 0.288802 0.545103 0.020330 0.025512
2 0.273255 0.587622 0.025113 0.029764
4 0.090370 0.410953 0.025278 0.034441
4 0.101649 0.443055 0.050226 0.034016
2 0.075340 0.499394 0.040659 0.044646
3 0.087896 0.752386 0.175792 0.248740
2 0.367928 0.431575 0.016742 0.034016
2 0.353578 0.432638 0.011959 0.048898
2 0.538339 0.337076 0.015546 0.061439
2 0.491366 0.597111 0.008414 0.028047
2 0.468753 0.615809 0.009466 0.020568
2 0.425631 0.602721 0.009466 0.020568
2 0.446140 0.618614 0.006311 0.014958
3 0.458761 0.641052 0.010518 0.014958
