9 0.188240 0.219643 0.026690 0.047449
9 0.227414 0.242602 0.022385 0.038265
9 0.566479 0.263983 0.021524 0.030612
9 0.344506 0.110204 0.015497 0.055102
9 0.357851 0.110204 0.016358 0.055102
2 0.333314 0.312398 0.012054 0.022959
2 0.340632 0.311480 0.009471 0.019898
2 0.347089 0.309949 0.012054 0.019898
2 0.356129 0.306888 0.021524 0.016837
2 0.380667 0.312245 0.032717 0.030612
5 0.416397 0.303827 0.037022 0.053571
5 0.467625 0.297704 0.063712 0.075000
2 0.459446 0.348980 0.055963 0.076531
2 0.361295 0.328316 0.052519 0.035204
2 0.409940 0.313776 0.030995 0.033673
2 0.526171 0.390306 0.111926 0.137755
2 0.389277 0.420919 0.139477 0.192857
2 0.801993 0.487500 0.392602 0.540306
