9 0.009949 0.281744 0.018941 0.081122
9 0.031043 0.284806 0.024968 0.084184
9 0.594117 0.166183 0.030134 0.082653
9 0.573023 0.156234 0.022385 0.081122
2 0.285411 0.675766 0.014636 0.024490
2 0.264318 0.671939 0.022385 0.038265
2 0.245376 0.681123 0.013776 0.016837
2 0.235906 0.678827 0.013776 0.024490
2 0.294882 0.670408 0.011193 0.038265
2 0.306075 0.662755 0.019802 0.053571
2 0.314254 0.665817 0.025829 0.059694
2 0.323294 0.664286 0.030134 0.062755
2 0.333626 0.666582 0.023246 0.064286
2 0.363482 0.665817 0.063407 0.078061
2 0.763720 0.633623 0.203720 0.139694
2 0.899157 0.643368 0.060268 0.088776
2 0.955981 0.618878 0.084375 0.247959
