2 0.916611 0.470870 0.159797 0.293795
7 0.058899 0.419881 0.116092 0.182104
9 0.413320 0.355537 0.010926 0.019424
9 0.500047 0.353109 0.012292 0.019424
9 0.434490 0.399242 0.009560 0.019424
2 0.516437 0.432368 0.039608 0.050989
2 0.573117 0.432021 0.016389 0.046133
2 0.594287 0.432021 0.036876 0.055845
2 0.630480 0.439305 0.054631 0.080126
2 0.693989 0.449018 0.077850 0.089838
2 0.780716 0.461158 0.122921 0.133543
2 0.448148 0.417453 0.020487 0.026709
2 0.472049 0.416239 0.016389 0.019424
2 0.235085 0.432021 0.039608 0.041277
2 0.307472 0.419881 0.023218 0.036421
2 0.338202 0.417453 0.024584 0.031565
2 0.375078 0.418667 0.019121 0.024281
2 0.389419 0.416239 0.012292 0.024281
2 0.401711 0.418667 0.015024 0.024281
2 0.418100 0.410169 0.015024 0.031565
2 0.436539 0.416239 0.010926 0.029137
2 0.495267 0.418667 0.013658 0.024281
9 0.464537 0.383460 0.009560 0.021853
