4 0.125140 0.168577 0.065558 0.087410
4 0.115579 0.347039 0.043705 0.070414
4 0.048656 0.241418 0.010926 0.029137
4 0.349128 0.418667 0.019121 0.033993
4 0.347763 0.377390 0.016389 0.029137
4 0.508071 0.450405 0.010926 0.026709
4 0.528558 0.447977 0.013658 0.021853
4 0.531973 0.461331 0.012292 0.014568
4 0.523095 0.471044 0.013658 0.029137
4 0.622114 0.393346 0.017755 0.024281
4 0.447977 0.473472 0.013658 0.009712
4 0.349641 0.455666 0.016389 0.033993
4 0.113531 0.381205 0.042339 0.033993
4 0.192746 0.370279 0.009560 0.021853
3 0.465220 0.515789 0.013658 0.024281
3 0.477512 0.513361 0.010926 0.019424
3 0.489804 0.519431 0.016389 0.021853
3 0.509608 0.518217 0.017755 0.019424
3 0.248743 0.500007 0.055997 0.060701
3 0.222793 0.484224 0.023218 0.029137
3 0.162699 0.478154 0.050534 0.036421
3 0.181820 0.503649 0.077850 0.067986
3 0.035681 0.506077 0.069655 0.101978
3 0.077337 0.510933 0.139310 0.101978
3 0.394882 0.508505 0.042339 0.072842
3 0.437221 0.529144 0.055997 0.080126
3 0.319081 0.514575 0.098336 0.128687
9 0.820324 0.558280 0.040974 0.182104
9 0.855834 0.557066 0.040974 0.189389
9 0.533509 0.523073 0.008195 0.038849
9 0.523949 0.529144 0.013658 0.055845
3 0.888613 0.559494 0.202136 0.121403
