9 0.171622 0.117180 0.021061 0.074884
9 0.767773 0.321033 0.026912 0.033282
9 0.161677 0.123421 0.015211 0.070724
9 0.198534 0.117180 0.018721 0.074884
9 0.004491 0.390717 0.008983 0.035362
2 0.362344 0.484322 0.028082 0.056163
2 0.341868 0.485362 0.022231 0.054083
2 0.309106 0.479122 0.054993 0.049923
2 0.451269 0.470802 0.009361 0.024961
2 0.444834 0.474962 0.015211 0.041602
2 0.435473 0.473922 0.017551 0.052003
2 0.473501 0.478082 0.044463 0.060324
2 0.541365 0.472882 0.039782 0.054083
7 0.405637 0.464561 0.063184 0.112327
2 0.180398 0.541526 0.349851 0.191371
2 0.757828 0.454161 0.238694 0.183051
