2 0.876711 0.677079 0.244029 0.339579
2 0.059097 0.552336 0.070168 0.090092
2 0.229450 0.537782 0.045999 0.060986
2 0.133163 0.552336 0.159048 0.145534
2 0.424361 0.524615 0.067829 0.070688
2 0.747524 0.598075 0.109150 0.173255
2 0.316380 0.568968 0.183996 0.217608
2 0.577561 0.648804 0.296265 0.450462
9 0.284025 0.249487 0.014813 0.083162
9 0.232958 0.291068 0.014034 0.049897
9 0.179552 0.471945 0.008576 0.015246
9 0.496478 0.370072 0.009356 0.036037
9 0.571324 0.372844 0.006237 0.030493
9 0.276306 0.457392 0.009356 0.022177
