4 0.063850 0.395989 0.026320 0.019063
4 0.602919 0.382125 0.028269 0.064121
4 0.618028 0.434114 0.027295 0.012131
4 0.602919 0.447978 0.014622 0.012131
4 0.595120 0.466175 0.008773 0.013864
4 0.600969 0.486104 0.030219 0.015597
4 0.494228 0.532895 0.013647 0.032927
4 0.284644 0.434114 0.019496 0.012131
4 0.294392 0.460976 0.019496 0.013864
4 0.288056 0.491303 0.012673 0.015597
4 0.450849 0.547625 0.008773 0.017330
2 0.376276 0.510366 0.007798 0.022529
2 0.450361 0.531162 0.007798 0.015597
3 0.086270 0.659403 0.172541 0.313672
3 0.851982 0.775514 0.294392 0.445379
3 0.203247 0.642940 0.084808 0.176765
3 0.662869 0.674134 0.230055 0.246085
3 0.538094 0.637741 0.062388 0.152503
3 0.350931 0.575353 0.027295 0.031194
3 0.367015 0.574487 0.010723 0.025995
3 0.371889 0.571887 0.016572 0.027728
