3 0.352070 0.689835 0.019074 0.027551
3 0.334785 0.690895 0.020266 0.038148
3 0.319883 0.697253 0.021458 0.050863
3 0.251933 0.715267 0.052453 0.082653
3 0.203056 0.712088 0.092985 0.122920
3 0.130337 0.734340 0.147822 0.154710
3 0.431942 0.680298 0.011921 0.016954
3 0.399755 0.681358 0.016690 0.019074
3 0.376508 0.678885 0.022650 0.021193
3 0.529695 0.693367 0.040532 0.052983
3 0.581552 0.689129 0.044108 0.057221
3 0.668774 0.681711 0.073911 0.067818
3 0.907793 0.634026 0.027419 0.061460
3 0.481017 0.673234 0.008345 0.038148
3 0.936999 0.620957 0.021458 0.025432
1 0.855141 0.637559 0.090600 0.171664
4 0.553537 0.570094 0.019074 0.042386
4 0.772289 0.575392 0.027419 0.048744
1 0.278755 0.672527 0.067950 0.131397
4 0.471281 0.621311 0.009537 0.031790
