3 0.467269 0.458571 0.087670 0.142146
3 0.253534 0.482232 0.169842 0.204621
3 0.061497 0.487846 0.122995 0.160952
3 0.329331 0.444177 0.030880 0.048660
3 0.385828 0.442930 0.011931 0.016220
3 0.401970 0.442930 0.011931 0.023706
3 0.418463 0.449168 0.032284 0.056146
3 0.508999 0.446673 0.016844 0.056146
3 0.544792 0.437939 0.022458 0.063632
3 0.643749 0.448544 0.049128 0.069871
4 0.235989 0.364949 0.030880 0.012477
4 0.399514 0.408618 0.008422 0.012477
3 0.536019 0.427334 0.014738 0.032440
1 0.584094 0.422967 0.065972 0.131007
3 0.671822 0.427957 0.015440 0.028697
3 0.523035 0.429829 0.018247 0.029945
3 0.354246 0.446673 0.021757 0.018715
9 0.605500 0.443553 0.019651 0.082347
4 0.525492 0.391774 0.017546 0.008734
2 0.540230 0.346234 0.004211 0.019963
2 0.544441 0.348729 0.005615 0.019963
2 0.270729 0.359958 0.004211 0.022458
2 0.418814 0.390527 0.004211 0.018715
2 0.398812 0.378674 0.006316 0.022458
