9 0.377761 0.404395 0.011208 0.042343
9 0.503857 0.396923 0.011208 0.032380
9 0.482140 0.460438 0.009807 0.024908
9 0.400879 0.481609 0.009807 0.022417
9 0.321018 0.451720 0.009807 0.037362
2 0.423996 0.517726 0.016813 0.024908
2 0.406483 0.526443 0.015412 0.022417
2 0.460424 0.507762 0.011208 0.019926
2 0.445713 0.505272 0.012610 0.019926
2 0.498953 0.526443 0.046235 0.047325
2 0.554295 0.531425 0.061647 0.067251
2 0.611738 0.530179 0.056042 0.064760
2 0.666380 0.540142 0.072855 0.094649
2 0.748342 0.536406 0.127497 0.161900
7 0.212436 0.504026 0.193346 0.291421
2 0.070228 0.611130 0.138705 0.221679
2 0.362979 0.515277 0.036018 0.040909
2 0.838335 0.486971 0.027295 0.138639
