2 0.090967 0.607546 0.179318 0.296612
2 0.922199 0.658829 0.148912 0.399178
2 0.297240 0.538475 0.070168 0.113655
2 0.227462 0.558573 0.113049 0.153850
2 0.505405 0.496201 0.006237 0.020791
2 0.512422 0.501745 0.012474 0.029107
2 0.520218 0.512833 0.017152 0.034651
2 0.545167 0.516992 0.042101 0.062372
2 0.590387 0.521843 0.057694 0.094250
2 0.629759 0.552336 0.070948 0.141376
2 0.804399 0.527271 0.319655 0.340734
2 0.466384 0.480816 0.009356 0.018018
2 0.458198 0.487053 0.008576 0.019405
2 0.452350 0.491211 0.009356 0.016632
2 0.439486 0.493290 0.017932 0.031879
2 0.427714 0.509784 0.027132 0.034374
9 0.240910 0.427823 0.007796 0.016632
9 0.427012 0.417751 0.007017 0.022177
9 0.497570 0.424682 0.006237 0.019405
9 0.421554 0.414979 0.005458 0.019405
9 0.486109 0.452264 0.003898 0.012474
9 0.481821 0.454343 0.004678 0.013860
