4 0.155399 0.216294 0.011937 0.044075
4 0.198096 0.275060 0.044075 0.017956
4 0.145298 0.310973 0.019283 0.011427
4 0.154940 0.329746 0.023874 0.013059
2 0.224725 0.274244 0.009182 0.035913
2 0.235067 0.275060 0.009182 0.035913
2 0.144162 0.374637 0.012855 0.019589
9 0.086838 0.434920 0.016528 0.058767
9 0.063423 0.431655 0.011937 0.065296
9 0.056537 0.451244 0.018365 0.091415
9 0.006952 0.430022 0.012855 0.062031
9 0.022103 0.439817 0.017446 0.058767
9 0.041779 0.470949 0.015610 0.120798
9 0.167577 0.419528 0.008264 0.027751
6 0.161215 0.449845 0.022037 0.042443
3 0.016867 0.529716 0.033733 0.132225
1 0.395450 0.392050 0.023874 0.031016
1 0.372495 0.397763 0.027547 0.026119
1 0.506862 0.384758 0.014692 0.027751
3 0.343417 0.399940 0.022037 0.022854
3 0.361323 0.448096 0.052339 0.076723
3 0.603539 0.470716 0.077131 0.158343
3 0.517783 0.409501 0.021316 0.029383
3 0.527063 0.426874 0.024792 0.068561
7 0.569149 0.413271 0.083559 0.171403
7 0.452075 0.383888 0.062440 0.024486
3 0.250676 0.450544 0.171709 0.212213
3 0.446259 0.500333 0.164363 0.220375
1 0.806256 0.387816 0.384738 0.767231
