2 0.102926 0.473412 0.202158 0.319257
2 0.527252 0.482534 0.014367 0.041959
2 0.769431 0.481622 0.063623 0.127703
2 0.475430 0.463378 0.011288 0.043784
2 0.497493 0.476149 0.043100 0.076622
2 0.458498 0.478885 0.028733 0.056554
7 0.653473 0.331115 0.268860 0.479797
7 0.362037 0.464290 0.065676 0.107635
7 0.409755 0.470676 0.033864 0.072973
2 0.443105 0.475236 0.018471 0.038311
9 0.431817 0.122230 0.016419 0.087568
9 0.441053 0.125878 0.014367 0.062027
9 0.215293 0.333851 0.026681 0.040135
9 0.995536 0.248543 0.006035 0.067947
9 0.449892 0.409470 0.005029 0.021457
