9 0.478557 0.299503 0.010058 0.055430
9 0.719948 0.228874 0.012070 0.064371
9 0.773255 0.345993 0.008046 0.033974
9 0.789851 0.441656 0.013075 0.028609
9 0.187380 0.395166 0.013075 0.050066
9 0.257785 0.286987 0.013075 0.044702
9 0.350821 0.387119 0.010058 0.048278
9 0.384515 0.460430 0.009052 0.023245
9 0.427764 0.457748 0.007041 0.017881
9 0.470008 0.435397 0.005029 0.019669
9 0.516777 0.459536 0.006035 0.021457
9 0.492638 0.297715 0.010058 0.048278
2 0.020518 0.547152 0.041036 0.075099
2 0.604281 0.540000 0.104603 0.135894
2 0.460453 0.505132 0.046267 0.080464
2 0.507222 0.496192 0.039226 0.055430
2 0.562541 0.505132 0.041238 0.055430
2 0.531361 0.493510 0.017099 0.032185
9 0.510240 0.430927 0.009052 0.021457
9 0.494147 0.448808 0.005029 0.021457
9 0.769735 0.442550 0.009052 0.026821
