2 0.409987 0.665567 0.010438 0.020619
2 0.392590 0.665567 0.012758 0.020619
2 0.379253 0.662474 0.016237 0.039175
2 0.363016 0.659382 0.018557 0.041237
2 0.342139 0.665567 0.023196 0.057732
2 0.304446 0.667629 0.059149 0.078351
2 0.426804 0.663505 0.018557 0.020619
2 0.453479 0.659382 0.018557 0.020619
2 0.473776 0.662474 0.012758 0.010309
2 0.487693 0.666598 0.015077 0.014433
2 0.531766 0.665567 0.024356 0.053608
2 0.562500 0.667629 0.044072 0.061856
2 0.607152 0.680000 0.084665 0.094845
2 0.935142 0.692371 0.126418 0.103093
9 0.137436 0.565979 0.017397 0.030928
9 0.697305 0.572921 0.016508 0.040832
9 0.436083 0.635052 0.006959 0.016495
9 0.354223 0.335586 0.015073 0.056144
9 0.334485 0.331758 0.020097 0.071456
