3 0.906084 0.746400 0.186188 0.306740
3 0.771073 0.684878 0.198861 0.201027
3 0.650684 0.681412 0.098456 0.114377
3 0.584885 0.676213 0.066287 0.076252
3 0.556128 0.662349 0.061413 0.083184
3 0.519085 0.660616 0.016572 0.055456
3 0.510312 0.653684 0.016572 0.051990
3 0.495690 0.656284 0.012673 0.039859
3 0.485454 0.655417 0.015597 0.031194
2 0.438664 0.556637 0.007798 0.031194
2 0.371889 0.560969 0.008773 0.025995
3 0.441588 0.664082 0.048740 0.062388
3 0.058001 0.699609 0.116002 0.175032
3 0.167180 0.681412 0.098456 0.121309
3 0.295854 0.652818 0.125750 0.147304
3 0.379200 0.648485 0.038992 0.051990
