3 0.677088 0.452827 0.125316 0.204219
3 0.068354 0.435949 0.136709 0.092827
3 0.223576 0.427510 0.139557 0.086076
3 0.310443 0.433755 0.036076 0.047257
3 0.365506 0.421941 0.121519 0.067511
3 0.434335 0.421941 0.050316 0.047257
3 0.488621 0.422785 0.069647 0.038819
3 0.741930 0.436287 0.019937 0.035443
3 0.762816 0.443882 0.019937 0.027004
3 0.790348 0.436287 0.025633 0.045570
3 0.778481 0.435443 0.015190 0.030380
3 0.751898 0.437131 0.007595 0.023629
4 0.762341 0.344022 0.045570 0.032067
4 0.491297 0.171027 0.107278 0.040506
4 0.245886 0.089170 0.066456 0.021941
4 0.277215 0.116174 0.121519 0.028692
4 0.242563 0.172996 0.181329 0.069198
4 0.275791 0.240788 0.116772 0.036006
4 0.051740 0.351899 0.008544 0.015190
4 0.231329 0.311674 0.055063 0.040506
4 0.640190 0.321800 0.009494 0.023629
3 0.131487 0.371589 0.029430 0.015190
4 0.705987 0.346415 0.040118 0.035660
3 0.584200 0.357878 0.022925 0.028019
3 0.558410 0.362972 0.025790 0.022925
3 0.532757 0.431746 0.024357 0.017830
3 0.558547 0.425378 0.024357 0.020377
1 0.894513 0.325958 0.207754 0.644435
