3 0.691643 0.511942 0.008576 0.012474
3 0.681508 0.513328 0.008576 0.012474
3 0.692812 0.533426 0.012474 0.019405
1 0.676050 0.531347 0.016373 0.023563
3 0.660791 0.539168 0.019491 0.016632
3 0.645978 0.542633 0.013254 0.012474
3 0.637402 0.550950 0.008576 0.018018
3 0.663130 0.557187 0.016373 0.030493
3 0.648317 0.559266 0.017932 0.029107
3 0.681675 0.561345 0.031186 0.049897
3 0.707013 0.539861 0.011695 0.026335
3 0.594354 0.552336 0.018711 0.012474
3 0.575643 0.566196 0.020271 0.037423
3 0.553423 0.571740 0.022610 0.040195
7 0.199909 0.536396 0.337586 0.257803
5 0.004532 0.621637 0.009063 0.090092
9 0.702168 0.575502 0.012474 0.070688
9 0.718819 0.526100 0.005458 0.022177
9 0.726616 0.546890 0.005458 0.030493
9 0.735693 0.571146 0.007796 0.031879
9 0.720490 0.548276 0.005458 0.019405
9 0.743100 0.552435 0.007017 0.027721
9 0.724555 0.569067 0.009356 0.036037
9 0.797675 0.566295 0.016373 0.072074
9 0.975824 0.605698 0.017152 0.097023
9 0.954773 0.593917 0.020271 0.137218
9 0.921249 0.589066 0.031186 0.141376
4 0.773506 0.467193 0.019491 0.045739
4 0.768048 0.514913 0.010135 0.031879
4 0.977773 0.394327 0.025728 0.037423
4 0.962180 0.338193 0.025728 0.066530
3 0.606160 0.581937 0.051457 0.058214
3 0.519230 0.572235 0.067829 0.091478
3 0.403842 0.604114 0.159827 0.188501
