3 0.408213 0.374297 0.027686 0.053906
3 0.486656 0.369609 0.015820 0.025781
3 0.507090 0.368437 0.025049 0.042187
3 0.526206 0.373125 0.034277 0.046875
3 0.541367 0.382500 0.040869 0.051562
3 0.551914 0.394218 0.043506 0.060937
3 0.561143 0.401250 0.043506 0.089062
3 0.613877 0.412968 0.114697 0.121875
3 0.641563 0.411797 0.075146 0.105469
3 0.699570 0.441093 0.180615 0.168750
3 0.725938 0.459843 0.164795 0.159375
3 0.381846 0.368437 0.046143 0.089062
3 0.357456 0.383672 0.063281 0.082031
3 0.453037 0.387187 0.069873 0.107812
3 0.068645 0.416250 0.137291 0.229687
3 0.822178 0.550078 0.354638 0.335156
