4 0.127830 0.475309 0.025742 0.024962
4 0.122565 0.500270 0.038612 0.024961
4 0.550225 0.548113 0.016381 0.020801
4 0.586498 0.511711 0.023401 0.014561
4 0.779559 0.485709 0.032762 0.020801
4 0.525654 0.564754 0.011701 0.016641
4 0.297344 0.551679 0.031592 0.043683
2 0.435559 0.548113 0.010531 0.016641
2 0.503423 0.538752 0.010531 0.010401
3 0.472006 0.598571 0.016381 0.020623
3 0.458550 0.593668 0.012871 0.020801
3 0.455040 0.595748 0.010531 0.016641
3 0.448020 0.596788 0.008190 0.018721
3 0.439829 0.595748 0.012871 0.020801
3 0.431639 0.596788 0.010531 0.022881
3 0.411748 0.603028 0.019891 0.027042
3 0.405897 0.605108 0.017551 0.022881
3 0.387761 0.607188 0.030422 0.043683
3 0.368455 0.618629 0.024571 0.045763
3 0.342714 0.622789 0.047973 0.062404
3 0.503013 0.594708 0.010531 0.018721
3 0.509566 0.595609 0.010531 0.024961
3 0.514246 0.601364 0.015211 0.039522
3 0.530042 0.604484 0.035102 0.041602
3 0.541742 0.612805 0.035102 0.045763
3 0.602001 0.642759 0.071374 0.124807
3 0.701847 0.635478 0.164980 0.230894
3 0.855506 0.741564 0.288987 0.509631
3 0.162055 0.660440 0.127538 0.135208
3 0.074299 0.694762 0.148599 0.153929
