9 0.142670 0.096817 0.017161 0.088475
9 0.567406 0.205122 0.012013 0.051864
9 0.677236 0.352325 0.012013 0.032034
9 0.119503 0.414105 0.012013 0.030508
9 0.139667 0.413342 0.007722 0.019831
9 0.139667 0.373681 0.014587 0.044237
9 0.971547 0.201308 0.029174 0.068644
2 0.868988 0.417972 0.126089 0.089892
2 0.856569 0.403427 0.176758 0.140339
2 0.439985 0.462918 0.030032 0.048814
2 0.502702 0.462486 0.035339 0.044897
2 0.337877 0.473596 0.038612 0.073220
2 0.482888 0.456054 0.011155 0.022881
2 0.455859 0.456817 0.010297 0.021356
9 0.154673 0.102138 0.007993 0.076382
