2 0.046863 0.599557 0.093727 0.327788
2 0.254206 0.500527 0.157065 0.179676
7 0.985583 0.494457 0.024584 0.172392
5 0.665307 0.424737 0.066923 0.133543
5 0.617505 0.425951 0.031413 0.077698
5 0.456697 0.415052 0.036068 0.067587
2 0.415369 0.450232 0.039608 0.058273
2 0.926172 0.463586 0.094239 0.055845
9 0.307643 0.252518 0.010926 0.046133
9 0.446270 0.298651 0.004097 0.026709
9 0.432612 0.298651 0.006829 0.031565
9 0.930440 0.377563 0.019121 0.024281
9 0.439441 0.293795 0.006829 0.036421
9 0.623139 0.304721 0.005463 0.024281
9 0.741962 0.396988 0.013658 0.021853
9 0.354079 0.395774 0.013658 0.024281
9 0.365006 0.396988 0.013658 0.026709
9 0.274181 0.372707 0.017755 0.026709
2 0.570556 0.441907 0.023218 0.024281
9 0.618358 0.303507 0.004097 0.033993
2 0.430563 0.428553 0.008195 0.026709
5 0.538581 0.431515 0.026320 0.041592
