2 0.133688 0.352582 0.013765 0.053021
2 0.217808 0.396087 0.009177 0.047583
2 0.406314 0.523758 0.009941 0.017674
2 0.117629 0.351902 0.012236 0.051662
2 0.142865 0.351902 0.012236 0.048943
2 0.235397 0.399485 0.009177 0.043505
2 0.638409 0.196238 0.016824 0.074773
2 0.668233 0.196917 0.016824 0.073414
2 0.126362 0.540000 0.003824 0.019033
4 0.053968 0.547497 0.010706 0.005438
4 0.343800 0.421547 0.027530 0.031269
4 0.391978 0.498554 0.007647 0.016314
4 0.255856 0.540699 0.007647 0.016314
4 0.989558 0.084290 0.019883 0.133233
4 0.978852 0.210919 0.041295 0.078852
2 0.240179 0.526424 0.003824 0.020393
2 0.066204 0.583524 0.004588 0.014955
2 0.055115 0.559732 0.005353 0.013595
2 0.142294 0.570609 0.005353 0.013595
2 0.213796 0.530503 0.006118 0.017674
4 0.322387 0.538854 0.007647 0.033988
9 0.650947 0.560315 0.011471 0.027190
9 0.407272 0.581873 0.013765 0.070695
9 0.496363 0.592749 0.020648 0.070695
9 0.068498 0.605665 0.007647 0.036707
3 0.017807 0.632855 0.035614 0.077492
3 0.081061 0.607704 0.015295 0.019033
3 0.124268 0.598187 0.051237 0.032628
3 0.154475 0.595468 0.006118 0.010876
3 0.161740 0.600227 0.009941 0.023112
3 0.191182 0.602946 0.010706 0.012236
3 0.222536 0.583686 0.029060 0.046224
3 0.102091 0.607477 0.029824 0.033988
3 0.175887 0.599320 0.022942 0.031269
2 0.248537 0.568051 0.006118 0.009517
3 0.247772 0.595242 0.027530 0.039426
1 0.940894 0.514550 0.114709 0.182175
