3 0.192795 0.391710 0.076069 0.130570
3 0.523300 0.418718 0.010492 0.018264
3 0.532481 0.418523 0.007869 0.018653
3 0.543629 0.418523 0.011804 0.027979
3 0.570515 0.422021 0.013115 0.025648
3 0.580351 0.426684 0.009181 0.020984
3 0.653141 0.433679 0.018361 0.025648
3 0.478708 0.409391 0.010492 0.022927
3 0.468216 0.410363 0.007869 0.020984
3 0.451822 0.411529 0.009181 0.023316
3 0.433460 0.406477 0.022296 0.041969
3 0.404607 0.406477 0.035411 0.055959
3 0.368540 0.401813 0.055084 0.097927
3 0.318701 0.380829 0.078692 0.163212
1 0.078692 0.354404 0.157383 0.368394
3 0.495758 0.408420 0.010492 0.025648
3 0.508873 0.413083 0.010492 0.011658
3 0.512152 0.423575 0.011804 0.013990
3 0.558711 0.422409 0.015738 0.025648
3 0.593467 0.431736 0.017050 0.025648
3 0.667568 0.453497 0.034100 0.039637
3 0.624288 0.450000 0.047215 0.060622
9 0.770960 0.468653 0.011804 0.055959
4 0.748664 0.358290 0.017050 0.037306
4 0.647021 0.364119 0.013115 0.016321
4 0.647021 0.383938 0.010492 0.004663
4 0.245256 0.200130 0.052461 0.044301
2 0.299029 0.221503 0.031477 0.065285
2 0.459909 0.360622 0.005246 0.018653
2 0.518710 0.352073 0.007869 0.020984
2 0.588221 0.043135 0.013115 0.041969
