9 0.368119 0.308247 0.006959 0.026804
9 0.524227 0.328866 0.006959 0.022680
9 0.517848 0.328866 0.007191 0.022680
9 0.361276 0.309278 0.008119 0.028866
2 0.155412 0.432990 0.055670 0.140206
2 0.395838 0.439175 0.012758 0.028866
2 0.442809 0.438144 0.023196 0.035052
2 0.468325 0.443299 0.011598 0.020619
2 0.457307 0.443299 0.008119 0.024742
2 0.477603 0.441237 0.011598 0.024742
2 0.386559 0.438144 0.012758 0.030928
2 0.377861 0.440206 0.011598 0.035052
2 0.568763 0.453608 0.011598 0.020619
2 0.522371 0.446392 0.009278 0.022680
2 0.517152 0.448660 0.008119 0.018969
2 0.555425 0.453608 0.019716 0.020619
2 0.668737 0.453608 0.051031 0.041237
2 0.726147 0.457732 0.082345 0.057732
2 0.839575 0.458763 0.114820 0.076289
2 0.333209 0.463299 0.100902 0.113402
2 0.416946 0.442680 0.038273 0.051546
2 0.491869 0.440619 0.024356 0.043299
2 0.533621 0.445773 0.017397 0.032990
2 0.083505 0.486186 0.167010 0.395876
