3 0.257860 0.421684 0.023246 0.029082
3 0.302631 0.423980 0.021524 0.027551
3 0.328460 0.434694 0.038744 0.058163
3 0.467507 0.433929 0.041327 0.065816
3 0.498501 0.448470 0.039605 0.104082
3 0.236336 0.421225 0.024968 0.036735
3 0.283259 0.423521 0.025829 0.035204
3 0.399490 0.477245 0.144643 0.251021
4 0.442251 0.088010 0.122258 0.090306
4 0.580868 0.098725 0.086097 0.084184
4 0.068017 0.079592 0.136033 0.133163
4 0.456170 0.368368 0.014636 0.027551
4 0.169181 0.400000 0.035300 0.027551
4 0.106330 0.319133 0.018080 0.038265
4 0.276084 0.395919 0.012054 0.015306
4 0.327742 0.396684 0.008610 0.013776
2 0.218686 0.412245 0.008610 0.018367
2 0.249251 0.403827 0.007749 0.010714
7 0.754405 0.452956 0.481645 0.854905
4 0.083684 0.368955 0.031561 0.027204
