7 0.065981 0.495176 0.131962 0.787821
2 0.149051 0.493550 0.053165 0.108017
2 0.371202 0.483882 0.070253 0.113755
2 0.416297 0.468354 0.033228 0.065823
2 0.519304 0.519831 0.161392 0.259916
2 0.454272 0.464979 0.025633 0.038819
2 0.438607 0.466666 0.015190 0.032067
2 0.289082 0.451899 0.029430 0.042194
2 0.308069 0.454430 0.016139 0.023629
2 0.319937 0.456962 0.011392 0.021941
2 0.330000 0.450506 0.010633 0.021350
7 0.182753 0.439240 0.103481 0.141772
9 0.391614 0.361181 0.006646 0.021941
9 0.318987 0.354430 0.005696 0.025316
9 0.337500 0.400000 0.008544 0.018565
2 0.292405 0.423629 0.009494 0.011814
9 0.377848 0.414346 0.007595 0.016878
5 0.826424 0.424472 0.345569 0.847257
5 0.600949 0.453164 0.150000 0.324051
2 0.344335 0.447426 0.010443 0.025316
9 0.321361 0.436287 0.007595 0.013502
2 0.253956 0.460422 0.023734 0.027004
