3 0.653172 0.542314 0.390296 0.284425
3 0.111269 0.465937 0.222539 0.260625
4 0.187945 0.273187 0.021516 0.051375
4 0.434637 0.316875 0.034805 0.071250
4 0.292570 0.383437 0.018984 0.039375
4 0.007910 0.332437 0.015820 0.019125
6 0.262556 0.459989 0.062138 0.076772
2 0.278332 0.312000 0.026367 0.041250
4 0.294258 0.420469 0.016875 0.030000
4 0.812109 0.297656 0.017930 0.095625
4 0.809472 0.367031 0.025312 0.039375
9 0.990088 0.527344 0.017930 0.135000
9 0.907769 0.535687 0.024258 0.174375
9 0.881086 0.541125 0.025312 0.157500
9 0.861047 0.538312 0.025312 0.151875
