2 0.327134 0.112969 0.015820 0.075000
2 0.829429 0.335625 0.021094 0.037500
2 0.313951 0.115312 0.013184 0.070312
2 0.346250 0.115312 0.017139 0.070312
4 0.176182 0.243047 0.038232 0.025781
4 0.203868 0.278203 0.017139 0.025781
4 0.657383 0.364922 0.022412 0.053906
3 0.450401 0.421172 0.014502 0.030469
3 0.438535 0.420000 0.017139 0.037500
3 0.499180 0.412968 0.017139 0.028125
3 0.510386 0.414140 0.018457 0.035156
3 0.523570 0.414140 0.015820 0.030469
3 0.538731 0.415312 0.025049 0.051562
3 0.554551 0.431718 0.027686 0.060937
3 0.592783 0.450468 0.061963 0.075000
3 0.269786 0.484453 0.333545 0.377343
