2 0.170562 0.229976 0.010797 0.044787
2 0.331914 0.207583 0.011996 0.055450
2 0.135772 0.201185 0.015595 0.051185
2 0.066793 0.143602 0.019194 0.063981
4 0.400294 0.213981 0.057583 0.025592
4 0.568244 0.158531 0.009597 0.034123
4 0.581440 0.186256 0.026392 0.038389
4 0.607832 0.187322 0.021594 0.036256
4 0.567644 0.015121 0.039588 0.028820
2 0.590437 0.236374 0.025193 0.053317
2 0.615630 0.236374 0.027592 0.057583
3 0.764386 0.372867 0.044387 0.049052
3 0.887949 0.352606 0.077977 0.063981
3 0.696606 0.380331 0.093572 0.076777
3 0.441082 0.491232 0.232731 0.452132
3 0.114372 0.533886 0.228745 0.511848
4 0.092466 0.179531 0.015820 0.046875
