3 0.479390 0.409371 0.010926 0.014568
3 0.487585 0.410585 0.010926 0.016996
3 0.479390 0.423939 0.010926 0.019424
3 0.465732 0.422725 0.019121 0.031565
3 0.428173 0.416655 0.015024 0.024281
3 0.413832 0.411799 0.016389 0.024281
3 0.398126 0.417869 0.017755 0.021853
3 0.366030 0.408157 0.027316 0.026709
3 0.359201 0.414227 0.010926 0.019424
3 0.368079 0.421511 0.015024 0.024281
3 0.440465 0.430009 0.031413 0.041277
3 0.525144 0.443364 0.050534 0.082554
3 0.585238 0.437294 0.012292 0.026709
3 0.551094 0.428795 0.009560 0.029137
3 0.599579 0.440936 0.027316 0.038849
3 0.342129 0.410585 0.028681 0.041277
3 0.313447 0.409371 0.017755 0.014568
3 0.287497 0.409371 0.017755 0.019424
3 0.228769 0.398445 0.025950 0.036421
3 0.248573 0.415441 0.030047 0.036421
3 0.268376 0.420297 0.045071 0.041277
3 0.146139 0.411799 0.024584 0.043705
3 0.028169 0.412597 0.054631 0.065558
3 0.967145 0.519431 0.061460 0.070414
4 0.097824 0.113945 0.032779 0.021853
4 0.120052 0.159038 0.023218 0.046133
4 0.374088 0.059487 0.031413 0.046133
4 0.621295 0.129901 0.023218 0.036421
4 0.717583 0.155396 0.021853 0.033993
4 0.128247 0.245234 0.020487 0.063130
4 0.126881 0.339928 0.012292 0.029137
4 0.064738 0.353283 0.013658 0.046133
4 0.031959 0.365423 0.013658 0.031565
4 0.376820 0.324146 0.015024 0.012140
4 0.371357 0.337500 0.031413 0.019424
4 0.436231 0.324146 0.013658 0.012140
4 0.423256 0.344784 0.045071 0.038849
4 0.477888 0.384847 0.012292 0.012140
4 0.488285 0.395253 0.013351 0.015609
4 0.458084 0.386061 0.008195 0.019424
4 0.451938 0.375135 0.009560 0.021853
4 0.248436 0.378777 0.009560 0.024281
4 0.251850 0.330216 0.049168 0.048561
4 0.299653 0.331430 0.040974 0.050989
4 0.973667 0.310792 0.020487 0.019424
4 0.952497 0.331430 0.019121 0.026709
4 0.949083 0.293795 0.015024 0.019424
4 0.620919 0.371667 0.013658 0.016996
9 0.631846 0.441733 0.008195 0.060701
9 0.624334 0.444161 0.009560 0.060701
9 0.616822 0.442947 0.008195 0.058273
9 0.750669 0.451446 0.021853 0.070414
2 0.974657 0.381032 0.019121 0.026709
2 0.515754 0.043532 0.016389 0.084982
2 0.787545 0.157650 0.013658 0.065558
2 0.809397 0.154008 0.019121 0.063130
2 0.525314 0.048388 0.013658 0.070414
