4 0.449429 0.334938 0.089338 0.065323
4 0.361532 0.344545 0.012968 0.028178
4 0.541317 0.391753 0.008646 0.020493
4 0.653710 0.412246 0.008646 0.023055
3 0.625715 0.444724 0.010087 0.016651
3 0.616349 0.445365 0.011528 0.015370
3 0.599058 0.444084 0.017291 0.025617
3 0.502515 0.432556 0.031701 0.020493
3 0.541060 0.446645 0.029539 0.040987
3 0.640845 0.452409 0.033142 0.049953
3 0.386879 0.433197 0.032421 0.032021
3 0.310510 0.436399 0.049712 0.043548
1 0.724625 0.437039 0.041787 0.044829
4 0.959859 0.412978 0.012248 0.010247
4 0.974268 0.417461 0.012248 0.011528
4 0.971746 0.434752 0.012968 0.015370
4 0.915550 0.463571 0.020173 0.021774
