2 0.037854 0.092447 0.024471 0.087009
2 0.041678 0.167900 0.022942 0.063897
4 0.290979 0.412613 0.027530 0.047583
4 0.463425 0.392221 0.025236 0.023112
4 0.016059 0.258988 0.031354 0.069335
2 0.299773 0.027190 0.019118 0.051662
2 0.543339 0.084970 0.018353 0.096526
2 0.435513 0.424849 0.024471 0.031269
9 0.598782 0.501662 0.017589 0.029909
9 0.566281 0.504381 0.015295 0.046224
9 0.513515 0.512538 0.013765 0.057100
3 0.100817 0.456118 0.009941 0.012236
3 0.079787 0.469033 0.029060 0.040785
3 0.148612 0.464955 0.010706 0.016314
3 0.156259 0.470393 0.006118 0.021752
3 0.127964 0.457477 0.032119 0.017674
3 0.163524 0.467674 0.009941 0.021752
3 0.173466 0.467674 0.016059 0.021752
3 0.186466 0.470393 0.011471 0.021752
3 0.198319 0.471072 0.012236 0.023112
3 0.591772 0.539275 0.106297 0.070695
3 0.042315 0.462915 0.055060 0.080211
3 0.121082 0.495770 0.078002 0.070695
3 0.276704 0.569411 0.245478 0.243353
1 0.723943 0.506647 0.165181 0.144109
3 0.978525 0.546072 0.041439 0.062538
3 0.919831 0.546114 0.024684 0.054008
