3 0.795270 0.498190 0.407184 0.359862
3 0.015022 0.480509 0.030044 0.054083
3 0.051105 0.468028 0.046803 0.045763
3 0.089718 0.466988 0.035102 0.043683
3 0.121894 0.461788 0.033932 0.041602
3 0.148221 0.456587 0.021061 0.031202
3 0.166942 0.457627 0.023401 0.029122
3 0.187418 0.454507 0.022231 0.031202
3 0.551895 0.461788 0.145089 0.166410
3 0.469990 0.460748 0.042123 0.081125
1 0.455364 0.420185 0.071374 0.116487
3 0.416752 0.438906 0.024571 0.054083
3 0.399786 0.443067 0.023401 0.045763
3 0.391596 0.439946 0.023401 0.027042
3 0.344208 0.434746 0.017551 0.020801
3 0.369949 0.432666 0.012871 0.016641
3 0.225446 0.447954 0.044463 0.047217
3 0.290970 0.444107 0.053823 0.047843
2 0.356494 0.391063 0.007020 0.024961
4 0.376385 0.388983 0.014041 0.012481
