2 0.393335 0.610013 0.018521 0.027728
2 0.406495 0.610880 0.009748 0.022529
2 0.416243 0.614346 0.009748 0.025995
2 0.427453 0.610880 0.016572 0.022529
2 0.436227 0.616945 0.016572 0.034660
2 0.450849 0.620411 0.012673 0.027728
2 0.460597 0.622144 0.010723 0.024262
2 0.468883 0.620411 0.009748 0.041592
2 0.491791 0.623877 0.034118 0.055456
2 0.366528 0.623877 0.035093 0.062388
2 0.336796 0.616945 0.028269 0.045058
2 0.310964 0.617812 0.021446 0.036393
2 0.289518 0.616945 0.011698 0.020796
2 0.274896 0.619545 0.015597 0.025995
2 0.260761 0.621278 0.014622 0.029461
2 0.249551 0.626477 0.015597 0.039859
2 0.227618 0.623877 0.036068 0.048524
2 0.186188 0.624744 0.040942 0.057189
2 0.159868 0.632542 0.027295 0.055456
2 0.126725 0.635141 0.050690 0.067587
2 0.086758 0.645539 0.076035 0.071053
