4 0.120630 0.341015 0.067236 0.131250
4 0.222803 0.233203 0.147656 0.093750
4 0.214892 0.448828 0.036914 0.060937
2 0.309814 0.417187 0.015820 0.049219
4 0.342114 0.482812 0.014502 0.035156
7 0.237964 0.578906 0.138428 0.185156
3 0.294653 0.633984 0.114697 0.121875
3 0.408691 0.637968 0.092285 0.098437
2 0.432422 0.575859 0.010547 0.021094
2 0.440991 0.468047 0.006592 0.035156
3 0.466699 0.618046 0.031641 0.058594
3 0.518115 0.608671 0.036914 0.044531
3 0.551733 0.621562 0.035596 0.056250
3 0.582714 0.627421 0.052734 0.058594
3 0.653906 0.629765 0.081738 0.091406
2 0.684887 0.405937 0.009229 0.046875
2 0.705322 0.401250 0.015820 0.042187
4 0.697412 0.530156 0.018457 0.037500
2 0.705981 0.574687 0.014502 0.018750
9 0.762802 0.620390 0.013184 0.067969
3 0.814218 0.632109 0.063281 0.105469
4 0.886069 0.390703 0.032959 0.039844
4 0.887387 0.484453 0.027686 0.049219
2 0.912436 0.525468 0.017139 0.023437
4 0.929970 0.303984 0.039551 0.077344
4 0.985341 0.472734 0.026367 0.058594
2 0.901098 0.641406 0.196435 0.210937
2 0.472632 0.562890 0.011865 0.016406
2 0.547119 0.566406 0.005273 0.018750
2 0.449560 0.464453 0.007910 0.025781
4 0.411987 0.476172 0.025049 0.035156
