2 0.356568 0.450000 0.022721 0.038268
2 0.406196 0.457441 0.050226 0.070157
2 0.559865 0.458504 0.046639 0.055276
2 0.506364 0.448431 0.031093 0.040394
2 0.326386 0.455872 0.046639 0.055276
2 0.125224 0.526789 0.250449 0.252992
9 0.192449 0.349269 0.017938 0.025512
9 0.169130 0.317227 0.011959 0.029460
9 0.173315 0.343650 0.017938 0.027638
9 0.191851 0.272278 0.019134 0.067728
9 0.158965 0.212902 0.017938 0.046772
9 0.414282 0.177520 0.019134 0.065906
7 0.448365 0.424438 0.044247 0.074409
7 0.493210 0.422312 0.043051 0.087165
9 0.622285 0.322448 0.011419 0.058124
7 0.796611 0.416693 0.401811 0.829134
9 0.613709 0.331132 0.008597 0.056038
