2 0.022620 0.507749 0.044878 0.211124
2 0.974414 0.767086 0.048278 0.307550
2 0.856202 0.600523 0.286590 0.279484
2 0.931165 0.488146 0.120695 0.075099
2 0.206490 0.528377 0.226304 0.202053
2 0.515269 0.467583 0.049284 0.066159
2 0.567941 0.440490 0.029910 0.040582
2 0.338752 0.457748 0.058336 0.067947
2 0.373452 0.448808 0.031180 0.064371
2 0.388036 0.445232 0.022127 0.050066
2 0.403122 0.430927 0.032185 0.064371
2 0.419718 0.429139 0.015087 0.039338
2 0.427764 0.429139 0.013075 0.039338
2 0.437822 0.426457 0.011064 0.030397
2 0.450395 0.415728 0.020116 0.033974
2 0.462464 0.417517 0.014081 0.023245
2 0.475037 0.418411 0.009052 0.017881
2 0.481072 0.417517 0.009052 0.019669
2 0.560026 0.425563 0.026151 0.032185
2 0.544940 0.418411 0.010058 0.017881
2 0.538402 0.418411 0.011064 0.021457
2 0.517280 0.414834 0.013075 0.017881
9 0.549466 0.236026 0.013075 0.039338
9 0.272872 0.174338 0.019110 0.059007
9 0.256276 0.177020 0.012070 0.046490
9 0.285445 0.182384 0.008046 0.060795
9 0.535384 0.235132 0.009052 0.041126
9 0.847181 0.317384 0.021122 0.051854
9 0.873331 0.330795 0.021122 0.050066
9 0.248733 0.386225 0.013075 0.025033
9 0.678207 0.385331 0.017099 0.026821
9 0.474031 0.352252 0.005029 0.017881
9 0.529853 0.352252 0.004023 0.017881
