2 0.024968 0.620297 0.049936 0.128571
2 0.087388 0.631776 0.080070 0.068878
2 0.303922 0.667746 0.222130 0.348980
2 0.449857 0.606521 0.090402 0.101020
2 0.612580 0.601929 0.062851 0.110204
2 0.575989 0.593511 0.049936 0.090306
2 0.546285 0.589685 0.037022 0.070408
2 0.499362 0.591980 0.020663 0.026020
2 0.405517 0.579736 0.017219 0.038265
9 0.082653 0.547593 0.010332 0.022959
9 0.083514 0.488664 0.015497 0.061225
9 0.197593 0.522338 0.007749 0.033673
9 0.189844 0.523103 0.007749 0.032143
9 0.483865 0.451929 0.008610 0.039796
9 0.530357 0.498613 0.008610 0.029082
9 0.537245 0.537644 0.010332 0.015306
7 0.764972 0.487899 0.271205 0.436225
2 0.408100 0.528460 0.068878 0.082653
9 0.198023 0.364684 0.017219 0.058163
