2 0.919972 0.540918 0.158607 0.277347
2 0.795536 0.550189 0.161905 0.173208
2 0.695241 0.508161 0.107459 0.135000
2 0.622169 0.487783 0.055879 0.048396
2 0.069114 0.546428 0.107459 0.189184
2 0.460980 0.455510 0.028656 0.033061
2 0.431608 0.468680 0.012895 0.025472
2 0.417281 0.490331 0.024357 0.053491
2 0.448283 0.497296 0.040513 0.071633
2 0.527554 0.495966 0.058642 0.105516
2 0.387192 0.491604 0.050147 0.086604
2 0.344925 0.525991 0.083101 0.119717
2 0.214542 0.574439 0.255036 0.318673
7 0.572889 0.463958 0.094018 0.075671
2 0.493218 0.540000 0.107459 0.157925
9 0.396218 0.382041 0.009298 0.014694
9 0.501084 0.377449 0.010332 0.012857
2 0.487653 0.456428 0.030995 0.027551
