9 0.357456 0.482109 0.007910 0.039844
9 0.428648 0.496172 0.010547 0.030469
9 0.539390 0.451640 0.007910 0.030469
9 0.796470 0.490312 0.010547 0.028125
9 0.582237 0.541875 0.006592 0.023437
9 0.526206 0.537187 0.007910 0.018750
9 0.093126 0.510234 0.014502 0.021094
9 0.362071 0.404765 0.011865 0.039844
9 0.546641 0.451640 0.009229 0.030469
9 0.779990 0.238359 0.025049 0.110156
9 0.796470 0.248906 0.023730 0.093750
9 0.841953 0.439922 0.017139 0.053906
9 0.241441 0.421172 0.010547 0.030469
2 0.354820 0.580546 0.029004 0.035156
2 0.505113 0.573515 0.010547 0.016406
2 0.493907 0.577031 0.011865 0.018750
2 0.480723 0.577031 0.017139 0.018750
2 0.468199 0.579375 0.013184 0.023437
2 0.447764 0.575859 0.014502 0.021094
2 0.438535 0.579375 0.017139 0.023437
2 0.425352 0.580546 0.014502 0.025781
2 0.416123 0.581718 0.014502 0.028125
2 0.404258 0.582890 0.014502 0.030469
2 0.586192 0.591093 0.027686 0.046875
2 0.385801 0.580546 0.038232 0.044531
2 0.545982 0.595781 0.052734 0.093750
2 0.062053 0.577031 0.124107 0.112500
2 0.294834 0.578203 0.048779 0.049219
9 0.807017 0.490312 0.015820 0.023437
