2 0.333889 0.446295 0.115837 0.143390
2 0.592066 0.415198 0.043954 0.049990
2 0.509596 0.398593 0.028316 0.035085
2 0.477677 0.396458 0.018362 0.021661
2 0.409290 0.394322 0.032606 0.041186
2 0.432458 0.400424 0.018877 0.022881
7 0.452193 0.377542 0.024025 0.056441
9 0.220090 0.213305 0.014587 0.047288
9 0.340217 0.130169 0.018019 0.061017
9 0.579327 0.220932 0.011155 0.038136
9 0.773247 0.320847 0.012871 0.024407
9 0.465278 0.326059 0.006864 0.019831
9 0.751867 0.323390 0.007722 0.022881
2 0.554158 0.389746 0.026600 0.032034
2 0.491520 0.386695 0.011155 0.013729
