4 0.578441 0.302488 0.013196 0.027725
4 0.584439 0.327014 0.013196 0.021327
4 0.574242 0.320616 0.007198 0.017062
4 0.201153 0.295023 0.014396 0.025592
4 0.353508 0.350474 0.014396 0.008531
4 0.360705 0.354739 0.016795 0.012796
2 0.430285 0.367535 0.007198 0.017062
2 0.440482 0.371801 0.008398 0.017062
3 0.407491 0.393128 0.014396 0.021327
3 0.391296 0.394194 0.017995 0.027725
3 0.375101 0.416587 0.026392 0.046919
3 0.342711 0.432583 0.057583 0.066114
3 0.270732 0.466706 0.076777 0.113033
3 0.152567 0.482701 0.219535 0.238862
3 0.454877 0.415521 0.015595 0.027725
3 0.473472 0.408057 0.016795 0.021327
3 0.489067 0.413388 0.023993 0.044787
3 0.436883 0.420853 0.039588 0.055450
3 0.409291 0.475237 0.092373 0.142891
3 0.525057 0.424052 0.055184 0.074644
9 0.896346 0.498696 0.058783 0.215403
