3 0.271914 0.377320 0.030271 0.024742
3 0.212126 0.375258 0.038273 0.032990
3 0.566675 0.372165 0.009278 0.010309
3 0.545799 0.369072 0.006959 0.016495
3 0.448144 0.385155 0.020876 0.028866
3 0.404072 0.395464 0.030155 0.032990
3 0.401173 0.365567 0.040593 0.026804
3 0.537333 0.373814 0.008119 0.018557
3 0.582565 0.365567 0.012758 0.018557
4 0.528286 0.338557 0.015541 0.022268
4 0.486824 0.358247 0.008119 0.016495
4 0.504800 0.352062 0.004639 0.016495
4 0.577287 0.343814 0.026675 0.032990
4 0.574098 0.356186 0.010438 0.026804
3 0.701095 0.346907 0.023196 0.028866
3 0.636727 0.352062 0.015077 0.014433
3 0.780831 0.343814 0.019716 0.022680
4 0.490245 0.335258 0.015077 0.016495
