3 0.468632 0.623823 0.022953 0.028904
3 0.493498 0.636575 0.028692 0.040806
3 0.408379 0.631474 0.017215 0.020403
3 0.392121 0.639125 0.030605 0.045907
3 0.361994 0.660378 0.062165 0.085013
3 0.438028 0.622122 0.034430 0.015302
3 0.439462 0.630624 0.050689 0.025504
3 0.535388 0.639975 0.022953 0.044207
3 0.545430 0.645926 0.018171 0.049307
3 0.702279 0.658678 0.092770 0.115617
3 0.050370 0.760580 0.099465 0.187028
3 0.206581 0.748111 0.237185 0.304345
3 0.443288 0.739610 0.132939 0.205731
3 0.602928 0.676669 0.114612 0.171662
3 0.823932 0.669900 0.158761 0.185328
2 0.384948 0.558533 0.006695 0.023804
2 0.451895 0.560233 0.006695 0.020403
2 0.403598 0.604440 0.007651 0.017003
2 0.456199 0.600189 0.005738 0.018703
2 0.241489 0.595088 0.010520 0.022103
4 0.054514 0.572985 0.021041 0.052708
4 0.300785 0.572985 0.021997 0.015302
4 0.278310 0.575536 0.013389 0.020403
4 0.499715 0.566184 0.010520 0.018703
4 0.475805 0.589138 0.020084 0.013602
4 0.688602 0.525378 0.027735 0.056108
4 0.557577 0.574685 0.017215 0.025504
4 0.548491 0.551732 0.014346 0.020403
4 0.501150 0.607840 0.007651 0.020403
9 0.914311 0.616342 0.025823 0.149622
9 0.943959 0.628243 0.031561 0.149622
