2 0.799504 0.505253 0.107662 0.077836
2 0.886710 0.509719 0.099767 0.076560
2 0.072264 0.482923 0.059573 0.048488
2 0.038171 0.471439 0.055984 0.074008
2 0.145115 0.472715 0.011484 0.015312
2 0.156958 0.470163 0.007895 0.015312
2 0.167365 0.473353 0.012919 0.016588
2 0.310915 0.478457 0.022968 0.021692
2 0.367616 0.484837 0.018661 0.029348
2 0.407810 0.481647 0.011484 0.022968
2 0.392738 0.482285 0.015790 0.026796
2 0.433649 0.488027 0.028710 0.040832
2 0.017650 0.588193 0.035300 0.292202
9 0.060780 0.382758 0.012202 0.054868
9 0.143680 0.238571 0.015790 0.059972
9 0.506044 0.390298 0.013637 0.049764
9 0.647440 0.436872 0.005024 0.020416
9 0.651746 0.406248 0.009331 0.033176
9 0.073341 0.395402 0.012919 0.034452
9 0.690178 0.230161 0.012202 0.063800
2 0.191051 0.481647 0.021532 0.020416
2 0.234833 0.485475 0.035887 0.035728
