4 0.732480 0.313125 0.071719 0.103125
4 0.630176 0.396562 0.010547 0.037500
4 0.642304 0.395625 0.011602 0.046875
4 0.581133 0.417187 0.009492 0.022500
4 0.570058 0.420937 0.010547 0.018750
4 0.535781 0.416250 0.011602 0.020625
4 0.509941 0.393750 0.008437 0.016875
2 0.542637 0.399375 0.007383 0.022500
2 0.521543 0.390937 0.009492 0.020625
4 0.480410 0.411562 0.013711 0.026250
3 0.299531 0.394553 0.050625 0.033750
3 0.244160 0.376741 0.060117 0.043125
3 0.186680 0.385178 0.025312 0.022500
3 0.095977 0.331741 0.088594 0.073125
3 0.065391 0.334553 0.056953 0.052500
3 0.020039 0.318437 0.040078 0.058125
3 0.711688 0.436473 0.026367 0.020625
4 0.593262 0.417187 0.011602 0.024375
