2 0.217058 0.503627 0.030165 0.034974
2 0.188860 0.505959 0.034100 0.044301
2 0.156728 0.509456 0.048527 0.055959
2 0.106890 0.516451 0.069511 0.065285
2 0.405262 0.474482 0.013115 0.018653
2 0.399360 0.481477 0.009181 0.018653
2 0.390180 0.482642 0.011804 0.034974
2 0.445264 0.472150 0.014427 0.023316
2 0.368540 0.477979 0.031477 0.053627
5 0.330505 0.466321 0.047215 0.062953
2 0.632813 0.538601 0.145580 0.193523
2 0.792538 0.629534 0.331255 0.319430
2 0.082626 0.675000 0.165253 0.384715
5 0.426247 0.459326 0.020984 0.030311
2 0.424935 0.483808 0.023608 0.032642
9 0.458379 0.287370 0.006558 0.038472
9 0.089012 0.270466 0.010837 0.048964
9 0.102955 0.271632 0.014427 0.055959
9 0.472150 0.284456 0.010492 0.048964
9 0.118693 0.272798 0.009181 0.048964
9 0.340997 0.409197 0.007869 0.023316
9 0.641862 0.394041 0.028854 0.037306
9 0.527890 0.422021 0.006558 0.018653
9 0.538382 0.420855 0.009181 0.020984
9 0.479364 0.446503 0.011804 0.011658
2 0.941528 0.764600 0.113616 0.354071
2 0.370600 0.686325 0.388212 0.375389
9 0.415099 0.410363 0.006558 0.037306
