9 0.466874 0.277251 0.013196 0.059716
9 0.225146 0.314573 0.014396 0.061848
9 0.064393 0.501185 0.019194 0.029858
9 0.600634 0.436137 0.011996 0.019194
9 0.769184 0.362559 0.020394 0.042654
9 0.745791 0.370023 0.023993 0.031991
9 0.481270 0.276185 0.010797 0.053318
9 0.454278 0.276185 0.011996 0.053318
9 0.236542 0.314573 0.013196 0.053317
9 0.208950 0.314573 0.010797 0.053317
9 0.388897 0.494786 0.003599 0.017062
9 0.366704 0.499052 0.004799 0.017062
2 0.355307 0.524644 0.005998 0.021327
2 0.364904 0.529976 0.013196 0.019194
2 0.346310 0.538507 0.026392 0.053318
2 0.292926 0.536374 0.010797 0.023460
2 0.320517 0.554502 0.044387 0.076777
2 0.249139 0.577962 0.105569 0.140758
2 0.426086 0.531042 0.022793 0.038389
5 0.378100 0.502251 0.015595 0.014929
2 0.394895 0.548104 0.058783 0.089573
2 0.777409 0.633408 0.437689 0.469641
