2 0.473472 0.421328 0.007198 0.028907
2 0.529255 0.430176 0.008398 0.032539
3 0.481869 0.465639 0.014396 0.025592
3 0.465074 0.468839 0.014396 0.023460
3 0.449795 0.459241 0.018563 0.029858
3 0.400294 0.464573 0.023993 0.049052
3 0.384698 0.472038 0.031191 0.063981
3 0.334913 0.473104 0.085175 0.095971
3 0.511860 0.458175 0.007198 0.019194
3 0.523857 0.466706 0.011996 0.019194
3 0.540146 0.475140 0.022606 0.027532
4 0.562845 0.451777 0.008398 0.019194
3 0.558647 0.483767 0.014396 0.031991
3 0.571843 0.488033 0.016795 0.031990
3 0.591637 0.493365 0.027592 0.046919
3 0.622228 0.500829 0.031191 0.061848
3 0.668414 0.517891 0.061182 0.087441
3 0.743392 0.531753 0.129562 0.132227
3 0.893289 0.587203 0.213421 0.251659
