2 0.534875 0.439305 0.010926 0.016996
2 0.504145 0.439305 0.012292 0.016996
3 0.505511 0.466014 0.023218 0.026709
3 0.521217 0.463586 0.024584 0.021853
3 0.544435 0.472084 0.016389 0.019424
3 0.554679 0.484224 0.017755 0.029137
3 0.564922 0.489081 0.016389 0.029137
3 0.576531 0.487867 0.017755 0.041277
3 0.589506 0.493937 0.035510 0.048561
3 0.607261 0.497579 0.035510 0.046133
3 0.624334 0.507291 0.034145 0.060701
3 0.489804 0.464800 0.008195 0.024281
3 0.480926 0.476940 0.025950 0.024281
3 0.371664 0.507291 0.116092 0.123831
3 0.150407 0.587417 0.299107 0.429767
3 0.534875 0.490295 0.016389 0.016996
