4 0.578757 0.408419 0.013514 0.025873
4 0.524702 0.466171 0.007277 0.012012
4 0.477403 0.458778 0.007277 0.012012
4 0.481821 0.465247 0.004678 0.012012
3 0.491177 0.479107 0.003638 0.012012
3 0.487279 0.477721 0.004158 0.012936
3 0.483381 0.479569 0.006757 0.012936
3 0.479742 0.481417 0.008836 0.012936
3 0.469087 0.484651 0.012474 0.017556
3 0.457912 0.481417 0.015073 0.042505
3 0.448037 0.492043 0.017152 0.037885
3 0.435042 0.497125 0.016113 0.044353
3 0.424647 0.496201 0.027547 0.048049
3 0.409574 0.508214 0.021310 0.040657
3 0.370332 0.506828 0.077965 0.082238
5 0.330050 0.518378 0.067050 0.094251
5 0.240651 0.554415 0.109670 0.118275
3 0.513267 0.483727 0.006237 0.012012
3 0.522623 0.483727 0.008316 0.017556
3 0.531199 0.487423 0.007796 0.021253
3 0.536396 0.490195 0.009876 0.023101
3 0.549391 0.487885 0.026508 0.031417
3 0.589412 0.511910 0.036903 0.068378
3 0.629434 0.525770 0.060812 0.090554
3 0.707139 0.550719 0.140336 0.155236
3 0.955510 0.722433 0.086281 0.283676
4 0.179070 0.264117 0.023389 0.061910
4 0.179070 0.322331 0.022350 0.052669
4 0.454546 0.446802 0.004678 0.019405
