2 0.213755 0.198515 0.010547 0.049219
2 0.493907 0.274687 0.009229 0.051562
2 0.193980 0.373125 0.013184 0.023437
2 0.640903 0.458672 0.013184 0.025781
2 0.826792 0.359062 0.021094 0.037500
2 0.201890 0.197344 0.013184 0.046875
4 0.640244 0.348515 0.022412 0.016406
4 0.626402 0.302812 0.018457 0.056250
3 0.292198 0.441093 0.038232 0.079687
3 0.519615 0.476250 0.023730 0.018750
3 0.501817 0.475078 0.022412 0.030469
3 0.426011 0.463359 0.036914 0.049219
3 0.478745 0.472734 0.029004 0.035156
3 0.390415 0.468047 0.044824 0.049219
3 0.230894 0.461015 0.108105 0.110156
