2 0.272332 0.060769 0.038915 0.121537
2 0.239202 0.056361 0.031553 0.108449
2 0.119300 0.206213 0.039967 0.130886
2 0.052513 0.398402 0.034708 0.061704
2 0.085118 0.404012 0.013673 0.043006
2 0.514419 0.473996 0.007362 0.020568
2 0.545446 0.477736 0.008414 0.020568
2 0.484444 0.473996 0.006311 0.016828
2 0.521781 0.520741 0.009466 0.013089
2 0.511790 0.514197 0.006311 0.014958
3 0.030649 0.548416 0.061297 0.079657
3 0.564062 0.533830 0.017880 0.020568
3 0.553019 0.526351 0.010518 0.016828
4 0.462953 0.493006 0.012271 0.011219
4 0.885237 0.530402 0.016828 0.037396
3 0.397743 0.511392 0.024191 0.024307
2 0.492402 0.518560 0.007362 0.014958
1 0.620542 0.524169 0.071520 0.123407
4 0.249269 0.456545 0.018932 0.028047
3 0.092030 0.521053 0.036812 0.056094
