2 0.126238 0.564955 0.178390 0.159435
2 0.672617 0.564955 0.095531 0.097048
2 0.434764 0.506900 0.027295 0.032927
2 0.249551 0.555424 0.074085 0.091849
2 0.844184 0.619545 0.187163 0.181964
2 0.630701 0.551091 0.044841 0.072786
2 0.606330 0.545026 0.033143 0.067587
2 0.586834 0.537227 0.023395 0.062388
2 0.572700 0.525963 0.026320 0.053723
2 0.560027 0.527696 0.020471 0.050257
2 0.494228 0.510366 0.017547 0.025995
2 0.472294 0.506900 0.012673 0.022529
2 0.941824 0.647272 0.115346 0.233954
9 0.443809 0.427182 0.006592 0.019063
9 0.509337 0.431515 0.004874 0.017330
9 0.358729 0.479172 0.007798 0.015597
9 0.603893 0.486104 0.006824 0.019063
9 0.455235 0.467908 0.007798 0.013864
9 0.437876 0.425625 0.007910 0.023437
