9 0.393739 0.388524 0.015546 0.036142
9 0.099257 0.398091 0.014350 0.051024
9 0.694798 0.304547 0.014350 0.046772
9 0.714530 0.305610 0.017938 0.053150
7 0.388657 0.529370 0.014350 0.055276
7 0.411378 0.521929 0.038268 0.095669
2 0.375502 0.544784 0.019134 0.034016
2 0.237379 0.558603 0.046639 0.053150
2 0.673273 0.555414 0.107628 0.089291
2 0.434697 0.558603 0.040659 0.061654
2 0.972980 0.606156 0.052505 0.104381
2 0.167023 0.571181 0.112411 0.102047
2 0.334444 0.581811 0.088494 0.123307
2 0.476752 0.576496 0.071752 0.112677
2 0.015347 0.597491 0.030694 0.072155
