2 0.508850 0.324936 0.007798 0.019063
3 0.055564 0.574487 0.111128 0.282478
3 0.173516 0.451444 0.241752 0.282478
3 0.314376 0.417651 0.110153 0.142105
3 0.380662 0.391656 0.069211 0.114377
3 0.907546 0.395989 0.181314 0.500835
3 0.784822 0.394272 0.240385 0.295033
3 0.656533 0.394256 0.080909 0.143838
3 0.621927 0.376059 0.077985 0.135173
3 0.582935 0.373460 0.031194 0.095315
3 0.568313 0.361329 0.029244 0.053723
3 0.555153 0.367394 0.014622 0.034660
3 0.544430 0.366528 0.014622 0.032927
3 0.533220 0.363928 0.009748 0.027728
1 0.462455 0.354128 0.038201 0.068124
3 0.485942 0.359596 0.008773 0.022529
3 0.505925 0.358729 0.013647 0.017330
4 0.534882 0.325430 0.010058 0.017881
