4 0.104304 0.261162 0.025345 0.039859
4 0.105279 0.289756 0.011698 0.024262
4 0.453286 0.086130 0.013647 0.046791
4 0.836385 0.290623 0.031194 0.046791
4 0.874403 0.262895 0.037043 0.022529
4 0.545892 0.291489 0.019496 0.034660
4 0.455235 0.164981 0.019496 0.051990
4 0.456210 0.285424 0.015597 0.008665
4 0.441588 0.249897 0.009748 0.013864
2 0.369452 0.100860 0.015597 0.055456
2 0.460597 0.245565 0.012673 0.046791
2 0.386024 0.100860 0.011698 0.051990
2 0.438664 0.305353 0.015597 0.020796
4 0.835898 0.370340 0.008773 0.015597
3 0.023389 0.329743 0.046779 0.041848
3 0.719408 0.399801 0.068237 0.071053
3 0.862705 0.398068 0.037043 0.025995
3 0.813965 0.402401 0.056539 0.062388
3 0.648247 0.417998 0.081884 0.097048
3 0.395285 0.498582 0.240778 0.372593
3 0.948049 0.389476 0.073287 0.072074
