2 0.078598 0.413746 0.156848 0.464169
7 0.297134 0.287077 0.333781 0.455668
2 0.134069 0.402694 0.057384 0.132620
2 0.383209 0.423097 0.211363 0.319648
2 0.493194 0.326183 0.029648 0.061209
2 0.529537 0.332134 0.046863 0.069710
2 0.563489 0.301529 0.053558 0.093514
2 0.666301 0.361038 0.121462 0.141121
2 0.604136 0.308330 0.025823 0.045907
2 0.595050 0.278576 0.009564 0.020403
9 0.624698 0.055843 0.017215 0.068010
9 0.510409 0.263274 0.006695 0.017003
9 0.591224 0.258173 0.009564 0.017003
9 0.601745 0.268374 0.005738 0.017003
9 0.615612 0.327883 0.056427 0.122418
2 0.756680 0.303229 0.070773 0.110516
2 0.894762 0.400144 0.209216 0.651197
