3 0.263013 0.446484 0.019775 0.082031
3 0.530903 0.427734 0.072510 0.133594
3 0.495307 0.421875 0.025049 0.060937
3 0.539472 0.386718 0.036914 0.037500
3 0.570058 0.438281 0.023730 0.070312
3 0.587856 0.421875 0.025049 0.037500
3 0.608818 0.412500 0.009492 0.018750
3 0.619892 0.412500 0.013184 0.018750
3 0.162817 0.451758 0.127881 0.119531
3 0.382654 0.478711 0.250488 0.328125
2 0.143042 0.120117 0.022412 0.075000
2 0.731030 0.009961 0.015820 0.018750
2 0.715869 0.011133 0.014502 0.021094
2 0.988110 0.272265 0.022412 0.053906
4 0.967016 0.038281 0.059326 0.076562
4 0.860888 0.027312 0.123926 0.048501
4 0.034277 0.140234 0.068555 0.035156
4 0.970839 0.144141 0.047461 0.072656
4 0.969521 0.195703 0.055371 0.030469
4 0.958315 0.232031 0.027686 0.037500
2 0.514423 0.357422 0.010547 0.021094
9 0.133154 0.418828 0.015820 0.039844
9 0.216211 0.424687 0.013184 0.060937
4 0.652851 0.353906 0.021094 0.018750
