9 0.285986 0.451157 0.005856 0.020823
2 0.265488 0.510154 0.015617 0.020823
2 0.210829 0.513624 0.019521 0.020823
2 0.191796 0.503213 0.026354 0.045116
2 0.123960 0.513624 0.019521 0.038175
2 0.093702 0.511022 0.048803 0.053792
2 0.286962 0.500610 0.023425 0.032969
2 0.308923 0.500610 0.022449 0.043380
2 0.345037 0.467641 0.041971 0.015617
5 0.341133 0.469376 0.045875 0.060733
2 0.155682 0.505816 0.053683 0.060733
2 0.048315 0.517095 0.061492 0.055527
2 0.242063 0.503213 0.035138 0.041645
2 0.346395 0.512951 0.056400 0.078473
