4 0.292810 0.504152 0.024025 0.042712
4 0.506893 0.543813 0.012871 0.021356
4 0.564812 0.495000 0.022309 0.036610
4 0.833382 0.377542 0.068644 0.134237
4 0.348583 0.543051 0.013729 0.025932
4 0.194563 0.458390 0.019735 0.027458
3 0.158954 0.675000 0.212797 0.204407
3 0.397921 0.582712 0.009439 0.016780
3 0.385050 0.588813 0.028316 0.032034
3 0.376899 0.598729 0.030890 0.042712
3 0.330564 0.613983 0.058347 0.079322
3 0.267497 0.626186 0.103824 0.112881
3 0.482439 0.593390 0.032606 0.038136
3 0.527701 0.613220 0.054486 0.083898
3 0.687084 0.604830 0.290021 0.305085
3 0.432243 0.607881 0.069502 0.122034
