2 0.869439 0.285969 0.104682 0.137288
2 0.612800 0.531610 0.014587 0.032034
2 0.242122 0.093051 0.023167 0.106780
2 0.212090 0.084661 0.035180 0.126610
2 0.469506 0.323390 0.016303 0.061017
2 0.488812 0.317288 0.013729 0.067119
2 0.394382 0.573341 0.006864 0.012203
4 0.054164 0.041513 0.102108 0.083027
4 0.541537 0.366211 0.079799 0.035085
4 0.616188 0.466562 0.019735 0.015254
4 0.603746 0.482579 0.034322 0.025932
4 0.448868 0.561138 0.019735 0.009153
3 0.415940 0.612458 0.014587 0.018305
3 0.389340 0.612458 0.021451 0.027458
3 0.366602 0.610169 0.024025 0.032034
3 0.294955 0.622373 0.047193 0.059492
3 0.932916 0.685678 0.132998 0.091525
2 0.435526 0.558699 0.013918 0.030928
