2 0.013160 0.544159 0.026320 0.055456
2 0.221281 0.626477 0.173516 0.220090
2 0.463521 0.571021 0.041917 0.064121
2 0.757913 0.637741 0.151095 0.145571
2 0.648735 0.579686 0.036068 0.043325
2 0.587322 0.574487 0.036068 0.022529
2 0.918428 0.655937 0.162137 0.109178
2 0.283182 0.542426 0.026320 0.031194
7 0.340695 0.550368 0.038018 0.029174
2 0.394310 0.556290 0.020471 0.017330
2 0.688214 0.577953 0.038992 0.025995
2 0.613154 0.572754 0.019496 0.029461
9 0.488379 0.530295 0.003899 0.020796
9 0.504463 0.529429 0.004874 0.015597
9 0.443538 0.531162 0.005849 0.015597
9 0.427941 0.530295 0.005849 0.013864
2 0.149815 0.551015 0.019775 0.039844
