2 0.366199 0.368112 0.005166 0.026020
2 0.447991 0.365816 0.008610 0.027551
2 0.457031 0.363521 0.007749 0.022959
4 0.348980 0.351021 0.041327 0.048980
4 0.392049 0.388885 0.019802 0.022959
4 0.537983 0.380467 0.015497 0.027551
2 0.065864 0.365816 0.007749 0.026020
2 0.074904 0.366582 0.008610 0.027551
9 0.069739 0.456888 0.008610 0.026020
9 0.060698 0.461480 0.007749 0.035204
9 0.050367 0.456888 0.009471 0.035204
7 0.128530 0.448196 0.065926 0.062208
3 0.164445 0.462245 0.012054 0.022959
3 0.112787 0.467602 0.041327 0.042857
3 0.087388 0.467602 0.031856 0.039796
3 0.035156 0.516837 0.069739 0.186735
3 0.394324 0.455357 0.017219 0.032143
1 0.354720 0.456123 0.065434 0.088776
4 0.320281 0.383419 0.008610 0.019898
3 0.795654 0.550255 0.313393 0.301531
4 0.835141 0.248677 0.037883 0.055102
4 0.837293 0.015306 0.077487 0.030612
3 0.515953 0.600781 0.318559 0.454622
3 0.214586 0.477245 0.023246 0.064286
3 0.271840 0.484439 0.130867 0.176020
