9 0.365696 0.124342 0.013594 0.042632
9 0.157171 0.304638 0.014988 0.030197
9 0.733696 0.182961 0.010991 0.031974
9 0.357006 0.330395 0.008993 0.017763
9 0.438439 0.341053 0.009992 0.017763
9 0.368497 0.353487 0.007993 0.010658
9 0.416457 0.363257 0.007993 0.012434
9 0.388980 0.373026 0.008993 0.014211
2 0.388980 0.395230 0.020983 0.033750
2 0.408464 0.404112 0.027977 0.065724
2 0.426949 0.393454 0.028976 0.058618
2 0.450929 0.405000 0.060950 0.120789
2 0.543852 0.427204 0.056953 0.076382
2 0.618291 0.439638 0.123898 0.150987
2 0.281568 0.402336 0.053956 0.076382
2 0.345516 0.444967 0.101916 0.122566
2 0.472411 0.448520 0.085929 0.119013
2 0.790150 0.622599 0.419655 0.566645
9 0.721706 0.184737 0.014988 0.024868
9 0.174978 0.306740 0.012673 0.031194
