9 0.309121 0.019194 0.016795 0.038389
9 0.328315 0.019194 0.014396 0.038389
9 0.496865 0.089573 0.008398 0.046919
9 0.484869 0.090640 0.010797 0.044787
9 0.584439 0.219668 0.017995 0.029858
9 0.229944 0.219668 0.016795 0.029858
9 0.703803 0.169550 0.007198 0.036256
9 0.739793 0.169550 0.021594 0.044787
9 0.403893 0.228199 0.007198 0.021327
9 0.450079 0.232464 0.005998 0.021327
2 0.427885 0.279384 0.007198 0.017062
2 0.417089 0.280450 0.009597 0.014929
2 0.405092 0.285782 0.011996 0.017062
2 0.387697 0.290047 0.015595 0.025592
2 0.375701 0.292180 0.015595 0.042654
2 0.358306 0.299644 0.021594 0.044787
2 0.339712 0.306042 0.022793 0.049052
2 0.315119 0.308175 0.047986 0.053318
2 0.087980 0.343365 0.175960 0.200474
2 0.021206 0.396682 0.040788 0.187678
2 0.439282 0.287915 0.017995 0.034123
2 0.454278 0.284715 0.011996 0.019194
2 0.466274 0.290047 0.011996 0.025592
2 0.475871 0.292180 0.016795 0.038389
2 0.501064 0.300711 0.038389 0.046919
2 0.669014 0.358294 0.153554 0.174881
2 0.965268 0.274052 0.069464 0.036256
2 0.842904 0.413744 0.314191 0.315640
