4 0.025011 0.321544 0.050022 0.101979
4 0.021340 0.385888 0.035510 0.026709
4 0.188649 0.480582 0.017755 0.046133
4 0.521217 0.398185 0.024584 0.036107
4 0.523949 0.429593 0.010926 0.026709
3 0.405126 0.572849 0.163894 0.182104
1 0.613407 0.550996 0.241744 0.254946
3 0.904004 0.563136 0.191945 0.274371
3 0.829201 0.513361 0.058729 0.126259
3 0.802568 0.498793 0.043705 0.101979
3 0.778667 0.500007 0.017755 0.050989
3 0.767058 0.489081 0.016389 0.038849
3 0.747630 0.492896 0.024584 0.029137
3 0.323534 0.575526 0.049959 0.063947
