2 0.285565 0.337500 0.017985 0.060395
2 0.715711 0.421875 0.010991 0.037303
2 0.889068 0.530230 0.009992 0.026645
4 0.814630 0.443191 0.014988 0.019539
4 0.834113 0.444967 0.019984 0.015987
4 0.759675 0.485822 0.020983 0.015987
2 0.763172 0.532007 0.005995 0.019539
2 0.799642 0.507138 0.008993 0.033750
9 0.277072 0.603059 0.044963 0.108355
9 0.402469 0.590625 0.019984 0.076382
2 0.639773 0.536447 0.008993 0.031974
3 0.800641 0.593289 0.048960 0.056842
3 0.665252 0.587072 0.025979 0.030197
3 0.729699 0.627928 0.156871 0.140329
3 0.530863 0.664342 0.254790 0.330395
3 0.890067 0.602171 0.061949 0.074605
3 0.836385 0.584018 0.007798 0.031194
3 0.865142 0.584018 0.014622 0.020796
3 0.992842 0.590084 0.010723 0.105712
9 0.953849 0.577953 0.008773 0.029461
3 0.927530 0.581419 0.020471 0.022529
