4 0.143418 0.490747 0.017780 0.047923
9 0.520258 0.646233 0.017206 0.078512
9 0.448131 0.640332 0.009177 0.040785
9 0.455874 0.642881 0.006309 0.037727
9 0.475778 0.644411 0.005735 0.044864
9 0.462586 0.639822 0.010324 0.045884
9 0.470042 0.640842 0.010324 0.052002
9 0.733769 0.607024 0.020648 0.061178
9 0.953234 0.606589 0.057355 0.179456
6 0.592963 0.669052 0.077429 0.125415
6 0.630530 0.692504 0.091767 0.125415
6 0.693620 0.690464 0.130768 0.178437
6 0.730327 0.713916 0.167475 0.168240
6 0.794278 0.718504 0.181814 0.224320
9 0.856221 0.601926 0.034986 0.079532
6 0.885638 0.740786 0.223683 0.221261
3 0.049198 0.672355 0.098395 0.147847
4 0.388099 0.620619 0.009177 0.016314
3 0.385587 0.637565 0.008030 0.012236
3 0.321090 0.641838 0.029251 0.045251
3 0.357797 0.647130 0.038428 0.057100
3 0.223587 0.660895 0.114136 0.131533
3 0.943866 0.654333 0.111268 0.167090
4 0.984205 0.054381 0.029824 0.065257
4 0.987264 0.190332 0.025236 0.070695
