9 0.203885 0.314099 0.025742 0.076965
9 0.271164 0.483629 0.010531 0.033282
9 0.254373 0.603860 0.011701 0.014561
2 0.255543 0.630902 0.014041 0.018721
2 0.245013 0.643383 0.021061 0.018721
2 0.227462 0.643591 0.016381 0.020801
2 0.206985 0.648791 0.024571 0.031202
2 0.187094 0.647751 0.026912 0.037442
2 0.170128 0.649831 0.030422 0.037442
2 0.299421 0.625910 0.012871 0.014561
2 0.312292 0.620709 0.012871 0.024961
2 0.044112 0.671672 0.088223 0.052003
2 0.136196 0.652951 0.056163 0.064484
2 0.276605 0.632150 0.025742 0.035362
2 0.648219 0.552273 0.702042 0.567874
