2 0.043768 0.311523 0.087536 0.046159
2 0.128598 0.330764 0.022012 0.028478
2 0.253059 0.286760 0.014626 0.012481
2 0.232583 0.295600 0.009946 0.011441
2 0.210644 0.307561 0.012871 0.016641
2 0.227025 0.312761 0.010531 0.010401
2 0.266222 0.291960 0.008190 0.016641
2 0.251889 0.299761 0.014626 0.015601
2 0.239311 0.301841 0.009361 0.013521
2 0.400905 0.267519 0.006435 0.015601
2 0.409388 0.268039 0.009361 0.022881
2 0.388327 0.267519 0.010531 0.017681
2 0.408218 0.286240 0.019891 0.019761
2 0.419501 0.366919 0.112327 0.146649
2 0.265512 0.358227 0.093021 0.114407
9 0.595669 0.231414 0.011116 0.023921
