2 0.504382 0.596541 0.025219 0.027399
2 0.479163 0.599032 0.022417 0.032380
2 0.473559 0.599032 0.016813 0.032380
2 0.463751 0.604013 0.019615 0.032380
2 0.446238 0.602768 0.029422 0.044834
2 0.424522 0.608995 0.025219 0.047325
2 0.406308 0.611485 0.028021 0.042343
2 0.375484 0.617712 0.044834 0.049816
2 0.331351 0.623939 0.063048 0.067251
2 0.260597 0.635148 0.103679 0.084686
2 0.085465 0.663792 0.170929 0.156919
2 0.617168 0.597786 0.026620 0.044834
2 0.635381 0.596541 0.012610 0.027399
2 0.653595 0.596541 0.021016 0.032380
2 0.656397 0.604013 0.021016 0.027399
2 0.673910 0.601522 0.033625 0.037362
2 0.683718 0.611485 0.022417 0.037362
2 0.706835 0.610240 0.035027 0.049816
2 0.748167 0.617712 0.064449 0.079705
2 0.791600 0.630166 0.084064 0.079705
