9 0.579477 0.734284 0.016381 0.089445
9 0.598783 0.729084 0.017551 0.099846
2 0.294565 0.590755 0.017551 0.018721
2 0.406892 0.606356 0.012871 0.020801
4 0.515123 0.632358 0.025742 0.014561
4 0.516878 0.652119 0.019891 0.012481
4 0.563681 0.638598 0.024571 0.018721
4 0.566021 0.658359 0.019891 0.016641
4 0.563096 0.675000 0.016381 0.016641
3 0.337273 0.735324 0.046803 0.087365
3 0.200375 0.729084 0.077225 0.087365
3 0.022353 0.762900 0.044121 0.188280
3 0.276429 0.729084 0.088925 0.124807
3 0.417087 0.762886 0.154949 0.261056
2 0.084541 0.640206 0.017729 0.025403
