2 0.186392 0.475257 0.009004 0.039130
2 0.543569 0.602431 0.011005 0.026680
2 0.557575 0.594427 0.015007 0.017787
4 0.153376 0.485929 0.041020 0.024901
4 0.533063 0.583755 0.020010 0.014229
4 0.539066 0.568637 0.018009 0.016008
4 0.486142 0.536621 0.014211 0.023123
3 0.308953 0.644229 0.036018 0.071146
3 0.275436 0.639057 0.031015 0.046572
3 0.214906 0.660237 0.076038 0.099605
3 0.152876 0.654901 0.056028 0.078261
3 0.066023 0.702036 0.131684 0.172530
7 0.401999 0.607767 0.160079 0.364625
3 0.912251 0.741166 0.174086 0.275692
2 0.118834 0.493828 0.010547 0.039844
9 0.653428 0.655312 0.017139 0.037500
9 0.615195 0.648281 0.011865 0.056250
