2 0.442281 0.370734 0.007198 0.036256
2 0.511860 0.359004 0.007198 0.034123
2 0.444680 0.440047 0.007198 0.017062
2 0.485468 0.444312 0.007198 0.021327
2 0.107581 0.339810 0.009597 0.038389
3 0.396695 0.476303 0.016795 0.029858
3 0.385298 0.486966 0.015595 0.051185
3 0.369103 0.483767 0.033590 0.049052
3 0.357706 0.496564 0.029991 0.049052
3 0.339112 0.485900 0.035989 0.078910
3 0.292326 0.486966 0.091173 0.110900
3 0.235942 0.497630 0.103169 0.119431
3 0.042993 0.545616 0.085987 0.240995
3 0.105975 0.500829 0.211950 0.232464
3 0.483069 0.491232 0.021594 0.034123
3 0.507662 0.484834 0.025193 0.038389
3 0.532254 0.496564 0.023993 0.057583
1 0.579041 0.482701 0.074378 0.170616
3 0.432084 0.517891 0.089973 0.134360
