4 0.194242 0.160745 0.051537 0.110319
4 0.348852 0.480482 0.019984 0.065443
3 0.388293 0.534706 0.090452 0.117798
3 0.432993 0.527227 0.028398 0.065443
3 0.439304 0.510399 0.049433 0.069183
3 0.471383 0.510399 0.016828 0.035526
3 0.479271 0.496375 0.011569 0.037396
3 0.486633 0.488896 0.009466 0.029917
3 0.493996 0.494506 0.011569 0.026177
3 0.512401 0.510399 0.039967 0.050485
3 0.550791 0.498245 0.011569 0.022438
3 0.538170 0.491701 0.013673 0.013089
3 0.570775 0.499180 0.015776 0.013089
3 0.619682 0.522553 0.058899 0.067313
3 0.724858 0.591735 0.189318 0.216898
4 0.827406 0.484222 0.013673 0.046745
4 0.939419 0.602019 0.119901 0.136496
2 0.180043 0.260780 0.025242 0.086011
4 0.183724 0.341181 0.019984 0.029917
2 0.160586 0.387927 0.032605 0.048615
