2 0.718490 0.401685 0.008608 0.034005
2 0.547295 0.528354 0.006695 0.018703
2 0.681788 0.524103 0.007890 0.017003
9 0.795240 0.515602 0.018171 0.064610
9 0.120984 0.592113 0.048776 0.214232
9 0.261573 0.575961 0.020084 0.141121
9 0.280223 0.611666 0.053558 0.212532
3 0.531754 0.553857 0.026779 0.093514
3 0.481065 0.555558 0.097552 0.147922
3 0.616395 0.545356 0.058340 0.076511
4 0.418422 0.464594 0.018171 0.037406
4 0.418900 0.504550 0.019128 0.035705
4 0.713947 0.444191 0.025823 0.020403
4 0.710121 0.364279 0.039212 0.023804
