2 0.454977 0.546313 0.047802 0.053417
2 0.429710 0.560708 0.013658 0.026709
2 0.416052 0.560708 0.024584 0.031565
2 0.380541 0.566778 0.046437 0.058273
2 0.351177 0.570421 0.039608 0.070414
2 0.317032 0.574063 0.053266 0.087410
2 0.274693 0.571635 0.055997 0.106835
2 0.193429 0.588631 0.142041 0.145684
2 0.520534 0.557066 0.036876 0.048561
2 0.560142 0.549782 0.050534 0.082554
2 0.605213 0.560708 0.072387 0.123831
2 0.678282 0.560708 0.144773 0.196673
2 0.777301 0.592273 0.132481 0.216097
2 0.902954 0.621410 0.192575 0.303507
9 0.376444 0.476940 0.005463 0.024281
9 0.416735 0.473298 0.009560 0.021853
2 0.025813 0.619155 0.050534 0.087410
