9 0.511045 0.483984 0.006592 0.030469
9 0.358775 0.503906 0.005273 0.037500
9 0.445127 0.544921 0.006592 0.021094
9 0.472813 0.550781 0.003955 0.018750
9 0.518296 0.487500 0.007910 0.028125
2 0.408872 0.574218 0.010547 0.014062
2 0.382505 0.574218 0.007910 0.023437
2 0.441831 0.581250 0.015820 0.018750
2 0.426011 0.580078 0.010547 0.025781
2 0.395689 0.577734 0.005273 0.025781
2 0.375254 0.574218 0.009229 0.018750
2 0.363389 0.576562 0.014502 0.018750
2 0.462925 0.581250 0.013184 0.032812
2 0.488633 0.561328 0.011865 0.030469
2 0.519615 0.615234 0.079102 0.138281
2 0.585532 0.622265 0.047461 0.058594
2 0.651450 0.626953 0.063281 0.086719
2 0.719346 0.630468 0.127881 0.140625
2 0.851841 0.686718 0.073828 0.112500
9 0.580259 0.550078 0.007910 0.021094
2 0.050847 0.628593 0.101695 0.089062
