4 0.581960 0.405520 0.015597 0.017330
4 0.644835 0.420250 0.016572 0.032927
2 0.156944 0.278145 0.009748 0.046791
2 0.402108 0.367394 0.006824 0.031194
2 0.425991 0.449711 0.005849 0.022529
2 0.541993 0.457510 0.011698 0.020796
2 0.630701 0.455777 0.011698 0.024262
2 0.649709 0.455777 0.010723 0.024262
9 0.935328 0.493036 0.038018 0.074519
9 0.965547 0.499102 0.038018 0.072786
9 0.659458 0.541560 0.012673 0.123042
9 0.688702 0.511233 0.018521 0.051990
5 0.670180 0.506034 0.010723 0.055456
5 0.573674 0.573620 0.034118 0.069320
9 0.632163 0.540693 0.018521 0.090116
9 0.615591 0.538960 0.020471 0.079718
9 0.573674 0.519898 0.016572 0.034660
9 0.587809 0.524230 0.013647 0.039859
9 0.513724 0.526829 0.009748 0.038126
9 0.541993 0.517298 0.007798 0.029461
9 0.531270 0.521631 0.011698 0.027728
9 0.484479 0.529429 0.007798 0.039859
9 0.477656 0.517298 0.007798 0.025995
9 0.443050 0.506034 0.008773 0.017330
9 0.455235 0.515565 0.009748 0.015597
9 0.013647 0.543293 0.015597 0.067587
3 0.212021 0.635141 0.396747 0.653338
3 0.443050 0.581419 0.077010 0.133440
