2 0.406475 0.366945 0.015546 0.012756
2 0.408269 0.376512 0.014350 0.014882
2 0.426805 0.379701 0.013155 0.021260
2 0.438763 0.379701 0.013155 0.021260
2 0.456103 0.385016 0.019134 0.027638
2 0.470454 0.387142 0.009567 0.023386
2 0.475835 0.392457 0.010763 0.021260
2 0.486000 0.392457 0.011959 0.021260
2 0.496165 0.397772 0.010763 0.019134
2 0.567319 0.435402 0.095669 0.079937
2 0.820245 0.404150 0.101649 0.074409
2 0.145298 0.362693 0.115999 0.068032
2 0.049628 0.341433 0.072948 0.051024
2 0.006577 0.340370 0.013155 0.040394
9 0.365935 0.294449 0.016742 0.027638
9 0.422141 0.231732 0.019134 0.025512
9 0.481934 0.228543 0.019134 0.031890
9 0.487914 0.095669 0.016742 0.038268
9 0.874657 0.338032 0.021526 0.025512
9 0.756864 0.400748 0.015546 0.023386
9 0.230085 0.308268 0.014350 0.025512
9 0.242163 0.264685 0.013155 0.044646
9 0.607500 0.166890 0.016742 0.027638
9 0.596139 0.356102 0.010763 0.019134
9 0.687623 0.195591 0.014350 0.029764
2 0.388059 0.365669 0.020330 0.021260
2 0.385667 0.390118 0.027505 0.027638
2 0.470573 0.546910 0.209277 0.290197
2 0.816179 0.634606 0.363543 0.420945
2 0.443666 0.358228 0.026309 0.014882
9 0.462800 0.359291 0.009567 0.017008
9 0.232596 0.108425 0.015546 0.059528
