9 0.339742 0.219631 0.005765 0.017570
9 0.484699 0.210114 0.009060 0.019035
9 0.547046 0.022695 0.013178 0.033677
9 0.454884 0.254040 0.005765 0.013178
9 0.472180 0.239398 0.005765 0.013178
9 0.431822 0.234273 0.004118 0.011714
2 0.324093 0.269170 0.028827 0.036605
2 0.400278 0.278688 0.018120 0.023427
2 0.428693 0.277223 0.014001 0.023427
2 0.415927 0.276491 0.011531 0.019035
2 0.226495 0.276003 0.176254 0.204989
2 0.364862 0.275637 0.051064 0.064425
2 0.457313 0.274173 0.041181 0.029284
9 0.584996 0.099105 0.011155 0.050339
9 0.606447 0.199783 0.016303 0.025932
