9 0.235508 0.190312 0.019775 0.075000
9 0.501157 0.196172 0.018457 0.063281
9 0.661997 0.234844 0.018457 0.046875
9 0.661997 0.339199 0.013184 0.030397
2 0.503794 0.427031 0.013184 0.018750
2 0.515659 0.424687 0.013184 0.032812
2 0.524888 0.429375 0.021094 0.042187
2 0.545322 0.429375 0.035596 0.056250
2 0.312632 0.458672 0.042187 0.049219
2 0.358775 0.441093 0.031641 0.042187
2 0.392393 0.439922 0.035596 0.044531
2 0.428648 0.434062 0.029004 0.051562
2 0.466880 0.436406 0.031641 0.046875
2 0.573667 0.438750 0.050098 0.056250
2 0.246055 0.506718 0.170068 0.168750
9 0.443857 0.372278 0.007041 0.021457
9 0.481072 0.372278 0.005029 0.021457
