4 0.201459 0.438906 0.015211 0.012481
4 0.193854 0.464908 0.014041 0.018721
4 0.195024 0.501310 0.011701 0.054083
4 0.144711 0.538752 0.023401 0.012481
4 0.796440 0.475309 0.014041 0.060324
4 0.336017 0.456587 0.015211 0.047843
1 0.052275 0.599076 0.023401 0.029122
3 0.026534 0.608436 0.025742 0.035362
3 0.116044 0.602196 0.017551 0.022881
1 0.137690 0.595956 0.018721 0.031202
3 0.085037 0.603236 0.049143 0.083205
3 0.728576 0.568914 0.056163 0.093606
3 0.751392 0.615717 0.080735 0.116487
1 0.884780 0.582435 0.228164 0.257935
4 0.593433 0.509631 0.010531 0.037442
4 0.534344 0.536672 0.007020 0.037442
2 0.201720 0.555393 0.009361 0.016641
2 0.008435 0.533829 0.009186 0.014970
