3 0.022886 0.344410 0.045443 0.136063
3 0.162802 0.346536 0.270266 0.165827
4 0.161606 0.242362 0.031093 0.029764
4 0.465954 0.249803 0.037072 0.036142
2 0.528139 0.188150 0.022721 0.053150
4 0.573582 0.178583 0.022721 0.025512
2 0.549665 0.188150 0.008371 0.044646
4 0.560428 0.063780 0.041855 0.076535
4 0.611850 0.218976 0.041855 0.063780
4 0.724860 0.257244 0.011959 0.025512
3 0.751767 0.342284 0.017938 0.046772
3 0.784055 0.357165 0.072948 0.123307
3 0.825910 0.328465 0.022721 0.014882
3 0.839065 0.355039 0.037072 0.055276
3 0.861188 0.344410 0.014350 0.021260
3 0.877332 0.350787 0.027505 0.038268
3 0.901250 0.356102 0.046639 0.048898
3 0.941909 0.352276 0.039464 0.049748
4 0.840859 0.295512 0.009567 0.025512
