9 0.329772 0.251023 0.020238 0.081344
9 0.310853 0.262755 0.021118 0.073523
9 0.986660 0.493540 0.021998 0.032851
9 0.203967 0.535776 0.024638 0.039108
9 0.232564 0.531866 0.011439 0.034415
2 0.694936 0.596338 0.007039 0.014079
2 0.702856 0.595555 0.010559 0.018772
2 0.712095 0.598684 0.007919 0.012514
2 0.683497 0.598684 0.010559 0.012514
2 0.880160 0.604941 0.060715 0.065701
2 0.919317 0.597902 0.061595 0.070394
2 0.782049 0.593209 0.021118 0.029722
2 0.332407 0.689191 0.302694 0.200232
2 0.094765 0.693884 0.180385 0.150174
9 0.537487 0.045031 0.025518 0.090062
9 0.508450 0.055647 0.036077 0.103245
