9 0.327035 0.355701 0.008190 0.024961
9 0.258000 0.387943 0.005850 0.047843
9 0.493185 0.305778 0.008190 0.037442
9 0.129878 0.417065 0.018721 0.022881
9 0.316504 0.356741 0.005850 0.022881
9 0.502545 0.305778 0.008190 0.037442
9 0.613117 0.386071 0.023401 0.033282
9 0.907857 0.342389 0.005850 0.029122
2 0.100626 0.481549 0.035102 0.035362
2 0.136313 0.476349 0.040952 0.045763
2 0.491429 0.433706 0.018721 0.031202
2 0.477389 0.433706 0.021061 0.035362
2 0.428831 0.450347 0.036272 0.072804
2 0.391388 0.439946 0.012871 0.031202
2 0.403674 0.449307 0.021061 0.041602
2 0.707190 0.420185 0.035102 0.029122
2 0.734687 0.410825 0.012871 0.027042
2 0.748143 0.414985 0.021061 0.022881
2 0.775640 0.409785 0.033932 0.029122
2 0.969286 0.427882 0.060844 0.081125
2 0.273211 0.464492 0.078395 0.085285
2 0.346341 0.465948 0.098286 0.108166
2 0.453402 0.470108 0.071374 0.091525
2 0.545253 0.471148 0.105306 0.172650
2 0.070935 0.766675 0.140408 0.457627
2 0.177266 0.477389 0.076055 0.085285
