9 0.258606 0.439124 0.008412 0.024471
9 0.347696 0.458157 0.006118 0.021752
9 0.422665 0.514577 0.005353 0.012236
9 0.462431 0.471072 0.005353 0.017674
9 0.340533 0.457477 0.006883 0.023112
9 0.277826 0.498943 0.005353 0.021752
2 0.081783 0.564752 0.163567 0.205287
2 0.409512 0.556042 0.006883 0.019033
2 0.418306 0.556042 0.016824 0.024471
2 0.431689 0.561480 0.011471 0.029909
2 0.385423 0.557402 0.006118 0.021752
2 0.367452 0.551964 0.006883 0.019033
2 0.481779 0.568958 0.025236 0.033988
2 0.448131 0.559441 0.029824 0.050302
2 0.396511 0.559441 0.026001 0.036707
2 0.376246 0.556042 0.017589 0.027190
7 0.352540 0.552643 0.023707 0.033988
7 0.156115 0.504407 0.158299 0.247432
2 0.678807 0.610449 0.078002 0.125076
2 0.574804 0.586658 0.137651 0.194411
