4 0.418680 0.385591 0.032169 0.012131
4 0.273921 0.344865 0.050690 0.013864
4 0.675054 0.296342 0.018521 0.017330
4 0.665794 0.279878 0.007798 0.025995
4 0.476681 0.403787 0.009748 0.010398
4 0.464009 0.395122 0.009748 0.013864
2 0.215920 0.428049 0.012673 0.027728
2 0.228592 0.427182 0.008773 0.022529
2 0.313401 0.344865 0.008773 0.027728
2 0.303653 0.344865 0.004874 0.031194
2 0.403570 0.355263 0.007798 0.027728
2 0.417218 0.356996 0.007798 0.027728
2 0.408932 0.355263 0.006824 0.031194
2 0.471807 0.373460 0.005849 0.029461
2 0.682853 0.383858 0.012673 0.019063
2 0.657020 0.384724 0.007798 0.031194
4 0.423067 0.418518 0.011698 0.032927
9 0.433302 0.493036 0.008773 0.046791
9 0.442563 0.493903 0.007798 0.041592
3 0.297316 0.499968 0.048740 0.053723
3 0.340467 0.503434 0.034575 0.039859
3 0.379200 0.495636 0.023395 0.027728
3 0.245164 0.506900 0.020471 0.046791
3 0.266123 0.506034 0.015597 0.024262
3 0.220307 0.505167 0.019496 0.022529
4 0.533457 0.401250 0.014502 0.042187
