9 0.192437 0.635291 0.020593 0.076271
3 0.065329 0.687918 0.130658 0.178475
3 0.146532 0.638342 0.057489 0.061017
3 0.324577 0.649783 0.072076 0.065593
3 0.458004 0.641393 0.038612 0.051864
3 0.561828 0.650545 0.048909 0.070169
3 0.708984 0.671901 0.085805 0.103729
3 0.630043 0.649783 0.039470 0.056441
3 0.397082 0.645206 0.040328 0.035085
3 0.488894 0.640630 0.026600 0.038136
3 0.417247 0.641393 0.025742 0.042712
3 0.607734 0.646732 0.006864 0.044237
3 0.596579 0.645969 0.012013 0.045763
3 0.536516 0.634528 0.010297 0.025932
3 0.526648 0.633003 0.009439 0.016780
7 0.509058 0.628427 0.010297 0.028983
