4 0.705134 0.413026 0.010332 0.018367
4 0.684471 0.424506 0.018941 0.041327
2 0.597239 0.419914 0.006027 0.026020
2 0.546559 0.416853 0.006888 0.022959
7 0.450992 0.441204 0.123980 0.191327
3 0.869149 0.613258 0.257430 0.410204
3 0.215751 0.551269 0.305644 0.307653
4 0.227139 0.327938 0.013776 0.029082
3 0.653907 0.494636 0.064573 0.078061
3 0.541120 0.477312 0.014636 0.039796
3 0.528635 0.484200 0.015497 0.044388
3 0.513999 0.487261 0.018941 0.044388
3 0.607414 0.484200 0.014636 0.035204
3 0.619468 0.491853 0.018080 0.044388
3 0.368926 0.516204 0.114509 0.172959
