2 0.315129 0.061132 0.023510 0.117170
2 0.629776 0.169565 0.021050 0.093889
2 0.177192 0.435865 0.014034 0.022177
2 0.199412 0.433093 0.013254 0.022177
2 0.908889 0.392205 0.011695 0.031879
2 0.919415 0.385275 0.017152 0.034651
2 0.341697 0.069259 0.023389 0.101181
2 0.646539 0.162123 0.018711 0.084548
2 0.609506 0.167667 0.013254 0.073460
2 0.543161 0.450462 0.007796 0.019405
2 0.572788 0.449076 0.007796 0.016632
3 0.531913 0.505903 0.026508 0.031879
3 0.555302 0.500359 0.018711 0.023563
3 0.576743 0.501052 0.024169 0.030493
3 0.604003 0.506648 0.019547 0.036140
3 0.749897 0.511909 0.284571 0.235626
3 0.902708 0.534779 0.038203 0.103953
3 0.509377 0.509830 0.020271 0.037423
3 0.474292 0.511909 0.053016 0.077618
3 0.312906 0.545174 0.163726 0.188501
4 0.189666 0.405372 0.020271 0.024949
4 0.174074 0.314587 0.020271 0.018018
4 0.819620 0.222416 0.110710 0.063758
9 0.097846 0.537089 0.050677 0.187115
