9 0.619375 0.398136 0.006006 0.018305
9 0.634391 0.391271 0.006864 0.013729
2 0.354911 0.447494 0.037754 0.068644
2 0.344615 0.473426 0.029174 0.062542
2 0.217623 0.513087 0.025742 0.086949
7 0.105218 0.403801 0.209364 0.338644
2 0.642971 0.421780 0.015445 0.019831
7 0.480125 0.330363 0.241112 0.573559
2 0.742019 0.657410 0.512256 0.453051
2 0.100197 0.594867 0.199926 0.288305
2 0.288539 0.500291 0.130424 0.157119
9 0.619420 0.335204 0.010332 0.042245
9 0.609295 0.348980 0.010332 0.040408
9 0.631508 0.393980 0.015497 0.027551
