4 0.823496 0.281719 0.038232 0.046875
4 0.678477 0.370781 0.019775 0.018750
4 0.665293 0.414140 0.030322 0.021094
4 0.444760 0.423785 0.019042 0.034617
4 0.345591 0.444609 0.010547 0.030469
4 0.266490 0.424687 0.018457 0.023437
4 0.261875 0.370781 0.027686 0.056250
4 0.168272 0.356718 0.138428 0.089062
4 0.537412 0.437578 0.011865 0.021094
4 0.536753 0.403593 0.015820 0.037500
3 0.495225 0.498515 0.025049 0.035156
3 0.555869 0.466875 0.011865 0.018750
3 0.542686 0.468047 0.014502 0.021094
3 0.530161 0.471562 0.018457 0.028125
3 0.577622 0.463359 0.021094 0.025781
3 0.405576 0.493828 0.027686 0.021094
1 0.331748 0.482109 0.040869 0.044531
3 0.190025 0.470390 0.047461 0.035156
3 0.710776 0.497343 0.060644 0.065625
3 0.600034 0.504375 0.039551 0.060937
3 0.472154 0.514922 0.042187 0.067969
3 0.398985 0.546562 0.075146 0.089062
3 0.229576 0.553593 0.110742 0.121875
3 0.521592 0.483281 0.019775 0.032812
