2 0.221061 0.551736 0.078426 0.105269
2 0.273434 0.532895 0.049715 0.060655
2 0.304627 0.512099 0.053614 0.064121
2 0.333384 0.506034 0.019496 0.045058
2 0.802347 0.635501 0.253611 0.238138
2 0.648735 0.545892 0.094556 0.107445
2 0.589759 0.525963 0.052640 0.095315
2 0.553203 0.519898 0.028269 0.076252
2 0.533220 0.507767 0.017547 0.062388
2 0.522010 0.506900 0.014622 0.046791
2 0.511774 0.501701 0.013647 0.050257
2 0.501051 0.495636 0.015597 0.038126
2 0.486429 0.497369 0.013647 0.031194
2 0.455235 0.496502 0.021446 0.029461
2 0.402596 0.494769 0.021446 0.029461
2 0.378225 0.498235 0.019496 0.032927
