2 0.348228 0.207890 0.010547 0.049219
2 0.365367 0.212578 0.013184 0.053906
2 0.822837 0.289922 0.015820 0.049219
2 0.832065 0.396562 0.010547 0.023437
2 0.822837 0.395390 0.007910 0.025781
4 0.322520 0.262969 0.048779 0.028125
4 0.814927 0.364922 0.021094 0.035156
2 0.580259 0.409453 0.007910 0.021094
2 0.536094 0.407109 0.009229 0.025781
2 0.556529 0.431718 0.010547 0.018750
4 0.691660 0.349687 0.014502 0.032812
4 0.703526 0.378984 0.014502 0.030469
3 0.421397 0.439922 0.035596 0.049219
3 0.661997 0.455156 0.044824 0.056250
9 0.634971 0.453984 0.022412 0.082031
9 0.915122 0.493828 0.031641 0.119531
9 0.785923 0.459843 0.015820 0.065625
3 0.582237 0.443437 0.030322 0.042187
7 0.491303 0.414185 0.074085 0.131707
