2 0.300736 0.410870 0.008613 0.020416
2 0.286022 0.396196 0.007895 0.011484
2 0.289252 0.415336 0.007177 0.019140
2 0.271667 0.405128 0.023686 0.029348
2 0.244751 0.400662 0.015790 0.007656
2 0.253005 0.404490 0.017944 0.012760
2 0.252288 0.422354 0.012202 0.025520
2 0.226808 0.400662 0.014355 0.007656
2 0.206711 0.400024 0.020097 0.011484
2 0.213529 0.430648 0.025121 0.049764
2 0.172977 0.395558 0.020097 0.015312
2 0.176566 0.431286 0.028710 0.051040
2 0.129912 0.380884 0.053113 0.019140
2 0.123452 0.446598 0.100484 0.114839
2 0.399964 0.396515 0.008613 0.006380
2 0.378073 0.393325 0.009331 0.005104
2 0.389557 0.404171 0.006460 0.014036
2 0.381303 0.409913 0.014355 0.025520
2 0.366230 0.400981 0.014355 0.012760
2 0.400502 0.418100 0.022968 0.030624
2 0.838642 0.447521 0.182909 0.149813
2 0.480531 0.425118 0.039476 0.044660
2 0.238052 0.431073 0.027274 0.049764
2 0.265327 0.427245 0.027274 0.039556
2 0.066152 0.434901 0.016508 0.047212
2 0.083737 0.431711 0.020097 0.028072
2 0.029667 0.444471 0.059334 0.084216
9 0.414498 0.354513 0.005024 0.014036
9 0.205283 0.255730 0.018676 0.050827
9 0.167601 0.249350 0.015058 0.051252
9 0.183873 0.048787 0.021532 0.097574
9 0.944195 0.292202 0.020097 0.039556
2 0.367178 0.428642 0.031581 0.044660
