3 0.432836 0.561820 0.039001 0.063218
3 0.315450 0.556722 0.009177 0.030589
3 0.309715 0.563859 0.013765 0.053021
1 0.367643 0.501662 0.056208 0.067296
3 0.485284 0.548374 0.088326 0.110121
3 0.273390 0.564879 0.071120 0.106042
3 0.811950 0.522054 0.182388 0.106042
3 0.911637 0.504721 0.032119 0.059139
3 0.115706 0.643391 0.231411 0.369109
3 0.363901 0.578338 0.083738 0.114199
3 0.636909 0.586292 0.200741 0.234517
2 0.359886 0.330363 0.013765 0.048943
2 0.209043 0.436405 0.012618 0.048943
2 0.209617 0.483308 0.011471 0.028550
2 0.598481 0.249811 0.013765 0.095846
2 0.582995 0.265106 0.010324 0.053021
2 0.609952 0.260008 0.006883 0.055060
4 0.642644 0.293656 0.040148 0.040785
4 0.271560 0.360952 0.061943 0.024471
4 0.207896 0.341579 0.030971 0.046903
4 0.699425 0.379305 0.022942 0.016314
4 0.213058 0.521035 0.016059 0.038746
2 0.699999 0.446601 0.012618 0.028550
2 0.494669 0.451699 0.010324 0.022432
