2 0.181071 0.459243 0.100405 0.116110
2 0.114784 0.467908 0.038018 0.074519
2 0.053371 0.467908 0.084808 0.088383
2 0.016815 0.481772 0.033143 0.091849
5 0.466689 0.430648 0.027295 0.055456
2 0.595364 0.509500 0.257349 0.168100
2 0.775216 0.493036 0.102355 0.093582
2 0.341914 0.512099 0.300241 0.512966
2 0.938977 0.518889 0.117938 0.183980
9 0.494228 0.200161 0.013647 0.060655
9 0.375301 0.266014 0.011698 0.039859
9 0.386511 0.266014 0.012672 0.053723
9 0.483992 0.204493 0.008773 0.055456
9 0.510799 0.207093 0.017547 0.064121
9 0.552229 0.387324 0.012673 0.022529
9 0.541506 0.388190 0.010723 0.027728
