2 0.020494 0.615473 0.040659 0.282756
2 0.073628 0.594213 0.147256 0.218976
2 0.135297 0.457087 0.270266 0.412441
2 0.247709 0.511299 0.102845 0.129685
2 0.278801 0.516614 0.107628 0.097795
2 0.282389 0.485788 0.167421 0.125433
2 0.347564 0.483662 0.113607 0.104173
2 0.409749 0.485788 0.022721 0.040394
2 0.453398 0.516614 0.083711 0.127559
2 0.498841 0.477284 0.021526 0.027638
2 0.526944 0.480473 0.022721 0.034016
2 0.558634 0.498543 0.052618 0.065906
2 0.540098 0.485788 0.022721 0.040394
2 0.626201 0.501732 0.056206 0.068032
2 0.653108 0.483662 0.019134 0.040394
2 0.782261 0.529370 0.162638 0.174331
2 0.900054 0.552756 0.197318 0.246614
9 0.484490 0.384803 0.011959 0.021260
9 0.479707 0.434764 0.009567 0.019134
9 0.572984 0.444331 0.014350 0.017008
9 0.616036 0.431575 0.016742 0.021260
