9 0.093710 0.375062 0.010101 0.024486
9 0.704332 0.370981 0.024792 0.026119
9 0.065245 0.372614 0.028465 0.048972
9 0.683672 0.453418 0.018365 0.024486
2 0.492171 0.445647 0.007346 0.014692
2 0.429272 0.456258 0.011937 0.022854
2 0.387033 0.466052 0.017446 0.048972
2 0.371423 0.470133 0.026629 0.053869
2 0.336837 0.476663 0.053563 0.068561
2 0.516963 0.458706 0.016528 0.037545
2 0.539459 0.473398 0.037647 0.063664
2 0.842475 0.611336 0.268123 0.285671
2 0.580841 0.480754 0.072663 0.070680
2 0.413203 0.458473 0.027547 0.035913
2 0.482070 0.449495 0.011019 0.021221
9 0.250010 0.251250 0.014502 0.051562
9 0.263194 0.248906 0.014502 0.046875
9 0.530821 0.285234 0.011865 0.049219
9 0.543345 0.284062 0.013184 0.042187
9 0.261216 0.405937 0.018457 0.028125
9 0.444468 0.412968 0.007910 0.018750
2 0.501817 0.452812 0.014502 0.018750
2 0.620469 0.480937 0.061963 0.079687
2 0.050847 0.516093 0.101695 0.084375
9 0.620469 0.404765 0.011865 0.030469
