9 0.293525 0.394194 0.007198 0.027725
9 0.396695 0.340877 0.007198 0.027725
9 0.547850 0.350474 0.007198 0.029858
9 0.539452 0.348341 0.007198 0.025592
9 0.605433 0.334478 0.007198 0.027725
9 0.618029 0.402725 0.013196 0.023460
2 0.319917 0.466706 0.038389 0.061848
2 0.291726 0.470971 0.049185 0.074645
2 0.253337 0.463507 0.049185 0.093839
2 0.370902 0.461374 0.061182 0.098104
2 0.449479 0.472038 0.107968 0.157820
2 0.501064 0.451777 0.021594 0.040521
2 0.525057 0.468839 0.033590 0.078910
2 0.569443 0.479502 0.093572 0.130095
2 0.681010 0.470971 0.119964 0.142891
2 0.140165 0.549881 0.280329 0.462796
