2 0.528991 0.459375 0.011865 0.025781
2 0.274219 0.478769 0.058008 0.091289
2 0.388916 0.484336 0.058008 0.083672
2 0.510205 0.458906 0.023730 0.051562
2 0.462744 0.464062 0.034277 0.058594
2 0.487793 0.451172 0.015820 0.037500
2 0.108765 0.509297 0.217529 0.264844
9 0.353320 0.340527 0.015820 0.033008
9 0.281470 0.400390 0.014502 0.039844
9 0.440727 0.414375 0.006592 0.018750
9 0.391948 0.433125 0.009229 0.018750
9 0.550810 0.361640 0.010547 0.021094
2 0.768273 0.485156 0.039551 0.056250
2 0.959753 0.526740 0.076546 0.131959
2 0.545683 0.469072 0.012758 0.030928
