3 0.353639 0.448824 0.052215 0.089451
3 0.317088 0.448824 0.022785 0.048945
3 0.304272 0.456419 0.029430 0.064135
3 0.151899 0.472453 0.039873 0.069198
3 0.452848 0.424352 0.022785 0.023629
3 0.513133 0.441229 0.033228 0.040506
3 0.564941 0.430018 0.021835 0.025316
3 0.753255 0.433393 0.068354 0.045570
3 0.805945 0.443520 0.095886 0.038819
3 0.408702 0.471368 0.088291 0.138397
3 0.480380 0.455214 0.055063 0.070886
3 0.234494 0.495961 0.155696 0.205907
3 0.657843 0.506088 0.196519 0.212658
4 0.266297 0.305123 0.029430 0.028692
4 0.475768 0.401808 0.007595 0.015190
