9 0.077419 0.821012 0.034413 0.180816
9 0.106861 0.840045 0.033648 0.194411
9 0.161922 0.834607 0.030589 0.167221
9 0.296769 0.789491 0.009941 0.040785
9 0.521982 0.790850 0.050472 0.160423
3 0.435950 0.797939 0.071120 0.093807
3 0.326157 0.798036 0.042060 0.063897
3 0.369670 0.785801 0.030589 0.059819
3 0.414024 0.776964 0.067296 0.112840
2 0.336098 0.692674 0.011471 0.019033
2 0.312311 0.706295 0.008412 0.020393
4 0.421285 0.663471 0.013765 0.032628
4 0.182952 0.621843 0.023707 0.051662
4 0.181805 0.671465 0.021412 0.053021
4 0.554609 0.591254 0.020648 0.050302
4 0.557668 0.640876 0.020648 0.046224
2 0.582723 0.621979 0.020648 0.053021
4 0.872573 0.535703 0.043589 0.078852
2 0.853837 0.594842 0.048943 0.055740
4 0.968129 0.588442 0.041691 0.023824
4 0.148153 0.652500 0.016379 0.039706
