2 0.402281 0.176953 0.018457 0.133594
2 0.598716 0.294140 0.010547 0.086719
2 0.989609 0.396093 0.019775 0.042187
2 0.478745 0.478125 0.002637 0.028125
2 0.449082 0.471093 0.006592 0.023437
4 0.111583 0.400781 0.030322 0.037500
4 0.526206 0.427734 0.029004 0.035156
4 0.689024 0.467578 0.011865 0.025781
4 0.689683 0.433593 0.013184 0.032812
3 0.352183 0.520312 0.013184 0.037500
3 0.482041 0.509765 0.017139 0.035156
3 0.468858 0.528515 0.022412 0.039844
3 0.328453 0.533203 0.042187 0.049219
3 0.403599 0.546093 0.116016 0.196875
9 0.522910 0.549609 0.014502 0.138281
9 0.631675 0.554296 0.018457 0.133594
9 0.645518 0.569531 0.011865 0.126562
9 0.682432 0.558984 0.022412 0.133594
9 0.718027 0.549609 0.022412 0.152344
