2 0.352893 0.574946 0.009361 0.016641
2 0.347043 0.579107 0.009361 0.016641
2 0.333002 0.570786 0.018721 0.037442
2 0.318961 0.572866 0.025742 0.045763
2 0.298485 0.577027 0.029252 0.049923
2 0.283859 0.583267 0.028082 0.049923
2 0.243375 0.587427 0.060844 0.074884
2 0.171415 0.598868 0.099456 0.139368
2 0.089510 0.635270 0.146259 0.162250
2 0.388814 0.574946 0.005850 0.016641
2 0.394665 0.574946 0.005850 0.016641
2 0.405195 0.570786 0.015211 0.033282
2 0.408120 0.573906 0.009361 0.027042
2 0.418651 0.580147 0.021061 0.035362
2 0.445563 0.585347 0.039782 0.074884
2 0.467794 0.594708 0.021061 0.068644
2 0.484175 0.604068 0.042123 0.083205
2 0.521617 0.615509 0.095946 0.101926
2 0.685369 0.666680 0.245715 0.224653
2 0.018296 0.681176 0.036591 0.187211
