9 0.401712 0.740836 0.003119 0.011088
2 0.157410 0.760102 0.038203 0.033265
2 0.907118 0.748321 0.039762 0.026335
2 0.821357 0.753172 0.036643 0.030493
2 0.987031 0.753172 0.024949 0.036037
2 0.955456 0.752341 0.063151 0.038809
2 0.868135 0.753727 0.067829 0.036037
2 0.700901 0.754420 0.054575 0.040195
2 0.647496 0.749569 0.042881 0.038809
2 0.566412 0.749569 0.052236 0.041581
2 0.599937 0.750955 0.075626 0.041581
2 0.344525 0.765508 0.028847 0.040195
2 0.402999 0.757192 0.010135 0.012474
2 0.311390 0.759271 0.026508 0.030493
2 0.094602 0.763013 0.032745 0.042967
