9 0.321861 0.543750 0.026367 0.178125
9 0.328453 0.546093 0.050098 0.210937
2 0.371958 0.343359 0.026367 0.039844
2 0.411509 0.348047 0.026367 0.058594
4 0.388438 0.185156 0.043506 0.042187
2 0.499180 0.051562 0.019775 0.103125
9 0.581577 0.502734 0.013184 0.058594
9 0.467539 0.510937 0.019775 0.093750
3 0.681113 0.529687 0.204346 0.281250
3 0.782627 0.501562 0.030322 0.060937
3 0.795151 0.493359 0.013184 0.035156
3 0.811631 0.498047 0.025049 0.044531
3 0.825474 0.481640 0.023730 0.035156
3 0.880845 0.517968 0.068555 0.098437
3 0.857773 0.505078 0.038232 0.100781
1 0.915122 0.448828 0.094922 0.100781
2 0.857773 0.405468 0.006592 0.028125
4 0.938193 0.369140 0.017139 0.021094
3 0.913145 0.577031 0.172705 0.332812
