2 0.439638 0.339146 0.007798 0.008665
2 0.404545 0.369474 0.005849 0.013864
2 0.385049 0.342786 0.009748 0.015250
2 0.297804 0.293569 0.018521 0.031194
2 0.682365 0.316098 0.007798 0.013864
2 0.758401 0.315231 0.007798 0.012131
2 0.337966 0.189936 0.030219 0.041592
4 0.300241 0.334467 0.015597 0.027728
4 0.511287 0.324069 0.012673 0.027728
2 0.617541 0.308039 0.010723 0.015597
3 0.399184 0.390790 0.008773 0.015597
3 0.372377 0.393389 0.013647 0.017330
3 0.360191 0.389923 0.010723 0.020796
3 0.337284 0.398588 0.015597 0.013864
3 0.316813 0.406387 0.009748 0.019063
3 0.429403 0.398588 0.020471 0.027728
3 0.451823 0.402054 0.022421 0.034660
3 0.469370 0.399455 0.012673 0.043325
3 0.477168 0.401188 0.012673 0.050257
3 0.270997 0.411586 0.023395 0.022529
3 0.246626 0.413319 0.021446 0.025995
3 0.230542 0.419384 0.024370 0.031194
3 0.185213 0.419384 0.017547 0.055456
3 0.059951 0.450578 0.049715 0.045058
1 0.130137 0.414618 0.098456 0.114377
3 0.500076 0.403960 0.046791 0.071053
9 0.540287 0.383424 0.005849 0.034660
9 0.542383 0.399801 0.007798 0.053723
3 0.929510 0.460812 0.138798 0.434366
