2 0.391873 0.398588 0.017547 0.031194
2 0.294392 0.492170 0.009748 0.020796
4 0.514699 0.531139 0.013647 0.025949
4 0.793981 0.382125 0.039967 0.019063
4 0.848570 0.453177 0.026320 0.015597
2 0.787645 0.520764 0.011698 0.022529
2 0.472294 0.467908 0.010723 0.013864
4 0.361166 0.473973 0.008773 0.015597
3 0.510312 0.558890 0.026320 0.060655
3 0.460109 0.548492 0.062388 0.074519
3 0.496665 0.538094 0.016572 0.025995
3 0.427453 0.551958 0.022421 0.039859
3 0.394310 0.552824 0.049715 0.055456
3 0.795443 0.558890 0.042892 0.053723
3 0.884151 0.652471 0.224206 0.237420
3 0.175465 0.623011 0.276845 0.258216
3 0.035580 0.540693 0.028269 0.031194
9 0.306577 0.538960 0.014622 0.055456
7 0.650684 0.515565 0.252475 0.455777
2 0.136961 0.309339 0.010723 0.043325
2 0.121364 0.294609 0.020471 0.079718
4 0.048381 0.486150 0.010518 0.014958
