3 0.417418 0.545095 0.017193 0.020377
3 0.402374 0.540000 0.012895 0.020377
3 0.388046 0.540000 0.021492 0.030566
3 0.367987 0.538727 0.021492 0.033113
3 0.325720 0.541274 0.022925 0.028019
3 0.310675 0.534906 0.018626 0.030566
3 0.303511 0.560378 0.030088 0.050943
3 0.075699 0.525991 0.032954 0.033113
3 0.500519 0.538727 0.025790 0.022925
3 0.454670 0.545095 0.022925 0.025472
3 0.268408 0.562925 0.060177 0.086604
3 0.201067 0.583302 0.080236 0.086604
2 0.393777 0.469953 0.007164 0.022925
2 0.089310 0.466557 0.014328 0.033113
2 0.473296 0.472925 0.011462 0.015283
2 0.697527 0.472925 0.015761 0.030566
2 0.633052 0.222028 0.012895 0.063679
2 0.612993 0.233491 0.021492 0.096793
2 0.050625 0.081934 0.025790 0.109528
2 0.079281 0.080660 0.028656 0.117170
2 0.102205 0.090849 0.020059 0.117170
4 0.117250 0.436415 0.038685 0.030566
4 0.657409 0.411368 0.015761 0.033113
4 0.691796 0.406274 0.024357 0.022925
4 0.680334 0.436840 0.030088 0.022925
4 0.181008 0.466132 0.020059 0.035660
2 0.418718 0.508110 0.009567 0.017008
