4 0.052640 0.147304 0.093582 0.045058
4 0.279282 0.363928 0.014622 0.031194
4 0.649709 0.438447 0.014622 0.031194
4 0.643861 0.225289 0.047766 0.058922
4 0.748652 0.219223 0.027295 0.053723
4 0.812990 0.272946 0.070186 0.032927
4 0.884638 0.292009 0.043866 0.046791
4 0.885613 0.324936 0.038018 0.022529
4 0.723307 0.411586 0.015597 0.029461
4 0.545892 0.426316 0.019496 0.013864
4 0.392848 0.417651 0.017547 0.013864
4 0.389436 0.444512 0.004874 0.015597
2 0.605843 0.221823 0.018521 0.072786
2 0.103330 0.106579 0.023395 0.091849
2 0.126238 0.114377 0.020471 0.083184
2 0.914370 0.406387 0.015597 0.036393
2 0.896823 0.406387 0.015597 0.036393
2 0.519573 0.415052 0.005849 0.019063
2 0.416243 0.415918 0.007798 0.020796
3 0.983581 0.552824 0.029244 0.110911
3 0.396259 0.482638 0.030219 0.039859
3 0.358729 0.484371 0.023395 0.029461
3 0.328023 0.484371 0.034118 0.039859
3 0.255887 0.486971 0.067262 0.069320
3 0.146221 0.495636 0.116977 0.110911
3 0.423554 0.463575 0.012673 0.036393
3 0.443050 0.473107 0.026320 0.055456
3 0.469370 0.489570 0.024370 0.039859
3 0.536632 0.493903 0.020471 0.065854
3 0.551254 0.496502 0.026320 0.067587
3 0.565389 0.505167 0.037043 0.077985
3 0.648247 0.511233 0.040942 0.083184
3 0.818351 0.538960 0.088708 0.107445
3 0.724770 0.537227 0.121851 0.166367
3 0.606818 0.519898 0.084808 0.103980
3 0.501051 0.501701 0.054589 0.084917
2 0.777897 0.226155 0.015597 0.050257
