2 0.533707 0.585751 0.186188 0.318870
2 0.379688 0.539827 0.104304 0.116110
2 0.715509 0.532895 0.101380 0.136906
2 0.414781 0.507767 0.063363 0.072786
2 0.439638 0.497369 0.038992 0.058922
2 0.445487 0.471374 0.046791 0.034660
2 0.671155 0.507767 0.063363 0.093582
2 0.651659 0.498235 0.043866 0.077985
2 0.630213 0.489570 0.024370 0.067587
2 0.624852 0.473107 0.037043 0.055456
9 0.195449 0.369127 0.024370 0.045058
9 0.850520 0.372593 0.020471 0.041592
9 0.842721 0.190629 0.010723 0.069320
9 0.868066 0.194095 0.014622 0.076252
9 0.829561 0.373460 0.021446 0.046791
2 0.551254 0.366528 0.028269 0.019063
2 0.583910 0.369127 0.037043 0.020796
