3 0.017340 0.502795 0.032288 0.048898
3 0.063381 0.514488 0.119587 0.131811
3 0.367131 0.459213 0.030136 0.046772
3 0.351465 0.458150 0.020330 0.048898
3 0.359836 0.432638 0.034680 0.040394
3 0.522115 0.436890 0.009567 0.019134
3 0.539455 0.446457 0.037072 0.059528
3 0.560981 0.450709 0.044247 0.068032
3 0.557991 0.464528 0.023917 0.057402
3 0.587888 0.463465 0.059793 0.072283
1 0.418314 0.431221 0.072230 0.152362
4 0.647681 0.338032 0.019134 0.042520
4 0.591476 0.365669 0.016742 0.029764
4 0.498198 0.382677 0.021526 0.012756
4 0.519126 0.391181 0.010763 0.012756
4 0.645887 0.408189 0.010763 0.042520
3 0.382199 0.456024 0.014350 0.027638
2 0.467384 0.381083 0.010763 0.020197
2 0.352781 0.374173 0.007175 0.019134
0 0.234390 0.505276 0.253524 0.310394
0 0.469976 0.493583 0.119587 0.193465
9 0.794853 0.441496 0.031093 0.123307
9 0.721307 0.463819 0.032288 0.091417
9 0.672874 0.446811 0.016742 0.082913
