4 0.640999 0.547568 0.032945 0.054176
4 0.143122 0.535122 0.012354 0.017570
4 0.143534 0.495589 0.013178 0.052711
4 0.225072 0.524873 0.006589 0.079067
3 0.486570 0.589298 0.022238 0.005857
3 0.472157 0.581977 0.006589 0.011714
3 0.466804 0.584905 0.007413 0.014642
3 0.457744 0.598083 0.009060 0.011714
3 0.457744 0.583441 0.010707 0.011714
3 0.450743 0.589298 0.009883 0.020499
3 0.440860 0.597351 0.009883 0.019035
3 0.429741 0.601744 0.015649 0.021963
3 0.411621 0.603940 0.020590 0.023427
3 0.390619 0.606868 0.019767 0.032213
3 0.353556 0.617118 0.009883 0.035141
3 0.373735 0.614189 0.028827 0.043926
3 0.488218 0.637617 0.066713 0.090781
3 0.319376 0.625903 0.056830 0.058568
1 0.109354 0.645670 0.218258 0.112744
