9 0.427687 0.503646 0.008371 0.019134
9 0.472532 0.508961 0.009567 0.012756
2 0.389135 0.548504 0.011002 0.038268
2 0.318100 0.555945 0.043051 0.048898
2 0.277441 0.561260 0.043051 0.068032
2 0.215256 0.560197 0.076535 0.082913
2 0.121978 0.576142 0.100453 0.114803
2 0.034680 0.578268 0.069360 0.144567
2 0.349552 0.552756 0.015546 0.038268
2 0.366892 0.552756 0.014350 0.042520
2 0.502025 0.550630 0.009567 0.025512
2 0.514581 0.547441 0.010763 0.027638
2 0.531921 0.550630 0.019134 0.038268
2 0.552251 0.561260 0.021526 0.051024
2 0.576168 0.559134 0.021526 0.068032
2 0.607859 0.551693 0.039464 0.074409
2 0.667652 0.566575 0.096865 0.129685
2 0.750765 0.582520 0.150679 0.153071
2 0.890681 0.561260 0.215256 0.267874
2 0.434100 0.551162 0.007175 0.017008
2 0.420347 0.549036 0.013155 0.021260
2 0.446656 0.547973 0.013155 0.019134
2 0.464594 0.549036 0.015546 0.017008
