3 0.382267 0.581584 0.018921 0.029153
3 0.380375 0.601767 0.022706 0.029153
3 0.346948 0.602888 0.041627 0.040365
3 0.227113 0.639890 0.102175 0.127824
3 0.416956 0.574857 0.027751 0.024668
3 0.111693 0.635405 0.151370 0.163704
3 0.268109 0.655588 0.133710 0.150249
3 0.427679 0.647739 0.099652 0.143521
4 0.031593 0.504217 0.021444 0.017940
4 0.204407 0.524400 0.016398 0.026910
4 0.204407 0.545704 0.016398 0.024668
4 0.414434 0.495247 0.012614 0.026910
4 0.427048 0.495247 0.012614 0.026910
4 0.473720 0.510945 0.027751 0.022425
4 0.458583 0.556917 0.022706 0.038123
4 0.517239 0.500854 0.029013 0.047093
4 0.517239 0.530006 0.029013 0.024668
4 0.519762 0.553553 0.026490 0.031395
4 0.548775 0.453761 0.026490 0.024668
4 0.549405 0.482913 0.030274 0.047093
4 0.550036 0.519915 0.026490 0.040365
4 0.550036 0.553553 0.023967 0.031395
4 0.593555 0.408910 0.030274 0.033638
4 0.594186 0.447033 0.039104 0.047093
4 0.594817 0.495247 0.032797 0.058306
4 0.594817 0.536734 0.032797 0.024668
4 0.736096 0.601767 0.065594 0.074003
4 0.801689 0.596161 0.030274 0.044850
4 0.983964 0.612980 0.029013 0.091943
4 0.428309 0.060198 0.042888 0.094186
4 0.489488 0.051228 0.023967 0.049336
2 0.862237 0.476186 0.027751 0.051578
2 0.522916 0.050106 0.027751 0.060548
2 0.295337 0.030504 0.069163 0.043769
2 0.156473 0.499732 0.018921 0.049336
2 0.401189 0.498611 0.013876 0.033638
2 0.451015 0.498611 0.012614 0.033638
4 0.522916 0.601767 0.012614 0.020183
2 0.060605 0.440305 0.021444 0.033638
2 0.106647 0.458246 0.012614 0.024668
