4 0.099570 0.391350 0.040788 0.023460
4 0.344298 0.405213 0.033590 0.068246
4 0.518846 0.464929 0.015595 0.029858
4 0.097171 0.435782 0.021594 0.055450
9 0.227932 0.559478 0.028791 0.093839
9 0.572630 0.541350 0.007198 0.049052
9 0.560034 0.541350 0.005998 0.057583
9 0.531842 0.543483 0.011996 0.057583
9 0.515047 0.541350 0.011996 0.066114
3 0.450866 0.549881 0.058783 0.083175
3 0.623015 0.543483 0.023993 0.070379
3 0.647408 0.548104 0.045586 0.110900
3 0.781768 0.544549 0.256724 0.406635
4 0.806361 0.279028 0.017995 0.049052
3 0.889976 0.650307 0.216516 0.479277
