3 0.580883 0.535310 0.010741 0.013366
3 0.580883 0.543903 0.008593 0.011457
3 0.569068 0.541993 0.008593 0.019095
3 0.525993 0.545974 0.010741 0.021004
3 0.483567 0.541200 0.011815 0.019095
3 0.310486 0.543110 0.031148 0.030552
3 0.366875 0.562205 0.077334 0.087836
3 0.466074 0.543110 0.024704 0.042009
3 0.510112 0.545019 0.022556 0.030552
3 0.593890 0.541200 0.011815 0.019095
3 0.547168 0.556476 0.036519 0.049646
3 0.887651 0.700505 0.221261 0.423904
4 0.471598 0.267872 0.198705 0.118388
4 0.910744 0.407264 0.071963 0.118388
