2 0.432703 0.518409 0.017152 0.063694
2 0.520803 0.490802 0.015593 0.041292
2 0.408144 0.605698 0.016373 0.027721
2 0.783154 0.397179 0.017932 0.064984
2 0.290418 0.535703 0.019491 0.081776
2 0.251825 0.495843 0.020271 0.065813
2 0.188284 0.587679 0.008576 0.013860
2 0.108371 0.605005 0.010915 0.018018
2 0.090439 0.624409 0.010915 0.015246
4 0.254164 0.446304 0.018711 0.027721
4 0.289638 0.478183 0.016373 0.027721
4 0.435042 0.607777 0.021830 0.037423
4 0.436601 0.644507 0.020271 0.041581
4 0.431534 0.450462 0.016373 0.033265
3 0.827594 0.679851 0.097456 0.087320
3 0.543803 0.767171 0.247148 0.386704
4 0.518296 0.458437 0.013184 0.018750
4 0.779331 0.343594 0.015820 0.032812
4 0.259898 0.635390 0.015820 0.044531
