3 0.010235 0.624744 0.020471 0.091849
3 0.901210 0.681066 0.193987 0.322336
3 0.118927 0.573620 0.105279 0.121309
3 0.371402 0.551091 0.054589 0.083184
3 0.666769 0.624744 0.159868 0.171566
3 0.193012 0.564089 0.046791 0.071053
3 0.234441 0.552824 0.043866 0.048524
3 0.030706 0.550225 0.059463 0.081451
3 0.290005 0.551958 0.018521 0.029461
3 0.304627 0.548492 0.012673 0.022529
3 0.315838 0.547625 0.011698 0.020796
3 0.330460 0.546759 0.011698 0.019063
3 0.591708 0.583152 0.099430 0.102247
3 0.537607 0.576220 0.067262 0.084917
3 0.504463 0.549358 0.075060 0.103980
3 0.452311 0.551091 0.035093 0.038126
3 0.423067 0.547625 0.015597 0.027728
3 0.408932 0.545892 0.006824 0.017330
3 0.401621 0.542426 0.005849 0.020796
