2 0.921058 0.354000 0.155039 0.510000
2 0.776039 0.438750 0.170859 0.183750
2 0.658979 0.402319 0.124855 0.143362
7 0.535043 0.363159 0.070664 0.124932
2 0.214232 0.367444 0.161420 0.244547
2 0.338027 0.389062 0.055898 0.080625
2 0.418711 0.387187 0.050625 0.080625
2 0.479486 0.401250 0.038763 0.045000
9 0.516592 0.204265 0.008846 0.037431
9 0.279607 0.243923 0.008422 0.028697
9 0.526193 0.204621 0.007720 0.033688
9 0.726915 0.284473 0.018949 0.033688
9 0.702702 0.288840 0.011229 0.032440
9 0.624612 0.317180 0.014738 0.023706
