9 0.693576 0.601348 0.022421 0.038126
9 0.559052 0.506034 0.014622 0.048524
9 0.547355 0.508633 0.012673 0.043325
9 0.533707 0.509500 0.012673 0.041592
9 0.244189 0.554557 0.008773 0.034660
9 0.235903 0.554557 0.011698 0.041592
9 0.227130 0.554557 0.009748 0.038126
2 0.593171 0.682799 0.018521 0.020796
2 0.583422 0.680199 0.016572 0.019063
2 0.513724 0.679333 0.013647 0.020796
2 0.496177 0.692330 0.021446 0.025995
2 0.483992 0.686265 0.018521 0.020796
2 0.470832 0.688864 0.015597 0.019063
2 0.455235 0.693197 0.023395 0.031194
2 0.431352 0.694930 0.028269 0.034660
2 0.390411 0.780713 0.143297 0.192362
2 0.172541 0.798909 0.345082 0.398588
2 0.566363 0.843100 0.274896 0.310206
2 0.728669 0.677600 0.030219 0.041592
