2 0.035831 0.608265 0.071251 0.220183
2 0.068621 0.521977 0.114289 0.072261
2 0.104008 0.507100 0.054036 0.064610
2 0.168803 0.514326 0.043038 0.026354
2 0.303096 0.520277 0.075396 0.053275
2 0.446236 0.522686 0.023432 0.036555
2 0.394352 0.501008 0.032517 0.022103
2 0.366617 0.535863 0.059296 0.068010
2 0.550164 0.537138 0.019606 0.043356
2 0.409814 0.545477 0.063122 0.082462
2 0.502536 0.562868 0.109507 0.158974
2 0.623759 0.562443 0.090857 0.103715
9 0.057828 0.368287 0.022475 0.084162
9 0.523522 0.271008 0.016737 0.070560
9 0.666810 0.431075 0.008608 0.021253
9 0.520789 0.441276 0.006217 0.026354
9 0.335762 0.464655 0.005738 0.020403
9 0.055949 0.447591 0.021997 0.037406
9 0.743355 0.458218 0.010999 0.031455
9 0.086553 0.375331 0.020084 0.084162
9 0.083206 0.446741 0.015302 0.028054
9 0.413161 0.342601 0.009564 0.040806
9 0.476044 0.343876 0.012911 0.045057
9 0.819389 0.294144 0.022475 0.091814
2 0.421017 0.419476 0.024866 0.008501
2 0.401889 0.419476 0.016259 0.013602
2 0.370329 0.421177 0.015302 0.005101
2 0.150222 0.412675 0.034430 0.015302
2 0.106706 0.410975 0.045907 0.017003
2 0.509109 0.425035 0.020384 0.011845
2 0.246625 0.530238 0.038686 0.027732
