3 0.132154 0.475370 0.263184 0.496580
3 0.256026 0.504066 0.025266 0.074861
3 0.294275 0.513424 0.079306 0.091081
3 0.346561 0.504690 0.032284 0.071118
3 0.361300 0.497828 0.028073 0.057394
3 0.378494 0.494709 0.009124 0.031192
3 0.423762 0.487223 0.015440 0.018715
3 0.410427 0.489094 0.011229 0.014972
3 0.520965 0.481608 0.016142 0.024954
3 0.545178 0.477865 0.026669 0.027449
3 0.562723 0.484727 0.018247 0.036183
3 0.582024 0.485975 0.030178 0.043669
3 0.495348 0.500947 0.050531 0.068623
3 0.636064 0.496580 0.051233 0.069871
3 0.595007 0.489718 0.032284 0.046164
4 0.437167 0.435444 0.014738 0.022458
4 0.709475 0.416728 0.016142 0.024954
3 0.971326 0.503443 0.056146 0.081100
