4 0.022721 0.478347 0.023917 0.017008
4 0.037670 0.466654 0.032288 0.014882
2 0.009567 0.561260 0.019134 0.029764
4 0.178782 0.428386 0.056206 0.019134
2 0.250534 0.441142 0.008371 0.036142
2 0.258905 0.443268 0.010763 0.036142
2 0.244555 0.442205 0.008371 0.029764
2 0.429914 0.544252 0.010763 0.025512
2 0.432904 0.575079 0.007175 0.019134
2 0.407193 0.542126 0.013155 0.025512
2 0.414368 0.475158 0.010763 0.053150
2 0.215854 0.577205 0.008371 0.023386
2 0.579995 0.493228 0.007175 0.029764
2 0.539336 0.576142 0.009567 0.017008
2 0.588366 0.493228 0.007175 0.034016
4 0.636201 0.516614 0.038268 0.012756
4 0.221714 0.558071 0.016742 0.010630
9 0.271462 0.635669 0.007175 0.034016
9 0.266678 0.636732 0.011959 0.040394
9 0.255317 0.637795 0.010763 0.046772
9 0.214060 0.646299 0.014350 0.068032
9 0.403605 0.636732 0.003588 0.019134
9 0.394636 0.638858 0.007175 0.019134
4 0.332451 0.570827 0.014350 0.010630
3 0.489707 0.629292 0.010763 0.008504
3 0.461007 0.636732 0.015546 0.014882
3 0.438883 0.633543 0.019134 0.025512
3 0.472367 0.629292 0.009567 0.012756
3 0.481336 0.634606 0.010763 0.023386
3 0.298967 0.652677 0.062185 0.080787
3 0.355172 0.663307 0.074144 0.085039
1 0.547109 0.620788 0.020330 0.021260
3 0.530367 0.637795 0.017938 0.029764
3 0.546511 0.644173 0.021526 0.029764
3 0.509439 0.634606 0.023917 0.048898
3 0.563253 0.659055 0.031093 0.042520
1 0.603243 0.637795 0.051566 0.076535
3 0.665927 0.704005 0.023576 0.092936
3 0.025028 0.726631 0.049031 0.295512
3 0.814043 0.700056 0.301358 0.399685
