4 0.441082 0.332346 0.014396 0.044787
4 0.391896 0.333412 0.064781 0.059716
4 0.329515 0.340877 0.038389 0.053317
2 0.421788 0.410189 0.003119 0.017062
2 0.359312 0.393128 0.007586 0.021327
2 0.385162 0.409123 0.006271 0.010664
2 0.281529 0.421919 0.011996 0.010664
3 0.041194 0.478839 0.082388 0.081849
3 0.301323 0.446445 0.037189 0.046919
3 0.322917 0.434715 0.015595 0.023460
3 0.389497 0.425118 0.016795 0.021327
3 0.448879 0.418720 0.013196 0.017062
3 0.727796 0.383531 0.035989 0.040521
3 0.782380 0.393128 0.085175 0.081043
3 0.912542 0.396327 0.127162 0.108768
3 0.242234 0.444918 0.026979 0.022177
