2 0.483178 0.511640 0.011865 0.021094
2 0.495703 0.510468 0.010547 0.018750
7 0.498340 0.502265 0.015820 0.035156
2 0.510864 0.506953 0.011865 0.021094
2 0.519433 0.509297 0.015820 0.025781
2 0.526025 0.513984 0.013184 0.021094
2 0.539209 0.515156 0.015820 0.023437
2 0.558325 0.515156 0.019775 0.028125
2 0.570849 0.517500 0.021094 0.028125
2 0.584033 0.521015 0.029004 0.035156
2 0.605127 0.518672 0.031641 0.049219
2 0.626879 0.528047 0.032959 0.044531
2 0.646655 0.528047 0.046143 0.053906
2 0.679614 0.529218 0.054053 0.065625
2 0.713232 0.538593 0.055371 0.070312
2 0.766813 0.534876 0.088706 0.109753
2 0.293203 0.530390 0.023730 0.063281
2 0.249231 0.535639 0.067622 0.083153
2 0.215420 0.517500 0.039551 0.042187
2 0.145547 0.547968 0.137109 0.135937
2 0.044824 0.557343 0.089648 0.107812
9 0.321679 0.363047 0.013184 0.030469
9 0.949086 0.338437 0.014502 0.070312
9 0.287402 0.476953 0.010547 0.016406
2 0.441831 0.510234 0.015820 0.016406
9 0.949548 0.422461 0.021094 0.028125
