2 0.115954 0.469783 0.231908 0.816102
2 0.290255 0.551393 0.108114 0.143390
2 0.406521 0.572749 0.084947 0.134237
2 0.549386 0.583427 0.060064 0.088475
2 0.454445 0.571816 0.029174 0.048814
2 0.512364 0.577155 0.028316 0.059492
2 0.490054 0.571053 0.030032 0.050339
9 0.829168 0.436053 0.039470 0.048814
9 0.473506 0.500884 0.004290 0.013729
9 0.594920 0.140230 0.015445 0.080847
9 0.503538 0.530194 0.004290 0.012203
9 0.300180 0.215194 0.014587 0.074746
9 0.580150 0.150145 0.014587 0.079322
2 0.669571 0.569855 0.018877 0.033559
2 0.650694 0.570617 0.018877 0.035085
9 0.602214 0.539346 0.009439 0.015254
