3 0.465285 0.781266 0.021997 0.035705
3 0.092770 0.766814 0.110941 0.071411
3 0.277832 0.746411 0.020084 0.030605
3 0.186975 0.757463 0.031561 0.025504
3 0.196060 0.862028 0.076511 0.044207
3 0.377775 0.782116 0.024866 0.034005
3 0.405988 0.766814 0.018171 0.037406
3 0.421769 0.767664 0.011477 0.028904
3 0.432767 0.762563 0.012433 0.032305
4 0.357691 0.694553 0.009564 0.022103
4 0.469589 0.729408 0.011477 0.020403
4 0.339041 0.734509 0.010520 0.020403
4 0.153023 0.705605 0.015302 0.020403
3 0.378253 0.703905 0.020084 0.027204
