4 0.038853 0.328351 0.052191 0.039175
4 0.035954 0.374742 0.018557 0.072165
4 0.132796 0.407732 0.031314 0.018557
2 0.173389 0.380928 0.033634 0.043299
9 0.172229 0.536598 0.010438 0.053608
9 0.162371 0.525258 0.018557 0.096907
9 0.139755 0.539691 0.024356 0.125773
3 0.229059 0.498454 0.033634 0.072165
9 0.501031 0.532474 0.004639 0.024742
9 0.507990 0.526289 0.009278 0.020619
9 0.491173 0.537629 0.008119 0.047423
4 0.476675 0.470619 0.006959 0.024742
4 0.812726 0.418041 0.015077 0.026804
4 0.819684 0.448969 0.012758 0.010309
4 0.813885 0.436598 0.024356 0.010309
3 0.634407 0.534536 0.009278 0.016495
3 0.644845 0.534536 0.009278 0.020619
3 0.698196 0.554124 0.023196 0.039175
3 0.597294 0.529382 0.016237 0.014433
3 0.624549 0.533505 0.012758 0.010309
3 0.623969 0.544845 0.011598 0.020619
3 0.611791 0.540722 0.015077 0.032990
3 0.605412 0.540722 0.020876 0.024742
3 0.606572 0.552062 0.020876 0.035052
3 0.586276 0.555155 0.026675 0.041237
3 0.509729 0.559278 0.031314 0.049485
3 0.724291 0.562371 0.049871 0.068041
3 0.668621 0.568557 0.059149 0.088660
3 0.548583 0.556186 0.064948 0.088660
3 0.346778 0.579897 0.234278 0.268041
9 0.921166 0.586083 0.018557 0.094845
9 0.862597 0.591237 0.033634 0.080412
3 0.968718 0.850000 0.060309 0.294845
4 0.811566 0.542784 0.005799 0.026804
4 0.812726 0.514949 0.005799 0.026804
