2 0.376391 0.337031 0.006592 0.028125
2 0.203027 0.373828 0.005273 0.018750
2 0.197095 0.371484 0.006592 0.023437
2 0.118652 0.427734 0.005273 0.023437
4 0.679614 0.308203 0.019775 0.077344
9 0.968361 0.448462 0.036914 0.180469
3 0.385632 0.472165 0.052191 0.076289
3 0.357796 0.496907 0.073067 0.105155
3 0.447101 0.501031 0.063789 0.125773
3 0.307345 0.522680 0.120619 0.148454
3 0.773162 0.536495 0.112500 0.206186
7 0.470456 0.391134 0.084665 0.105155
1 0.384051 0.431340 0.088144 0.082474
3 0.606732 0.569485 0.301546 0.470103
3 0.030814 0.490103 0.061629 0.068041
3 0.144272 0.628210 0.284644 0.344865
3 0.087733 0.457510 0.058488 0.020796
