9 0.197276 0.199687 0.011865 0.060937
9 0.494566 0.158672 0.010547 0.063281
9 0.139268 0.432890 0.014502 0.025781
9 0.151133 0.431718 0.011865 0.028125
9 0.180137 0.202031 0.017139 0.056250
9 0.508408 0.162187 0.014502 0.051562
9 0.482700 0.164531 0.010547 0.060937
9 0.588169 0.300469 0.013184 0.046875
9 0.619810 0.410625 0.018457 0.028125
2 0.284947 0.495000 0.018457 0.032812
2 0.361411 0.495000 0.013184 0.023437
2 0.374595 0.496172 0.015820 0.025781
2 0.387779 0.497343 0.013184 0.023437
2 0.399644 0.499687 0.023730 0.032812
2 0.273741 0.505547 0.027686 0.035156
2 0.419655 0.512099 0.032169 0.043325
