2 0.478828 0.465000 0.147656 0.255000
2 0.585351 0.400810 0.067500 0.139630
2 0.256816 0.422187 0.087539 0.114375
2 0.322207 0.428437 0.032695 0.069375
2 0.345410 0.417187 0.041133 0.054375
2 0.375996 0.415312 0.024258 0.046875
2 0.397090 0.411562 0.017930 0.039375
2 0.411855 0.393750 0.020039 0.037500
9 0.761102 0.254062 0.015820 0.050625
9 0.731571 0.260625 0.013711 0.052500
9 0.486883 0.327188 0.015820 0.016875
9 0.406727 0.328125 0.013711 0.026250
9 0.589715 0.317812 0.016875 0.020625
9 0.008583 0.285000 0.012656 0.037500
