9 0.024726 0.465861 0.026001 0.038066
9 0.405561 0.264199 0.015295 0.062538
9 0.552771 0.476511 0.011471 0.033988
9 0.834063 0.351435 0.030589 0.055740
9 0.009710 0.063924 0.019420 0.125076
2 0.833571 0.685929 0.330363 0.583233
2 0.098486 0.596439 0.025236 0.051662
2 0.403613 0.583524 0.006883 0.050302
2 0.410877 0.584883 0.015295 0.033988
2 0.419672 0.586243 0.019118 0.036707
2 0.444143 0.581485 0.037472 0.054381
2 0.454085 0.591001 0.046648 0.062538
2 0.245971 0.543153 0.319656 0.466314
2 0.581304 0.609770 0.155240 0.208006
