3 0.412255 0.553833 0.017660 0.029153
3 0.397748 0.558318 0.029013 0.038123
3 0.337200 0.590835 0.074424 0.085216
3 0.254577 0.606532 0.133710 0.179402
3 0.121268 0.649303 0.241390 0.291204
3 0.031708 0.737733 0.062268 0.253839
3 0.431176 0.600722 0.030274 0.123339
3 0.798880 0.613056 0.230840 0.237707
1 0.663908 0.532325 0.152632 0.264618
3 0.538397 0.606329 0.209396 0.354319
3 0.923568 0.683157 0.152246 0.314048
9 0.669483 0.602118 0.040365 0.195100
4 0.663806 0.350955 0.039104 0.060548
4 0.663175 0.403654 0.025228 0.026910
4 0.308086 0.446262 0.018921 0.022425
4 0.083738 0.263066 0.034413 0.073414
2 0.374941 0.439535 0.013876 0.040365
4 0.082591 0.333421 0.034413 0.071375
4 0.308338 0.496360 0.016059 0.012236
4 0.769928 0.349532 0.022942 0.048943
4 0.770502 0.399494 0.024089 0.046903
