2 0.116071 0.686393 0.229958 0.361525
2 0.955301 0.547579 0.089351 0.126610
2 0.856998 0.555969 0.136430 0.143390
2 0.659217 0.607071 0.326059 0.233390
2 0.271378 0.625376 0.102966 0.114407
2 0.212173 0.584952 0.034322 0.042712
2 0.506055 0.575037 0.157023 0.111356
2 0.424111 0.575800 0.030890 0.094576
2 0.402231 0.543766 0.030032 0.027458
9 0.193724 0.482749 0.006006 0.024407
9 0.101913 0.473596 0.007722 0.024407
9 0.110065 0.471308 0.006864 0.032034
9 0.200160 0.482749 0.005148 0.024407
9 0.288110 0.533088 0.009439 0.015254
9 0.281675 0.531562 0.006864 0.012203
9 0.265801 0.543003 0.009439 0.010678
