2 0.502191 0.424104 0.012322 0.048396
2 0.522680 0.421557 0.031521 0.068774
2 0.540590 0.424104 0.050147 0.068774
2 0.549903 0.436840 0.040118 0.063679
2 0.460783 0.402453 0.011462 0.020377
2 0.275095 0.406274 0.037252 0.043302
2 0.212052 0.434293 0.243573 0.170661
2 0.374243 0.403727 0.022925 0.033113
2 0.412928 0.401180 0.025790 0.043302
2 0.447315 0.405000 0.022925 0.035660
2 0.478837 0.407548 0.025790 0.040755
2 0.590164 0.447029 0.070206 0.084057
9 0.232827 0.095519 0.012895 0.063679
9 0.578988 0.098066 0.012895 0.073868
9 0.709206 0.343992 0.017238 0.030318
9 0.372381 0.322217 0.004298 0.022925
9 0.313759 0.356604 0.001187 0.020377
9 0.455196 0.342595 0.018626 0.012736
9 0.377825 0.322217 0.004298 0.028019
9 0.558069 0.098066 0.018626 0.073868
9 0.696858 0.343618 0.010324 0.024471
9 0.705462 0.233497 0.019501 0.016314
9 0.685961 0.254909 0.014912 0.014275
