9 0.233954 0.382471 0.011698 0.043325
9 0.535170 0.276759 0.009748 0.036393
9 0.484967 0.298421 0.008773 0.034660
9 0.445487 0.413665 0.005849 0.022529
9 0.502026 0.410199 0.007798 0.022529
9 0.518110 0.409333 0.006824 0.020796
9 0.476681 0.298421 0.007798 0.038126
9 0.528346 0.275026 0.007798 0.039859
9 0.872940 0.384204 0.014622 0.025995
2 0.499589 0.461322 0.012673 0.017330
2 0.487891 0.463055 0.016572 0.013864
2 0.474244 0.466521 0.016572 0.017330
2 0.432327 0.469987 0.028269 0.045058
2 0.410394 0.471720 0.037043 0.048524
2 0.522984 0.463922 0.008773 0.022529
2 0.531758 0.464788 0.014622 0.020796
2 0.545892 0.468254 0.015597 0.027728
2 0.554666 0.467388 0.015597 0.036393
2 0.575609 0.464677 0.032138 0.041370
2 0.032573 0.598729 0.065146 0.226734
2 0.905596 0.495982 0.187163 0.322336
