2 0.047948 0.661139 0.094337 0.110883
2 0.145014 0.662525 0.106032 0.097023
2 0.122404 0.638270 0.071727 0.067916
2 0.190233 0.636884 0.045219 0.062372
2 0.272486 0.616786 0.017932 0.033265
2 0.283791 0.612628 0.012474 0.019405
2 0.313807 0.616786 0.028847 0.038809
7 0.369406 0.607777 0.018419 0.034651
2 0.346942 0.619558 0.040542 0.049897
2 0.428025 0.614014 0.021830 0.036037
2 0.391626 0.602926 0.017639 0.019405
2 0.474414 0.593917 0.016373 0.012474
2 0.474024 0.604312 0.021830 0.022177
2 0.444398 0.600847 0.015593 0.023563
2 0.459991 0.604312 0.010915 0.022177
2 0.488058 0.730441 0.163726 0.235626
2 0.293634 0.626488 0.031186 0.041581
2 0.290515 0.603619 0.014034 0.012474
9 0.277651 0.584511 0.005458 0.011088
2 0.944021 0.596097 0.078744 0.054055
