2 0.486349 0.370469 0.010332 0.020204
2 0.495647 0.382408 0.008265 0.022041
2 0.506495 0.387000 0.019630 0.027551
2 0.386132 0.391592 0.028929 0.036735
2 0.459486 0.389755 0.053724 0.073469
2 0.614977 0.410877 0.058890 0.071633
2 0.544206 0.392510 0.026862 0.042245
2 0.794748 0.416388 0.116747 0.130408
2 0.716227 0.415469 0.065089 0.073469
2 0.661986 0.394347 0.033061 0.064286
2 0.240456 0.440265 0.095051 0.104694
2 0.055045 0.438539 0.110089 0.145102
9 0.447286 0.309229 0.008613 0.026796
9 0.520855 0.317523 0.007895 0.022968
9 0.495016 0.341129 0.009331 0.016588
9 0.452310 0.337301 0.010048 0.011484
9 0.402786 0.301573 0.010048 0.024244
9 0.392379 0.317523 0.010766 0.028072
