9 0.390411 0.545892 0.008773 0.031194
9 0.492278 0.557157 0.007798 0.029461
9 0.399184 0.550225 0.008773 0.032927
9 0.500076 0.558890 0.005849 0.029461
2 0.154020 0.721791 0.140372 0.150770
2 0.251013 0.716592 0.073111 0.116110
2 0.375301 0.708794 0.048740 0.065854
9 0.563439 0.636874 0.007798 0.019063
2 0.450361 0.736521 0.132574 0.176765
9 0.448899 0.634275 0.004874 0.024262
9 0.481068 0.636008 0.008773 0.017330
2 0.880251 0.752118 0.235903 0.492170
2 0.683340 0.733055 0.189113 0.225289
2 0.577574 0.702728 0.073111 0.116110
2 0.518598 0.691464 0.027295 0.051990
