9 0.243941 0.356123 0.010332 0.042857
9 0.618176 0.466582 0.013776 0.022959
9 0.605262 0.468112 0.008610 0.022959
9 0.602535 0.426021 0.007749 0.042857
9 0.233179 0.357398 0.007749 0.041327
9 0.781761 0.296939 0.034439 0.064286
9 0.752488 0.287755 0.030995 0.079592
9 0.258147 0.069643 0.033578 0.108674
9 0.204480 0.429847 0.006027 0.016837
7 0.369069 0.471429 0.127424 0.244898
2 0.189700 0.547959 0.032717 0.064286
2 0.169037 0.551786 0.037883 0.059694
2 0.730102 0.558674 0.136033 0.107143
2 0.594213 0.555612 0.014636 0.027551
2 0.880055 0.521939 0.037022 0.015306
2 0.503380 0.539796 0.204911 0.324490
2 0.295887 0.546429 0.191135 0.223469
