3 0.265834 0.431458 0.032605 0.050485
3 0.321578 0.420239 0.024191 0.028047
3 0.217453 0.438002 0.049433 0.056094
3 0.178537 0.440807 0.070468 0.057964
3 0.096763 0.436132 0.075727 0.071053
3 0.036343 0.446670 0.072686 0.099607
3 0.574966 0.425849 0.031553 0.047056
3 0.623347 0.441898 0.082038 0.093490
3 0.477327 0.406371 0.013673 0.022438
1 0.557787 0.384869 0.052588 0.106579
4 0.397743 0.098165 0.139885 0.143975
4 0.438236 0.375831 0.012621 0.018698
4 0.451909 0.384245 0.008414 0.013089
2 0.451909 0.359626 0.010518 0.029917
2 0.324891 0.379384 0.009466 0.013089
4 0.437430 0.321420 0.011569 0.016828
4 0.437956 0.354141 0.014725 0.011219
3 0.297334 0.430991 0.057847 0.050485
3 0.363070 0.422576 0.029449 0.026177
4 0.616651 0.342175 0.011569 0.029917
