2 0.535101 0.457368 0.018171 0.017003
2 0.512148 0.453967 0.014346 0.020403
2 0.494933 0.467570 0.023910 0.044207
2 0.479631 0.470970 0.023910 0.047607
2 0.448070 0.477771 0.023910 0.074811
2 0.462894 0.474371 0.015302 0.061209
2 0.399294 0.489673 0.075555 0.098615
2 0.347170 0.483722 0.045907 0.073111
2 0.329955 0.506675 0.032517 0.054408
2 0.277354 0.504125 0.082250 0.096914
2 0.572879 0.462469 0.028692 0.040806
2 0.586747 0.466719 0.029648 0.049307
2 0.605874 0.468420 0.029648 0.059509
2 0.632653 0.470970 0.052602 0.074811
2 0.654650 0.484572 0.071729 0.074811
2 0.761926 0.508092 0.107116 0.137720
2 0.891870 0.493357 0.212706 0.307746
9 0.539405 0.184477 0.011477 0.035705
9 0.170238 0.396584 0.011477 0.030605
9 0.482500 0.406785 0.006695 0.017003
9 0.524581 0.428889 0.006695 0.020403
9 0.530319 0.435690 0.006695 0.013602
9 0.540840 0.435690 0.006695 0.013602
9 0.800022 0.164499 0.021997 0.059509
9 0.523147 0.164499 0.017215 0.049307
9 0.151849 0.395893 0.020084 0.040806
2 0.558186 0.458558 0.014346 0.025504
