2 0.508719 0.469866 0.070948 0.110883
9 0.521973 0.389178 0.008576 0.025545
2 0.071961 0.442839 0.041010 0.073460
2 0.109930 0.453927 0.040542 0.051283
2 0.157878 0.458085 0.050677 0.048511
2 0.362925 0.441453 0.017932 0.029107
2 0.338756 0.441453 0.017932 0.029107
2 0.252995 0.455313 0.028847 0.034651
2 0.703630 0.426206 0.024169 0.020791
2 0.741443 0.428285 0.040542 0.016632
2 0.720392 0.480262 0.006237 0.001386
2 0.816679 0.431057 0.027288 0.030493
9 0.465059 0.424820 0.007017 0.018018
9 0.551914 0.383437 0.009229 0.023437
9 0.458311 0.378750 0.006592 0.023437
2 0.544663 0.437578 0.018457 0.025781
