4 0.204181 0.463403 0.097456 0.073460
4 0.241409 0.417664 0.012864 0.018018
4 0.299882 0.462710 0.020661 0.051283
4 0.204376 0.510528 0.093168 0.022177
4 0.690853 0.442690 0.036643 0.018018
4 0.685200 0.463134 0.023000 0.017325
4 0.956647 0.480459 0.057304 0.038116
2 0.301052 0.545256 0.011305 0.048511
2 0.471166 0.294037 0.018711 0.072767
2 0.493776 0.293691 0.023389 0.073460
2 0.690831 0.536594 0.018322 0.039502
9 0.581447 0.663623 0.014120 0.077272
3 0.457526 0.653054 0.007796 0.015246
3 0.471560 0.662064 0.007796 0.013860
3 0.424326 0.663565 0.019881 0.022870
3 0.405420 0.664605 0.023389 0.029107
3 0.366708 0.673664 0.034430 0.035705
2 0.035796 0.624114 0.013389 0.025504
2 0.051326 0.624560 0.013389 0.027204
