2 0.438977 0.359430 0.010608 0.051027
2 0.485513 0.515374 0.003120 0.011093
2 0.431009 0.359408 0.006864 0.034388
2 0.352701 0.379375 0.008736 0.041044
2 0.435845 0.526356 0.003120 0.014421
2 0.493562 0.514708 0.002496 0.008874
2 0.285055 0.434047 0.006864 0.066557
4 0.555648 0.472999 0.008112 0.011093
4 0.586534 0.399712 0.014975 0.035497
4 0.343913 0.514523 0.029327 0.032169
4 0.182616 0.470152 0.037438 0.043262
3 0.503546 0.552535 0.009984 0.009984
3 0.485451 0.556972 0.007488 0.014421
3 0.433661 0.558081 0.006240 0.009984
3 0.441773 0.554199 0.009984 0.013311
3 0.423365 0.554753 0.009360 0.014421
3 0.397058 0.548066 0.023711 0.016639
3 0.342461 0.570806 0.051790 0.070994
3 0.499428 0.565735 0.016223 0.022186
3 0.474781 0.557416 0.018095 0.027732
3 0.395287 0.594022 0.070509 0.085415
3 0.369704 0.569618 0.011855 0.021076
3 0.133998 0.625082 0.267996 0.276212
3 0.015203 0.532931 0.027288 0.054055
4 0.579095 0.450567 0.013389 0.039106
