4 0.197886 0.493903 0.015597 0.024262
4 0.097481 0.442779 0.019496 0.046791
4 0.582935 0.490437 0.015597 0.024262
4 0.920219 0.396855 0.058488 0.031194
4 0.991867 0.420250 0.014622 0.012131
2 0.335334 0.362195 0.009748 0.041592
2 0.348981 0.359596 0.011698 0.039859
2 0.445487 0.311939 0.005849 0.062388
2 0.458647 0.478306 0.022421 0.045058
2 0.426478 0.474840 0.022421 0.041592
2 0.246139 0.532028 0.012673 0.024262
2 0.861730 0.379525 0.011698 0.045058
2 0.876352 0.380392 0.013647 0.046791
2 0.850032 0.383858 0.011698 0.050257
2 0.589271 0.539827 0.010723 0.022529
2 0.571725 0.539827 0.008773 0.019063
4 0.445975 0.387324 0.030219 0.060655
2 0.655071 0.571887 0.003899 0.013864
9 0.819813 0.616079 0.021446 0.025995
9 0.214458 0.599615 0.019496 0.107445
9 0.123801 0.589217 0.009748 0.090116
3 0.969934 0.813640 0.058488 0.320603
3 0.638499 0.781579 0.335334 0.405520
3 0.244189 0.585751 0.039967 0.055456
3 0.323149 0.580552 0.018521 0.038126
3 0.424041 0.609147 0.023395 0.036393
3 0.467420 0.595283 0.038018 0.039859
3 0.504950 0.602215 0.038992 0.029461
3 0.539069 0.600482 0.025345 0.029461
3 0.739392 0.619545 0.014622 0.019063
4 0.089195 0.325802 0.018521 0.020796
4 0.087245 0.353530 0.016572 0.013864
2 0.101380 0.489570 0.015597 0.039859
