9 0.289890 0.234254 0.009761 0.079820
9 0.272809 0.215167 0.026354 0.090231
9 0.795977 0.365263 0.014641 0.050321
9 0.788168 0.370469 0.008785 0.039910
9 0.948730 0.504081 0.021473 0.026028
2 0.701299 0.564813 0.022449 0.039910
2 0.390424 0.598650 0.060516 0.062468
2 0.435811 0.589974 0.034162 0.076350
2 0.613454 0.560475 0.018545 0.024293
2 0.601253 0.570887 0.013665 0.031234
2 0.585636 0.583901 0.039042 0.078085
2 0.550010 0.582165 0.018545 0.050321
2 0.700811 0.571754 0.023425 0.043380
5 0.786216 0.557005 0.049779 0.093702
2 0.962395 0.614267 0.074181 0.100643
