2 0.166890 0.441428 0.062165 0.053133
2 0.033952 0.447166 0.050689 0.074811
2 0.065035 0.425063 0.022953 0.027204
2 0.206581 0.441216 0.042081 0.039106
2 0.378157 0.438665 0.059296 0.064610
2 0.628828 0.483722 0.153979 0.141121
2 0.784465 0.492790 0.184456 0.177393
2 0.852783 0.541814 0.292656 0.258438
2 0.208972 0.467144 0.043038 0.083312
2 0.089423 0.456943 0.100421 0.079912
2 0.296960 0.514752 0.197973 0.257588
7 0.474849 0.478621 0.188409 0.190428
2 0.004304 0.462639 0.008608 0.059509
2 0.210884 0.417582 0.025823 0.023804
9 0.150154 0.337500 0.009564 0.028904
9 0.151110 0.305195 0.013389 0.035705
2 0.172629 0.389358 0.035387 0.030605
2 0.153023 0.413161 0.017215 0.013602
