9 0.454968 0.346618 0.011323 0.041464
9 0.439946 0.346549 0.007020 0.045763
9 0.703329 0.353829 0.008190 0.035362
9 0.407331 0.474714 0.012871 0.022881
9 0.901685 0.493435 0.011701 0.014561
7 0.101530 0.510606 0.162640 0.128968
2 0.309601 0.550193 0.098286 0.081125
2 0.729305 0.576195 0.047973 0.070724
2 0.702393 0.548113 0.012871 0.031202
2 0.664951 0.543953 0.008190 0.022881
2 0.655590 0.546033 0.017551 0.027042
2 0.595332 0.555393 0.018721 0.049923
2 0.682502 0.553313 0.033932 0.049923
2 0.622243 0.566834 0.056163 0.081125
2 0.501083 0.615717 0.172000 0.243375
