3 0.072557 0.592273 0.075118 0.075270
3 0.006573 0.594255 0.013146 0.045240
3 0.021340 0.592273 0.010926 0.036421
2 0.453611 0.419881 0.009560 0.046133
2 0.638674 0.487867 0.008195 0.026709
2 0.620919 0.502435 0.008195 0.031565
2 0.095776 0.491509 0.006829 0.029137
2 0.533509 0.465841 0.008195 0.024281
2 0.807349 0.429073 0.009560 0.038849
4 0.113531 0.491509 0.012292 0.019424
4 0.192746 0.395600 0.034145 0.021853
4 0.197526 0.444161 0.016389 0.021853
4 0.198209 0.483010 0.017755 0.036421
4 0.437221 0.236562 0.053266 0.029137
4 0.438587 0.310618 0.028681 0.060701
4 0.794374 0.325187 0.032779 0.065558
4 0.616139 0.455088 0.028681 0.024281
4 0.071874 0.526715 0.008195 0.021853
9 0.570385 0.609269 0.021853 0.118975
2 0.144261 0.488040 0.008195 0.031218
4 0.815543 0.368892 0.031413 0.012140
4 0.654381 0.490295 0.006829 0.021853
