9 0.219408 0.432569 0.011005 0.017787
9 0.179389 0.489486 0.011005 0.017787
9 0.134867 0.493044 0.014007 0.017787
9 0.308953 0.485040 0.008004 0.016008
9 0.342469 0.459249 0.005002 0.014229
9 0.395996 0.417451 0.004002 0.030237
2 0.394995 0.493044 0.010005 0.017787
2 0.380988 0.497490 0.016008 0.026680
2 0.367482 0.493044 0.009004 0.017787
2 0.357477 0.499269 0.015007 0.019565
2 0.327962 0.501048 0.010005 0.016008
2 0.321459 0.501048 0.005002 0.019565
2 0.314956 0.505494 0.010005 0.017787
2 0.280439 0.522391 0.051025 0.062253
2 0.443519 0.493933 0.025012 0.040909
2 0.065833 0.550850 0.098048 0.094269
2 0.014407 0.572194 0.028814 0.083597
9 0.470532 0.464585 0.011005 0.017787
7 0.523058 0.519723 0.092045 0.149407
2 0.582088 0.556186 0.102050 0.147628
2 0.715654 0.612214 0.275136 0.252569
