9 0.879738 0.384796 0.025829 0.051429
9 0.294968 0.391224 0.005166 0.016531
9 0.231945 0.443571 0.009298 0.011020
9 0.330096 0.416020 0.005166 0.014694
9 0.205599 0.437143 0.014464 0.014694
9 0.283087 0.418775 0.004133 0.014694
9 0.372972 0.371939 0.006199 0.020204
9 0.289286 0.391224 0.006199 0.018367
7 0.374832 0.450918 0.024796 0.023878
2 0.297551 0.463775 0.014464 0.023878
2 0.277404 0.469286 0.042360 0.038571
2 0.348693 0.459184 0.029962 0.040408
2 0.321314 0.453673 0.028929 0.025714
2 0.258807 0.463775 0.017564 0.020204
2 0.231945 0.479388 0.042360 0.069796
2 0.217481 0.489490 0.017564 0.045918
2 0.198884 0.491326 0.034094 0.064286
2 0.185453 0.495000 0.032028 0.067959
2 0.139477 0.497755 0.084719 0.102857
2 0.102800 0.527143 0.079554 0.091837
2 0.047009 0.548265 0.087819 0.130408
2 0.030995 0.551939 0.061990 0.115714
2 0.019630 0.575816 0.039260 0.119388
2 0.433722 0.474796 0.033061 0.045918
2 0.455418 0.481224 0.033061 0.047755
2 0.478148 0.489490 0.024796 0.056939
2 0.493645 0.493163 0.041327 0.075306
2 0.518441 0.499592 0.049592 0.088163
2 0.561834 0.509694 0.082653 0.112041
2 0.637255 0.528979 0.134311 0.143265
2 0.737782 0.572143 0.174605 0.159796
9 0.836384 0.385714 0.018597 0.058775
2 0.320009 0.501428 0.045459 0.066122
2 0.245622 0.500510 0.051658 0.056939
