3 0.084981 0.503824 0.168403 0.392248
3 0.192962 0.469866 0.206606 0.255031
3 0.456872 0.549563 0.444398 0.514220
2 0.498973 0.295226 0.007796 0.036037
4 0.264690 0.219687 0.055355 0.056827
4 0.321214 0.230775 0.017152 0.048511
4 0.285740 0.260575 0.013254 0.019405
4 0.396060 0.233547 0.054575 0.062372
4 0.396060 0.270277 0.010915 0.027721
4 0.414382 0.272356 0.011695 0.026335
4 0.459211 0.232854 0.040542 0.058214
4 0.503261 0.240477 0.044440 0.056827
7 0.038592 0.167017 0.077185 0.181571
7 0.150861 0.246021 0.152031 0.173255
