3 0.388863 0.568125 0.024258 0.030000
3 0.386226 0.548437 0.014766 0.020625
3 0.329273 0.569062 0.012656 0.024375
3 0.318199 0.569062 0.020039 0.035625
3 0.421558 0.551250 0.011602 0.026250
1 0.435269 0.549375 0.020039 0.045000
8 0.353742 0.375937 0.390234 0.125625
2 0.506988 0.388125 0.007383 0.033750
2 0.339504 0.425625 0.007383 0.030000
3 0.670886 0.544687 0.058008 0.058125
3 0.359385 0.583594 0.053789 0.071250
3 0.454834 0.573281 0.063281 0.088125
3 0.411064 0.563906 0.028477 0.043125
3 0.291885 0.584531 0.055898 0.073125
2 0.347308 0.424687 0.007383 0.031875
2 0.495808 0.389062 0.013711 0.035625
2 0.513738 0.389062 0.009492 0.035625
4 0.623320 0.426937 0.023203 0.039375
4 0.758953 0.400687 0.021094 0.024375
4 0.515637 0.477562 0.017930 0.050625
2 0.613722 0.358500 0.011602 0.045000
2 0.636926 0.464437 0.013711 0.028125
1 0.075937 0.562969 0.151875 0.397500
9 0.156094 0.619219 0.027422 0.101250
