2 0.373661 0.577806 0.009471 0.019898
2 0.385284 0.583929 0.020663 0.026020
2 0.402934 0.586225 0.040466 0.036735
2 0.436081 0.586225 0.077487 0.045918
2 0.458897 0.593878 0.107621 0.048980
2 0.475686 0.607653 0.098151 0.079592
2 0.544133 0.628470 0.123980 0.116327
2 0.621907 0.664541 0.166454 0.179082
2 0.830034 0.701174 0.337382 0.375000
2 0.936879 0.822986 0.121397 0.260204
2 0.272927 0.578572 0.022385 0.026020
2 0.259152 0.581633 0.022385 0.032143
2 0.213951 0.585459 0.037022 0.039796
2 0.194579 0.590051 0.030995 0.055102
2 0.179512 0.589286 0.038744 0.056633
2 0.141199 0.597704 0.082653 0.058163
2 0.052232 0.595919 0.098725 0.106122
