2 0.074066 0.253645 0.014034 0.063758
2 0.079134 0.221766 0.000780 0.011088
2 0.095507 0.228003 0.014813 0.065144
2 0.249876 0.132366 0.017932 0.090092
2 0.281062 0.123357 0.021050 0.102567
2 0.677122 0.381853 0.022610 0.070688
2 0.702461 0.390169 0.014034 0.056827
3 0.461160 0.584907 0.258063 0.418583
3 0.243249 0.546098 0.093557 0.105339
3 0.193742 0.531545 0.033525 0.056827
3 0.299384 0.531545 0.054575 0.087320
3 0.326671 0.525308 0.021830 0.052669
3 0.593791 0.587933 0.058292 0.143640
3 0.712851 0.548870 0.070678 0.105339
4 0.748070 0.387397 0.013254 0.029107
4 0.748070 0.424820 0.017932 0.026335
4 0.744172 0.456699 0.017932 0.020791
4 0.612801 0.512833 0.009356 0.041581
2 0.548659 0.435248 0.016015 0.038743
2 0.564074 0.467787 0.008576 0.029107
2 0.358247 0.466401 0.011695 0.034651
2 0.230385 0.462936 0.010135 0.024949
4 0.598235 0.472393 0.011996 0.014929
