9 0.066531 0.447961 0.045119 0.085650
9 0.112033 0.457477 0.024471 0.066616
9 0.317745 0.559441 0.016824 0.031269
9 0.689402 0.524094 0.013765 0.028550
9 0.992617 0.426208 0.014530 0.050302
9 0.363427 0.411934 0.011471 0.046224
9 0.382546 0.414653 0.008412 0.046224
9 0.373369 0.411934 0.011471 0.046224
9 0.616170 0.283459 0.019883 0.069335
9 0.594375 0.281420 0.019118 0.065257
2 0.079532 0.704846 0.158299 0.142622
2 0.924707 0.721917 0.149424 0.261054
2 0.969675 0.583926 0.058119 0.074800
2 0.911333 0.585298 0.116522 0.082931
2 0.762019 0.624058 0.187262 0.144135
2 0.508927 0.617900 0.132298 0.088369
