9 0.738417 0.115244 0.018521 0.088383
9 0.368477 0.432381 0.007798 0.025995
9 0.465471 0.428049 0.004874 0.024262
9 0.469857 0.429782 0.007798 0.027728
2 0.104304 0.515565 0.089682 0.112644
2 0.172541 0.508633 0.072136 0.081451
2 0.214945 0.507767 0.039967 0.072786
2 0.244677 0.506034 0.023395 0.048524
2 0.371402 0.499102 0.023395 0.034660
2 0.517623 0.512966 0.037043 0.048524
7 0.412344 0.466175 0.044841 0.065854
7 0.448899 0.482638 0.026320 0.057189
2 0.553203 0.514699 0.036068 0.048524
2 0.494228 0.481772 0.021446 0.017330
2 0.287568 0.516432 0.083833 0.097048
2 0.406007 0.518165 0.059463 0.093582
2 0.477168 0.518165 0.047766 0.058922
7 0.036555 0.464442 0.069211 0.242619
2 0.336309 0.496502 0.019496 0.029461
