9 0.440897 0.135170 0.015302 0.064610
9 0.423682 0.136870 0.019128 0.064610
2 0.432608 0.451984 0.017215 0.039106
2 0.396743 0.457085 0.062165 0.073111
2 0.087988 0.463886 0.164499 0.137720
2 0.904269 0.733659 0.188409 0.392758
2 0.259592 0.479593 0.200842 0.144521
2 0.708892 0.495745 0.261095 0.153023
9 0.594329 0.354381 0.024866 0.037406
9 0.888488 0.044207 0.045907 0.088413
9 0.976476 0.163224 0.045907 0.091814
9 0.910964 0.179862 0.033474 0.096914
9 0.284240 0.387998 0.005738 0.020403
9 0.289022 0.388848 0.005738 0.018703
9 0.467771 0.426253 0.010520 0.015302
