2 0.417120 0.483505 0.012673 0.031194
2 0.431255 0.490437 0.023395 0.048524
2 0.451726 0.491303 0.037043 0.064121
2 0.469272 0.508633 0.046791 0.084917
2 0.409809 0.492603 0.013647 0.047657
2 0.345472 0.490437 0.023395 0.038126
2 0.500808 0.457510 0.051665 0.057189
2 0.553935 0.515565 0.169617 0.270347
2 0.381881 0.497369 0.059463 0.095315
2 0.251744 0.528562 0.179365 0.237420
2 0.040698 0.539827 0.080909 0.162901
9 0.104426 0.397226 0.010723 0.029461
9 0.092729 0.397226 0.014622 0.029461
9 0.246748 0.212291 0.012673 0.055208
9 0.257959 0.221080 0.009748 0.055456
9 0.476315 0.276288 0.009748 0.041592
9 0.663966 0.419260 0.012673 0.025995
