9 0.230610 0.296645 0.013988 0.053289
9 0.509880 0.285987 0.012989 0.046184
9 0.664753 0.279770 0.014988 0.044408
9 0.442935 0.429868 0.004996 0.014211
9 0.497890 0.431645 0.006994 0.014211
9 0.484901 0.447632 0.006994 0.014211
2 0.457424 0.478717 0.009992 0.030197
2 0.493893 0.480493 0.018984 0.030197
2 0.441936 0.478717 0.032973 0.040855
2 0.540355 0.489375 0.047961 0.079934
2 0.344516 0.488487 0.103914 0.145658
2 0.278571 0.472500 0.035970 0.046184
2 0.241601 0.476941 0.039967 0.040855
2 0.202633 0.472500 0.049959 0.056842
2 0.149631 0.475016 0.043873 0.051217
5 0.066345 0.449408 0.132691 0.103026
