9 0.851197 0.226547 0.020353 0.044917
9 0.405187 0.031550 0.014037 0.063099
9 0.140950 0.213446 0.018949 0.026201
9 0.452560 0.209079 0.006316 0.027449
9 0.434313 0.214694 0.007720 0.021211
9 0.666266 0.012834 0.025266 0.025669
2 0.662406 0.321995 0.070884 0.096072
2 0.278157 0.311389 0.102466 0.139741
7 0.399923 0.271463 0.069481 0.114787
2 0.468351 0.287059 0.032284 0.066128
2 0.337812 0.320123 0.028073 0.062384
2 0.358516 0.309518 0.014738 0.053651
2 0.442735 0.278950 0.018949 0.057394
2 0.496775 0.289555 0.025968 0.051155
2 0.582749 0.300160 0.035091 0.047412
2 0.598891 0.310766 0.036495 0.058641
2 0.624156 0.309518 0.033688 0.068623
2 0.553600 0.291335 0.050531 0.051155
