3 0.074487 0.461718 0.146338 0.246094
3 0.883959 0.512109 0.229394 0.445312
3 0.457470 0.445312 0.315088 0.499218
3 0.910986 0.360937 0.172705 0.105469
3 0.721142 0.376172 0.206982 0.257812
3 0.521411 0.273047 0.071191 0.065625
3 0.298608 0.413086 0.125244 0.183984
3 0.370459 0.307031 0.036914 0.030469
3 0.169409 0.403125 0.159521 0.161719
3 0.241919 0.347656 0.035596 0.051562
9 0.220166 0.318359 0.010547 0.058594
9 0.212915 0.324609 0.019775 0.035156
9 0.307837 0.305859 0.014502 0.025781
3 0.617541 0.333398 0.026587 0.052734
3 0.604467 0.312890 0.034277 0.075000
3 0.597656 0.312304 0.042187 0.066797
3 0.575244 0.318164 0.018457 0.043359
4 0.150952 0.135937 0.043506 0.030469
4 0.160181 0.165234 0.019775 0.023437
4 0.704003 0.225000 0.025049 0.016406
4 0.706640 0.166406 0.025049 0.039844
4 0.885278 0.144141 0.039551 0.037500
4 0.891870 0.185156 0.026367 0.030469
4 0.897802 0.208594 0.032959 0.025781
2 0.905712 0.251953 0.030322 0.051562
2 0.570849 0.157031 0.011865 0.035156
2 0.408032 0.139453 0.007910 0.037500
2 0.421216 0.135937 0.013184 0.039844
2 0.234668 0.077344 0.013184 0.067969
9 0.011206 0.307031 0.022412 0.053906
2 0.570190 0.247265 0.010547 0.028125
2 0.124585 0.232868 0.035596 0.044531
