2 0.106811 0.466972 0.213623 0.260819
2 0.390213 0.431057 0.049118 0.052669
2 0.423006 0.431750 0.025631 0.040195
2 0.449466 0.431750 0.025728 0.034651
2 0.606564 0.440760 0.015593 0.030493
2 0.596429 0.437294 0.017152 0.037423
2 0.586293 0.435908 0.018711 0.026335
2 0.574989 0.434522 0.014813 0.015246
2 0.837998 0.435029 0.133154 0.086308
2 0.939083 0.444918 0.074066 0.049897
9 0.490397 0.330570 0.009356 0.031879
9 0.695054 0.341658 0.013254 0.037423
9 0.519634 0.406802 0.005458 0.012474
9 0.581616 0.406109 0.007796 0.005544
9 0.219470 0.332649 0.008576 0.030493
2 0.559396 0.435215 0.021050 0.027721
2 0.658021 0.436601 0.084202 0.099795
2 0.356298 0.437988 0.034304 0.044353
2 0.516905 0.431057 0.021830 0.016632
2 0.481431 0.440067 0.013254 0.031879
2 0.705579 0.434522 0.020271 0.056827
9 0.857773 0.326015 0.017139 0.039844
9 0.085215 0.318984 0.014502 0.030469
9 0.914463 0.252187 0.019775 0.060937
