7 0.287252 0.377023 0.026912 0.024961
7 0.361552 0.378063 0.014041 0.018721
2 0.343416 0.391583 0.012871 0.016641
2 0.334055 0.390543 0.012871 0.014561
2 0.322354 0.384303 0.010531 0.014561
2 0.321184 0.398864 0.012871 0.014561
2 0.308899 0.395744 0.009361 0.016641
2 0.293688 0.399904 0.018721 0.016641
2 0.271456 0.398864 0.025742 0.022881
2 0.253320 0.396784 0.012871 0.027042
2 0.245715 0.399904 0.016381 0.020801
2 0.228749 0.405104 0.029252 0.022881
2 0.185456 0.385343 0.045633 0.058243
2 0.193647 0.405104 0.038612 0.031202
2 0.154449 0.405104 0.016381 0.031202
2 0.141578 0.407184 0.014041 0.035362
2 0.119347 0.403024 0.035102 0.052003
2 0.078980 0.410305 0.069034 0.054083
2 0.021061 0.414465 0.042123 0.070724
2 0.400164 0.383263 0.007020 0.016641
2 0.417715 0.404064 0.021061 0.024961
2 0.578600 0.378063 0.029252 0.027042
2 0.672205 0.373902 0.038612 0.018721
2 0.487334 0.390543 0.012871 0.014561
2 0.526532 0.386383 0.011701 0.018721
7 0.386708 0.387423 0.024571 0.054083
