2 0.325916 0.307820 0.009597 0.046919
2 0.561646 0.277962 0.010797 0.051185
2 0.127974 0.458175 0.019194 0.019194
2 0.648620 0.454976 0.009597 0.025592
2 0.145969 0.459241 0.009597 0.025592
9 0.279130 0.533886 0.007198 0.046919
9 0.519058 0.516824 0.011996 0.051185
3 0.387697 0.513625 0.010797 0.023460
3 0.378700 0.525355 0.016795 0.029858
3 0.368503 0.537085 0.015595 0.044787
3 0.346909 0.543483 0.049185 0.074645
4 0.138171 0.378199 0.025193 0.012796
4 0.229344 0.427251 0.013196 0.021327
4 0.677411 0.385663 0.023993 0.019194
2 0.846561 0.164929 0.021594 0.076777
4 0.470473 0.418720 0.015595 0.025592
4 0.543051 0.444312 0.011996 0.025592
4 0.877152 0.435782 0.017995 0.059716
3 0.494466 0.536019 0.041988 0.089573
3 0.431484 0.564810 0.100770 0.147156
3 0.042993 0.687440 0.085987 0.315640
3 0.038795 0.552014 0.077589 0.108768
9 0.956271 0.570142 0.087458 0.737914
9 0.885550 0.541350 0.039588 0.125829
1 0.834565 0.544549 0.059982 0.106635
1 0.765585 0.541350 0.065980 0.104502
3 0.907085 0.734360 0.185829 0.375355
2 0.543651 0.279028 0.010797 0.053318
