2 0.452928 0.570421 0.010926 0.016996
2 0.467952 0.565564 0.013658 0.016996
9 0.473415 0.530358 0.005463 0.019424
2 0.434490 0.567992 0.012292 0.016996
2 0.420149 0.566778 0.010926 0.019424
2 0.405126 0.575277 0.013658 0.021853
2 0.304740 0.574063 0.028681 0.029137
2 0.258304 0.582561 0.045071 0.036421
2 0.295863 0.582561 0.030047 0.026709
2 0.523949 0.563136 0.016389 0.016996
2 0.494584 0.567992 0.015024 0.016996
2 0.478195 0.566778 0.012292 0.019424
2 0.390102 0.577705 0.016389 0.021853
2 0.413320 0.574063 0.013658 0.024281
