9 0.352590 0.226322 0.019128 0.088413
9 0.463956 0.400504 0.008926 0.040806
9 0.557257 0.357431 0.007651 0.045340
9 0.757781 0.386524 0.012114 0.044584
9 0.904002 0.416373 0.012114 0.049874
9 0.364810 0.240491 0.008289 0.089547
9 0.123800 0.201952 0.023591 0.080479
9 0.038362 0.309068 0.014665 0.045340
9 0.044100 0.279597 0.012114 0.018136
9 0.024016 0.310768 0.014027 0.039673
9 0.905915 0.498929 0.018490 0.021537
9 0.365342 0.413350 0.014027 0.036272
9 0.346214 0.410516 0.008926 0.032872
9 0.061634 0.466625 0.006376 0.015869
2 0.380963 0.504748 0.007014 0.012469
2 0.390208 0.504748 0.012752 0.012469
2 0.402322 0.501347 0.011477 0.005668
2 0.407742 0.508715 0.021041 0.018136
2 0.426869 0.504181 0.018490 0.009068
2 0.429739 0.512682 0.028054 0.017003
2 0.330684 0.532341 0.032517 0.046474
2 0.378503 0.555577 0.084800 0.088413
2 0.527163 0.523111 0.012752 0.014736
2 0.543103 0.523111 0.017853 0.021537
2 0.565737 0.525944 0.010839 0.018136
2 0.581677 0.525944 0.026141 0.022670
2 0.614832 0.529345 0.021041 0.024937
2 0.643524 0.519143 0.013389 0.011335
2 0.654044 0.533312 0.024229 0.028338
2 0.603674 0.535012 0.024229 0.027204
2 0.308596 0.517443 0.020403 0.032872
2 0.289468 0.521410 0.033155 0.036272
2 0.260457 0.528778 0.035068 0.053275
2 0.153979 0.511209 0.060571 0.047607
2 0.123374 0.516876 0.065672 0.036272
2 0.224433 0.538413 0.103290 0.069144
2 0.469269 0.614924 0.151747 0.217632
2 0.739291 0.566750 0.161311 0.116751
2 0.950868 0.670919 0.094364 0.198363
