3 0.462179 0.626243 0.203556 0.247030
3 0.103213 0.544984 0.046318 0.054173
3 0.176956 0.520064 0.018283 0.017335
3 0.213523 0.522231 0.018283 0.017335
3 0.201944 0.511396 0.014627 0.017335
3 0.132466 0.533065 0.019502 0.026003
3 0.142827 0.528732 0.010970 0.026003
3 0.957661 0.657664 0.082885 0.166854
3 0.872338 0.631661 0.170646 0.158186
2 0.198287 0.472391 0.002438 0.017335
2 0.114183 0.455056 0.004876 0.026003
2 0.108088 0.455056 0.007313 0.026003
2 0.119059 0.457223 0.007313 0.021669
2 0.206210 0.472391 0.003657 0.017335
4 0.343946 0.503812 0.015846 0.023836
4 0.245215 0.495144 0.010970 0.006501
4 0.696207 0.422552 0.028035 0.017335
4 0.691941 0.469141 0.024378 0.058507
4 0.923532 0.498394 0.029254 0.069342
