9 0.313959 0.435181 0.008488 0.032628
9 0.399073 0.421926 0.010324 0.034668
9 0.310747 0.496360 0.010324 0.016314
9 0.247198 0.481065 0.012618 0.022432
9 0.406300 0.426005 0.006883 0.026511
9 0.512406 0.442319 0.005735 0.022432
9 0.507244 0.441299 0.009177 0.020393
9 0.544525 0.482085 0.005735 0.016314
2 0.128474 0.554479 0.112415 0.063218
2 0.224830 0.552440 0.091767 0.050982
2 0.476961 0.546322 0.025236 0.034668
2 0.516536 0.555498 0.065384 0.101964
7 0.370396 0.550400 0.067678 0.079532
2 0.397926 0.568754 0.019501 0.071375
2 0.432110 0.582009 0.081444 0.114199
2 0.623846 0.596896 0.162084 0.196994
2 0.826376 0.778129 0.342772 0.424170
