2 0.024680 0.778536 0.046639 0.284882
2 0.075504 0.631843 0.150679 0.199843
2 0.292554 0.615898 0.118391 0.167953
2 0.361316 0.601016 0.038268 0.087165
2 0.390615 0.584008 0.060989 0.087165
2 0.426491 0.573378 0.029897 0.048898
2 0.442037 0.569126 0.020330 0.040394
2 0.454594 0.562748 0.016742 0.027638
2 0.468944 0.559559 0.014350 0.021260
2 0.480903 0.556370 0.009567 0.019134
2 0.501830 0.554244 0.015546 0.023386
2 0.511995 0.553181 0.014350 0.025512
2 0.521562 0.557433 0.014350 0.025512
2 0.531129 0.549992 0.014350 0.031890
2 0.543088 0.557433 0.019134 0.038268
2 0.556840 0.560622 0.027505 0.044646
2 0.587335 0.564874 0.050226 0.061654
7 0.656097 0.565937 0.101649 0.140315
