2 0.194458 0.513281 0.009229 0.018750
2 0.211597 0.493359 0.014502 0.011719
2 0.232690 0.517578 0.011865 0.021094
2 0.210278 0.516406 0.011865 0.014062
2 0.187207 0.519922 0.010547 0.021094
7 0.141724 0.517578 0.027686 0.049219
2 0.166772 0.509375 0.011865 0.014062
2 0.172705 0.489453 0.013184 0.016406
2 0.027026 0.546484 0.054053 0.163281
9 0.462964 0.324609 0.019775 0.063281
9 0.719824 0.335156 0.021094 0.051562
2 0.808607 0.432422 0.180615 0.124219
2 0.941761 0.427734 0.035596 0.096094
9 0.473085 0.380859 0.013184 0.035156
