4 0.515659 0.357890 0.013184 0.025781
3 0.377232 0.423515 0.015820 0.039844
3 0.363389 0.417656 0.017139 0.046875
3 0.352842 0.424687 0.027686 0.046875
3 0.336363 0.427031 0.034277 0.056250
3 0.334385 0.445781 0.022412 0.075000
3 0.299449 0.444609 0.055371 0.147656
3 0.243418 0.445781 0.130517 0.187500
3 0.464243 0.424687 0.015820 0.042187
3 0.488633 0.420000 0.051416 0.065625
3 0.524888 0.441093 0.079102 0.121875
3 0.599375 0.461015 0.151611 0.161719
1 0.441172 0.423515 0.030322 0.053906
1 0.406895 0.407109 0.051416 0.110156
1 0.112901 0.482109 0.225439 0.283594
3 0.822837 0.531994 0.353320 0.406801
