9 0.294725 0.092772 0.011996 0.061848
9 0.555048 0.155687 0.011996 0.055450
9 0.045199 0.125829 0.019194 0.063981
9 0.211350 0.240995 0.013196 0.063981
9 0.350508 0.119431 0.017995 0.068246
9 0.323516 0.328436 0.019194 0.025592
2 0.461413 0.365606 0.009597 0.025592
2 0.445218 0.366672 0.013196 0.023460
2 0.430222 0.366672 0.023993 0.040521
2 0.405630 0.373070 0.022793 0.036256
2 0.342048 0.373070 0.034790 0.044787
2 0.325853 0.381601 0.028791 0.036256
2 0.294063 0.379468 0.056383 0.049052
2 0.381037 0.383734 0.038389 0.040521
7 0.484806 0.326151 0.049185 0.078910
2 0.481207 0.394397 0.046786 0.057583
2 0.962838 0.343212 0.074325 0.070379
2 0.899905 0.366672 0.053940 0.036256
2 0.117371 0.437204 0.234743 0.567298
