3 0.045232 0.576675 0.090464 0.085826
3 0.131733 0.564179 0.082152 0.065457
3 0.260274 0.538960 0.027295 0.031194
3 0.289031 0.538960 0.028269 0.027728
3 0.311451 0.537227 0.018521 0.020796
3 0.346544 0.552824 0.039967 0.055456
3 0.398371 0.540693 0.035093 0.041592
3 0.427616 0.533761 0.023395 0.038126
3 0.444187 0.527696 0.019496 0.036393
3 0.472944 0.524230 0.036068 0.032927
3 0.505113 0.520764 0.024370 0.025995
3 0.515836 0.512099 0.028269 0.029461
3 0.225780 0.548363 0.040192 0.043068
2 0.087733 0.403498 0.019496 0.019063
2 0.301703 0.444224 0.012673 0.017330
2 0.381150 0.349776 0.013647 0.019063
2 0.355805 0.445957 0.019496 0.027728
2 0.098456 0.469641 0.019496 0.020796
4 0.088220 0.501412 0.018521 0.031194
2 0.084808 0.470218 0.015597 0.020796
4 0.374326 0.441335 0.029244 0.020796
4 0.364091 0.353819 0.014622 0.019063
4 0.483017 0.450000 0.016572 0.010398
