9 0.435925 0.214047 0.007749 0.027551
9 0.550434 0.237771 0.007749 0.026020
9 0.427328 0.215051 0.006888 0.029082
9 0.541837 0.237245 0.006888 0.021429
9 0.535810 0.298470 0.008610 0.018367
2 0.503298 0.352916 0.010332 0.024490
2 0.517935 0.352916 0.020663 0.015306
5 0.475667 0.336003 0.045906 0.087790
2 0.473807 0.367108 0.028412 0.048980
2 0.444965 0.361751 0.036161 0.084184
2 0.354563 0.320424 0.034439 0.032143
2 0.392015 0.378588 0.088680 0.123980
2 0.061403 0.317363 0.024968 0.022959
2 0.173407 0.418105 0.346814 0.365816
2 0.543115 0.352289 0.013776 0.016837
2 0.602522 0.367595 0.027551 0.062755
2 0.621464 0.372952 0.044770 0.082653
2 0.659541 0.387390 0.081320 0.090100
2 0.798597 0.436793 0.199745 0.235714
2 0.910350 0.441582 0.175638 0.427041
