3 0.203517 0.543740 0.106228 0.153324
3 0.622120 0.547479 0.110435 0.130886
3 0.773048 0.588615 0.246113 0.250554
3 0.353394 0.633865 0.311323 0.408366
5 0.508003 0.527286 0.008414 0.035526
5 0.514314 0.522611 0.010518 0.048615
5 0.516417 0.524481 0.008414 0.044875
5 0.508529 0.526351 0.005259 0.029917
5 0.521150 0.528220 0.009466 0.052355
5 0.525883 0.530090 0.006311 0.059834
5 0.532194 0.532895 0.012621 0.065443
5 0.556384 0.548788 0.025242 0.063573
5 0.537453 0.531960 0.021035 0.067313
4 0.493278 0.390790 0.023139 0.013089
4 0.549548 0.440340 0.011569 0.022438
4 0.474347 0.425381 0.008414 0.018698
4 0.339721 0.404813 0.012621 0.018698
2 0.494856 0.433328 0.009466 0.024307
2 0.271356 0.362275 0.008414 0.016828
2 0.498011 0.451091 0.011569 0.011219
3 0.474347 0.484841 0.012621 0.031787
9 0.119375 0.525042 0.024191 0.086011
3 0.925179 0.697972 0.146196 0.299169
