2 0.324716 0.317417 0.021594 0.083175
2 0.928737 0.281161 0.020394 0.061848
4 0.665415 0.450711 0.016795 0.029858
3 0.510061 0.497630 0.022793 0.042654
3 0.485468 0.500829 0.016795 0.027725
4 0.471672 0.486966 0.015595 0.017062
4 0.379900 0.432583 0.011996 0.023460
4 0.328915 0.457109 0.032390 0.055450
3 0.397295 0.501895 0.029991 0.038389
3 0.370303 0.498696 0.026392 0.036256
3 0.357106 0.508293 0.014396 0.034123
3 0.258736 0.508293 0.035989 0.051185
3 0.232343 0.494431 0.033590 0.031991
3 0.034596 0.553080 0.069192 0.157820
3 0.451878 0.499763 0.028791 0.038389
3 0.543051 0.509360 0.031191 0.044787
2 0.576041 0.473104 0.008398 0.019194
3 0.621628 0.502962 0.046786 0.044787
3 0.675612 0.540284 0.068380 0.081043
3 0.761986 0.554147 0.125963 0.113033
3 0.920881 0.579739 0.158237 0.283649
3 0.591637 0.547748 0.094772 0.117299
