2 0.494452 0.375254 0.015445 0.016780
2 0.476862 0.377542 0.012871 0.018305
2 0.468281 0.381356 0.011155 0.022881
2 0.458414 0.383644 0.013729 0.027458
2 0.445543 0.384407 0.024025 0.038136
2 0.432672 0.389746 0.022309 0.054915
2 0.424521 0.396610 0.028316 0.068644
2 0.402640 0.393559 0.046335 0.093051
2 0.372609 0.414152 0.070360 0.131186
2 0.511184 0.377542 0.009439 0.018305
2 0.519764 0.379830 0.012871 0.016780
2 0.543790 0.385932 0.016303 0.032034
2 0.561809 0.388983 0.031748 0.050339
2 0.588837 0.405000 0.036038 0.061017
2 0.625733 0.414152 0.058347 0.097627
2 0.687942 0.427119 0.117553 0.123559
2 0.769028 0.450000 0.114121 0.193729
2 0.880145 0.513305 0.235106 0.289830
2 0.303664 0.450458 0.132998 0.175424
2 0.074994 0.610627 0.147585 0.413390
