9 0.322661 0.068779 0.017547 0.085568
9 0.308527 0.066720 0.012673 0.081451
9 0.342158 0.071053 0.015597 0.083184
9 0.502513 0.374326 0.004874 0.013864
9 0.483505 0.372593 0.001950 0.013864
2 0.484681 0.401188 0.017144 0.019063
2 0.460109 0.405520 0.021446 0.027728
2 0.521831 0.402054 0.014980 0.020796
2 0.544004 0.408946 0.017139 0.038045
2 0.562461 0.403491 0.030322 0.058330
2 0.633625 0.488704 0.179365 0.249551
2 0.297206 0.485259 0.282916 0.311981
2 0.780239 0.399884 0.090469 0.056330
2 0.906243 0.407995 0.186507 0.147553
9 0.971883 0.285944 0.021446 0.048524
9 0.159670 0.335977 0.013250 0.031641
9 0.148658 0.336200 0.010723 0.027728
