9 0.300123 0.393663 0.006435 0.028082
9 0.462177 0.402504 0.006435 0.029122
9 0.468905 0.402504 0.007020 0.029122
9 0.458375 0.402504 0.003510 0.029122
9 0.306851 0.393663 0.004680 0.030162
9 0.295735 0.394703 0.005850 0.026002
9 0.134265 0.483629 0.019891 0.018721
2 0.471245 0.543432 0.008190 0.017681
2 0.487041 0.548632 0.031592 0.050963
2 0.507225 0.530431 0.011116 0.012481
2 0.511320 0.555913 0.028667 0.057203
2 0.802960 0.555913 0.106476 0.098806
2 0.382320 0.547072 0.015211 0.064484
7 0.348681 0.524711 0.055578 0.127928
7 0.924062 0.505470 0.150939 0.216333
2 0.075469 0.561113 0.149184 0.400424
2 0.438776 0.544992 0.047388 0.079045
2 0.604048 0.551233 0.170830 0.239214
2 0.299245 0.541352 0.094776 0.146649
