9 0.208456 0.249219 0.009668 0.039062
9 0.433017 0.250000 0.008789 0.031250
9 0.106943 0.340625 0.010547 0.037500
9 0.220761 0.253125 0.009668 0.034375
9 0.642636 0.287500 0.020215 0.031250
9 0.100351 0.375000 0.013184 0.012500
9 0.308652 0.366406 0.006152 0.023437
2 0.297665 0.417969 0.019336 0.026562
2 0.434775 0.394531 0.022852 0.054687
2 0.451474 0.393750 0.008789 0.025000
2 0.459384 0.403125 0.014062 0.034375
2 0.471689 0.403125 0.008789 0.031250
2 0.489706 0.400781 0.029004 0.045312
2 0.371054 0.416406 0.118652 0.198437
2 0.662411 0.413281 0.161719 0.182812
2 0.045503 0.522607 0.090527 0.500000
2 0.159428 0.426127 0.061435 0.064456
2 0.045119 0.406432 0.060428 0.175464
2 0.989806 0.594430 0.020143 0.175464
