9 0.683513 0.512966 0.006824 0.027728
9 0.687900 0.513832 0.007798 0.025995
9 0.770271 0.519898 0.004874 0.024262
9 0.774657 0.519898 0.005849 0.027728
9 0.843599 0.564089 0.009748 0.015597
2 0.241752 0.590084 0.315838 0.382991
2 0.519404 0.626461 0.062051 0.071021
2 0.616079 0.625610 0.048740 0.045058
7 0.745728 0.602215 0.083833 0.147304
2 0.697939 0.617111 0.017464 0.037795
9 0.623390 0.534628 0.004874 0.022529
5 0.112210 0.464444 0.222235 0.549152
2 0.435042 0.630785 0.038982 0.042967
2 0.472855 0.624548 0.014813 0.033265
