9 0.100964 0.536396 0.007017 0.027721
9 0.141895 0.566889 0.006237 0.013860
9 0.383975 0.534317 0.003898 0.018018
9 0.107591 0.536396 0.006237 0.030493
9 0.093947 0.535703 0.005458 0.026335
9 0.091998 0.570354 0.004678 0.018018
9 0.388653 0.535703 0.003898 0.018018
9 0.379687 0.535010 0.003119 0.016632
9 0.467397 0.524615 0.007017 0.026335
2 0.350840 0.638270 0.020271 0.042967
2 0.333298 0.649358 0.016373 0.054055
2 0.309129 0.641042 0.038203 0.120585
2 0.072897 0.665159 0.041321 0.051283
5 0.152811 0.638270 0.031186 0.073460
5 0.070948 0.641735 0.141895 0.088706
2 0.115777 0.654209 0.041321 0.063758
2 0.229216 0.628568 0.148133 0.245328
2 0.416331 0.673614 0.134099 0.224538
