2 0.225446 0.715563 0.217633 0.324499
2 0.785909 0.737404 0.301878 0.268336
2 0.426113 0.670840 0.104136 0.156009
5 0.068845 0.662520 0.137690 0.318259
7 0.895311 0.670840 0.207102 0.301618
2 0.516793 0.656131 0.077225 0.123025
2 0.638480 0.680201 0.088925 0.095686
2 0.588167 0.671880 0.058504 0.079045
2 0.683528 0.628198 0.019891 0.024961
2 0.328412 0.636518 0.030422 0.087365
2 0.338357 0.632358 0.019891 0.074884
2 0.376970 0.654199 0.024571 0.056163
2 0.367609 0.641718 0.022231 0.039522
2 0.363514 0.630278 0.025742 0.054083
2 0.139446 0.602196 0.054993 0.076965
9 0.306181 0.525231 0.004680 0.027042
9 0.526739 0.599076 0.010531 0.024961
9 0.435473 0.515871 0.008190 0.033282
9 0.429623 0.517951 0.005850 0.045763
9 0.555640 0.499102 0.009748 0.031194
