4 0.107957 0.152863 0.023874 0.083253
4 0.256251 0.207549 0.015610 0.016324
4 0.119129 0.330726 0.011019 0.029383
4 0.120047 0.370719 0.011019 0.027751
3 0.338826 0.345254 0.027547 0.021221
3 0.083023 0.334099 0.053104 0.030472
7 0.138499 0.307437 0.037647 0.048972
3 0.028465 0.329746 0.054175 0.045707
3 0.366570 0.325548 0.019283 0.032648
3 0.381721 0.333710 0.016528 0.016324
3 0.433142 0.338608 0.020201 0.026119
3 0.490946 0.341445 0.033056 0.031016
3 0.514820 0.347975 0.029383 0.034281
3 0.216768 0.430256 0.224966 0.218742
3 0.356338 0.347819 0.039484 0.053869
3 0.408677 0.344554 0.041320 0.050605
3 0.456884 0.338025 0.029383 0.037545
4 0.553998 0.248126 0.007346 0.016324
3 0.638628 0.235883 0.039484 0.031016
3 0.654238 0.239148 0.022956 0.027751
3 0.679030 0.238331 0.041320 0.039178
7 0.573565 0.316803 0.100087 0.128960
