9 0.523682 0.277922 0.011937 0.040810
9 0.326430 0.412183 0.022037 0.031016
5 0.048958 0.367853 0.096414 0.073458
2 0.109645 0.610562 0.219290 0.483192
5 0.846658 0.419137 0.303934 0.837424
2 0.449538 0.499866 0.012855 0.040810
2 0.422910 0.497418 0.053257 0.097944
2 0.401791 0.515374 0.067949 0.101209
2 0.593176 0.501499 0.040402 0.122430
7 0.482362 0.453035 0.048666 0.073458
5 0.665934 0.478622 0.111106 0.166505
9 0.655374 0.402715 0.011019 0.014692
2 0.524527 0.544734 0.153344 0.262817
9 0.023246 0.253257 0.042916 0.078414
