3 0.529412 0.466014 0.016389 0.026709
3 0.577214 0.446590 0.010926 0.012140
3 0.553313 0.469656 0.017755 0.024281
3 0.560825 0.495151 0.027316 0.036421
3 0.793691 0.634764 0.260865 0.252518
1 0.451562 0.472084 0.051900 0.072842
2 0.330007 0.279053 0.013658 0.026709
2 0.709695 0.219566 0.016389 0.029137
4 0.530095 0.344611 0.034145 0.021853
4 0.595652 0.344611 0.036876 0.021853
4 0.490487 0.423523 0.017755 0.019424
4 0.517120 0.383460 0.068289 0.060701
4 0.582677 0.382246 0.071021 0.063130
3 0.476829 0.475726 0.012292 0.031565
