9 0.360746 0.346684 0.005166 0.026020
9 0.496349 0.379592 0.005166 0.026020
9 0.356298 0.345919 0.004305 0.021429
9 0.492188 0.381123 0.003444 0.024490
9 0.372082 0.436990 0.006027 0.013776
9 0.393176 0.442347 0.006888 0.012245
2 0.587354 0.498521 0.091263 0.081122
2 0.391913 0.493929 0.010332 0.016837
2 0.805927 0.567347 0.383874 0.402041
2 0.523244 0.531123 0.117092 0.119388
2 0.423228 0.512755 0.060268 0.097959
2 0.231416 0.502806 0.074904 0.044388
2 0.916072 0.721932 0.165306 0.247959
2 0.037777 0.459918 0.073642 0.161524
2 0.168803 0.501575 0.109985 0.088413
