2 0.328997 0.292258 0.005850 0.022881
2 0.270493 0.365062 0.010531 0.014561
2 0.495732 0.380663 0.009361 0.016641
2 0.452439 0.324499 0.007020 0.024962
2 0.248262 0.351541 0.010531 0.016641
2 0.278099 0.346341 0.004680 0.018721
9 0.065146 0.388983 0.018721 0.062404
9 0.092058 0.399384 0.025742 0.099846
9 0.278684 0.403544 0.008190 0.041602
9 0.316126 0.399384 0.008190 0.024961
4 0.794100 0.219453 0.037442 0.101926
3 0.265949 0.402045 0.045905 0.030284
1 0.363514 0.370262 0.044463 0.033282
3 0.422603 0.378583 0.097116 0.016641
3 0.415582 0.626118 0.338150 0.478429
3 0.531419 0.408745 0.012871 0.039522
