9 0.570140 0.390562 0.012995 0.038984
9 0.690341 0.363128 0.016243 0.056310
9 0.614404 0.466364 0.008934 0.017326
9 0.578262 0.472139 0.008122 0.014439
9 0.315933 0.329920 0.012995 0.047647
9 0.184768 0.395615 0.015431 0.046203
9 0.458062 0.447594 0.014619 0.028877
9 0.475929 0.443262 0.009746 0.031765
9 0.494203 0.488021 0.007309 0.023102
9 0.484863 0.488021 0.009746 0.020214
9 0.024365 0.535669 0.008122 0.025989
2 0.551055 0.580428 0.124261 0.173262
2 0.731355 0.534225 0.174616 0.236791
2 0.132789 0.582594 0.246086 0.229572
2 0.871860 0.524118 0.164870 0.155936
2 0.640393 0.538556 0.041420 0.083743
2 0.615216 0.537834 0.020304 0.047647
2 0.472274 0.540000 0.039796 0.043316
