4 0.374045 0.324499 0.065524 0.149769
9 0.105514 0.527312 0.043293 0.147689
9 0.268738 0.539792 0.021061 0.089445
9 0.408562 0.542913 0.012871 0.049923
9 0.441324 0.538752 0.015211 0.045763
3 0.647256 0.697882 0.253905 0.409785
3 0.911107 0.640678 0.175511 0.232974
3 0.835052 0.605316 0.084245 0.141448
3 0.756658 0.588675 0.030422 0.087365
3 0.649596 0.551233 0.050313 0.045763
9 0.505678 0.550193 0.008190 0.043683
3 0.511528 0.543953 0.029252 0.043683
3 0.522058 0.538752 0.010531 0.033282
3 0.524984 0.536672 0.018721 0.033282
3 0.527324 0.532512 0.025742 0.033282
3 0.539025 0.521071 0.030422 0.039522
7 0.564766 0.511711 0.016381 0.024961
4 0.595188 0.464908 0.028082 0.068644
4 0.588752 0.350501 0.026912 0.039522
4 0.830372 0.456587 0.049143 0.022881
4 0.859039 0.515871 0.022231 0.037442
4 0.867814 0.497150 0.018721 0.020801
4 0.330167 0.410825 0.029252 0.031202
2 0.327242 0.450347 0.018721 0.018721
2 0.496317 0.492990 0.012871 0.020801
2 0.524399 0.373382 0.005850 0.039522
2 0.499242 0.366102 0.011701 0.041602
2 0.778304 0.434746 0.010531 0.037442
2 0.793515 0.437866 0.010531 0.035362
4 0.465895 0.440986 0.012871 0.016641
4 0.444249 0.359862 0.070204 0.029122
2 0.608059 0.420185 0.009361 0.016641
2 0.506263 0.432666 0.007020 0.029122
2 0.786494 0.439946 0.010531 0.039522
2 0.513868 0.367142 0.015211 0.043683
9 0.478766 0.525231 0.008190 0.035362
4 0.537269 0.473228 0.019891 0.014561
2 0.556576 0.471148 0.004680 0.027042
