9 0.399184 0.261682 0.045816 0.031194
9 0.442563 0.493903 0.015597 0.010398
9 0.368477 0.494769 0.015597 0.012131
9 0.090657 0.512099 0.019496 0.036393
9 0.475219 0.448845 0.006824 0.034660
9 0.485942 0.445379 0.006824 0.031194
9 0.509337 0.502568 0.006824 0.027728
9 0.579036 0.482638 0.007798 0.029461
9 0.762787 0.492170 0.022421 0.020796
2 0.149633 0.642940 0.127700 0.128241
2 0.395772 0.649005 0.183264 0.296342
2 0.806326 0.697529 0.386343 0.455777
9 0.580498 0.551958 0.012673 0.015597
9 0.123313 0.395989 0.012673 0.057189
2 0.311973 0.607265 0.017139 0.067969
