3 0.034430 0.531329 0.043994 0.040806
3 0.091814 0.532179 0.038256 0.028904
3 0.172629 0.522828 0.018171 0.020403
3 0.322782 0.526228 0.029648 0.051008
1 0.395149 0.464736 0.123375 0.309446
6 0.268268 0.576669 0.033474 0.096914
0 0.269703 0.541814 0.043994 0.125819
4 0.035865 0.501575 0.025823 0.035705
4 0.163065 0.390208 0.021997 0.034005
4 0.159717 0.419112 0.021041 0.017003
4 0.610656 0.279692 0.033474 0.051008
4 0.611613 0.334100 0.029648 0.054408
4 0.614004 0.376606 0.034430 0.023804
4 0.169064 0.063803 0.023910 0.035705
2 0.170716 0.136587 0.029648 0.108816
2 0.051167 0.406927 0.025823 0.040806
2 0.558214 0.399843 0.017215 0.052708
2 0.584037 0.294710 0.019128 0.047607
