2 0.660849 0.266669 0.018798 0.077714
2 0.215074 0.466875 0.013184 0.018750
2 0.269786 0.464531 0.014502 0.018750
2 0.303404 0.464531 0.013184 0.018750
2 0.846567 0.330937 0.010547 0.060937
2 0.845558 0.419815 0.019076 0.033182
4 0.338999 0.417656 0.060644 0.075000
4 0.275718 0.417656 0.063281 0.075000
4 0.807017 0.341484 0.076465 0.175781
4 0.727915 0.439922 0.026367 0.039844
4 0.588828 0.428203 0.032959 0.035156
4 0.586192 0.354375 0.059326 0.107812
3 0.118174 0.547734 0.019775 0.039844
3 0.135972 0.530156 0.018457 0.023437
3 0.092466 0.543046 0.023730 0.035156
3 0.646177 0.562968 0.073828 0.103125
3 0.773399 0.566484 0.201709 0.175781
3 0.713413 0.507890 0.026367 0.044531
3 0.211018 0.552505 0.036753 0.038938
3 0.170068 0.562332 0.034277 0.044531
1 0.230391 0.577694 0.086368 0.098692
3 0.055552 0.558281 0.021094 0.032812
3 0.437876 0.673125 0.419238 0.445312
3 0.928306 0.523125 0.142383 0.145312
3 0.932920 0.606328 0.133154 0.171094
7 0.661997 0.491484 0.076465 0.128906
