4 0.051258 0.212270 0.070942 0.115461
4 0.112208 0.252237 0.046961 0.053289
4 0.181650 0.260230 0.041965 0.047961
4 0.120201 0.174079 0.022981 0.085263
4 0.301552 0.297533 0.013988 0.012434
4 0.301052 0.314408 0.014988 0.017763
4 0.357506 0.312632 0.019984 0.021316
4 0.313042 0.235362 0.016986 0.037303
4 0.349512 0.226480 0.043964 0.047961
4 0.384484 0.230921 0.023980 0.056842
4 0.384484 0.262895 0.023980 0.014211
4 0.413460 0.222928 0.019984 0.037303
4 0.430446 0.227368 0.017985 0.035526
4 0.566334 0.226480 0.027977 0.083487
4 0.539856 0.220263 0.020983 0.039079
4 0.520871 0.263783 0.028976 0.037303
4 0.752181 0.065724 0.049959 0.124342
7 0.235606 0.321513 0.045962 0.039079
3 0.222117 0.339276 0.014988 0.024868
3 0.243599 0.342829 0.021982 0.046184
3 0.370495 0.326842 0.013988 0.035526
3 0.381986 0.327730 0.026978 0.040855
3 0.413460 0.328618 0.045962 0.060395
3 0.601805 0.274441 0.030975 0.023092
3 0.870084 0.251349 0.043964 0.026645
3 0.925039 0.333059 0.047961 0.033750
3 0.817127 0.317961 0.067944 0.017763
3 0.971500 0.319737 0.056953 0.049737
3 0.328530 0.337500 0.031974 0.049737
3 0.432444 0.378355 0.087928 0.124342
3 0.265581 0.363257 0.063947 0.079934
3 0.183649 0.394342 0.113906 0.127895
2 0.044763 0.126118 0.019984 0.031974
4 0.677979 0.226155 0.092607 0.098781
3 0.548329 0.337067 0.010723 0.019063
