2 0.019009 0.503434 0.038018 0.233954
2 0.169129 0.489570 0.285619 0.279012
2 0.412831 0.555424 0.244677 0.334467
2 0.308527 0.442779 0.073111 0.084917
2 0.559540 0.451444 0.019496 0.043325
2 0.574649 0.458376 0.012673 0.050257
2 0.592196 0.460109 0.036068 0.060655
2 0.678466 0.512099 0.187163 0.230488
2 0.946538 0.572754 0.103330 0.188896
9 0.570750 0.248684 0.014622 0.050257
9 0.356780 0.271213 0.011698 0.039859
9 0.433302 0.350931 0.006824 0.025995
9 0.483017 0.369127 0.006824 0.017330
9 0.495690 0.402921 0.004874 0.019063
9 0.560027 0.247818 0.008773 0.051990
9 0.776434 0.350064 0.012673 0.027728
2 0.500808 0.418518 0.012673 0.031194
2 0.506656 0.411586 0.010723 0.024262
9 0.285253 0.383424 0.010479 0.016463
9 0.277089 0.383858 0.005849 0.017330
9 0.557346 0.411586 0.006824 0.017330
9 0.124222 0.324105 0.014587 0.030508
