2 0.815439 0.588849 0.369076 0.364145
2 0.137093 0.562071 0.045477 0.051864
2 0.466585 0.536901 0.050625 0.068644
2 0.446420 0.523935 0.024025 0.051864
2 0.429688 0.526986 0.019735 0.045763
2 0.071241 0.574293 0.058951 0.057928
2 0.260652 0.555969 0.030032 0.033559
2 0.299694 0.544528 0.027458 0.044237
2 0.374773 0.570461 0.114121 0.184576
2 0.532654 0.550630 0.105540 0.132712
2 0.579418 0.533088 0.036038 0.085424
2 0.635621 0.526223 0.076367 0.096102
2 0.772051 0.479698 0.167320 0.152542
9 0.428830 0.459105 0.006006 0.016780
