4 0.099220 0.449847 0.054175 0.091415
4 0.256237 0.565748 0.011937 0.035913
2 0.759426 0.172338 0.039484 0.078356
2 0.089119 0.303747 0.028465 0.053869
4 0.471117 0.563880 0.006428 0.013059
4 0.472035 0.581836 0.008264 0.016324
3 0.468978 0.603037 0.032917 0.041084
3 0.442280 0.609704 0.031220 0.040810
3 0.417029 0.615417 0.026629 0.042443
3 0.393155 0.610792 0.021119 0.035369
3 0.361935 0.620042 0.044993 0.050605
3 0.296282 0.636366 0.036729 0.040810
3 0.259553 0.642896 0.055094 0.047340
3 0.196042 0.653507 0.048666 0.068561
3 0.088303 0.668198 0.175994 0.137122
1 0.748023 0.548652 0.074377 0.210580
7 0.598226 0.497068 0.231394 0.491354
