3 0.207926 0.546104 0.036239 0.039534
3 0.406829 0.554889 0.027179 0.062961
3 0.284934 0.560014 0.065066 0.064425
3 0.500310 0.579781 0.100481 0.130314
3 0.710332 0.699846 0.304738 0.420228
3 0.352059 0.585637 0.110365 0.124458
9 0.525842 0.592958 0.044475 0.118601
9 0.806695 0.530730 0.028003 0.073210
9 0.843346 0.560746 0.033768 0.139100
9 0.886174 0.529265 0.033768 0.111280
9 0.905117 0.592226 0.055182 0.325054
9 0.971419 0.590030 0.049417 0.106887
4 0.439774 0.319884 0.065066 0.046855
4 0.007375 0.417253 0.014001 0.054176
4 0.005953 0.459715 0.011905 0.016106
4 0.123917 0.494856 0.011531 0.024892
4 0.618911 0.409932 0.077420 0.045390
4 0.640736 0.454591 0.042004 0.046855
4 0.500164 0.440101 0.035416 0.052711
4 0.502635 0.489884 0.025532 0.020499
9 0.438805 0.552113 0.011531 0.062961
9 0.425627 0.546256 0.013178 0.065889
9 0.456943 0.546149 0.011531 0.049783
