9 0.147133 0.460908 0.031199 0.029951
9 0.133717 0.408217 0.013103 0.022186
9 0.139957 0.237387 0.014351 0.062120
9 0.399842 0.291187 0.009984 0.049918
9 0.949874 0.193016 0.051790 0.090961
9 0.603257 0.420974 0.012479 0.021076
9 0.677510 0.432066 0.011232 0.018858
9 0.155447 0.238417 0.016847 0.063229
9 0.130488 0.248955 0.023087 0.073213
9 0.232508 0.420657 0.012479 0.041044
9 0.283362 0.315275 0.013103 0.047699
9 0.589108 0.426758 0.020591 0.026623
9 0.918566 0.211953 0.023087 0.065448
9 0.912950 0.077729 0.041806 0.147535
2 0.345837 0.544104 0.042430 0.066557
2 0.458464 0.531347 0.008112 0.021076
2 0.444737 0.530793 0.015599 0.037716
2 0.377971 0.541886 0.014351 0.019967
2 0.203259 0.534121 0.044302 0.051027
2 0.067857 0.551869 0.077997 0.124240
2 0.301177 0.556121 0.108571 0.097617
2 0.479322 0.533936 0.038062 0.057683
2 0.904975 0.476808 0.189688 0.143098
7 0.410165 0.501766 0.056158 0.126458
