3 0.470621 0.235399 0.019357 0.023824
3 0.457965 0.245988 0.011912 0.034412
3 0.435631 0.244664 0.050625 0.079412
3 0.476577 0.260546 0.031268 0.042353
3 0.498912 0.260546 0.037224 0.090000
3 0.582294 0.224811 0.034246 0.023824
3 0.591973 0.272458 0.041691 0.087353
3 0.614307 0.260546 0.026801 0.058235
3 0.705879 0.304223 0.061048 0.097941
3 0.733425 0.302899 0.056581 0.121765
3 0.257698 0.298929 0.087849 0.082059
7 0.370116 0.214223 0.062537 0.045000
7 0.402873 0.205147 0.050625 0.045000
9 0.194417 0.246555 0.011912 0.037059
9 0.175061 0.252605 0.011912 0.037059
9 0.183250 0.257899 0.010423 0.042353
9 0.227175 0.248635 0.017868 0.045000
9 0.259187 0.243340 0.013401 0.029118
9 0.277055 0.240693 0.010423 0.034412
9 0.030630 0.287017 0.026801 0.079412
9 0.080511 0.288341 0.022335 0.092647
9 0.304601 0.257521 0.017868 0.037059
9 0.636642 0.271702 0.017868 0.050294
9 0.661954 0.246177 0.008934 0.026471
9 0.671633 0.248824 0.013401 0.031765
9 0.687267 0.251471 0.017868 0.047647
3 0.160171 0.271324 0.107206 0.066177
3 0.058176 0.269811 0.061048 0.050294
3 0.165382 0.318782 0.132518 0.127059
3 0.355971 0.314811 0.144430 0.182647
3 0.542092 0.278698 0.078915 0.132353
1 0.876189 0.227080 0.246815 0.330883
3 0.907635 0.382311 0.184632 0.285883
2 0.358949 0.081113 0.016379 0.045000
2 0.622496 0.121198 0.013401 0.034412
2 0.457221 0.187374 0.010423 0.023824
2 0.372349 0.084139 0.016379 0.045000
2 0.768416 0.191723 0.025313 0.037059
2 0.197395 0.186429 0.026801 0.026471
4 0.760226 0.103614 0.026801 0.052941
4 0.757248 0.162038 0.029779 0.018529
4 0.772138 0.139538 0.026801 0.015882
4 0.661954 0.169979 0.020846 0.013235
2 0.667166 0.206849 0.019357 0.026471
4 0.315024 0.146723 0.020846 0.021176
