2 0.083195 0.586772 0.166390 0.225354
2 0.233956 0.510236 0.039464 0.093543
2 0.302121 0.521929 0.144700 0.180709
2 0.370883 0.463465 0.028701 0.034016
2 0.382244 0.474095 0.041855 0.046772
2 0.415728 0.459213 0.027505 0.034016
7 0.428883 0.446457 0.017938 0.042520
2 0.443831 0.453898 0.011959 0.023386
2 0.499439 0.444331 0.017938 0.025512
2 0.523954 0.446457 0.028701 0.051024
2 0.556840 0.444331 0.053814 0.089291
2 0.583747 0.427323 0.016742 0.038268
2 0.605273 0.434764 0.035876 0.061654
2 0.669252 0.484725 0.159050 0.182835
2 0.721272 0.402874 0.124370 0.197717
2 0.859394 0.396496 0.070556 0.057402
2 0.980177 0.368858 0.034680 0.053150
2 0.988548 0.389055 0.020330 0.042520
