2 0.180983 0.365062 0.007020 0.027042
2 0.244167 0.370262 0.009361 0.024961
4 0.230711 0.380663 0.008190 0.029122
4 0.470575 0.333860 0.008190 0.027042
4 0.475841 0.355701 0.009361 0.020801
4 0.465310 0.353621 0.009361 0.016641
2 0.104928 0.431626 0.009361 0.022881
2 0.088547 0.438906 0.009361 0.016641
4 0.471160 0.433706 0.007020 0.027042
4 0.360004 0.410825 0.009361 0.010401
3 0.191514 0.471148 0.009361 0.022881
3 0.182153 0.473228 0.009361 0.022881
3 0.203799 0.470108 0.015211 0.024961
3 0.217840 0.469068 0.012871 0.022881
3 0.228956 0.465948 0.018721 0.029122
3 0.248847 0.464908 0.025742 0.035362
3 0.277514 0.468028 0.022231 0.029122
3 0.289215 0.469068 0.015211 0.027042
3 0.346548 0.463868 0.017551 0.045763
3 0.367609 0.468028 0.038612 0.054083
3 0.386915 0.468028 0.037442 0.054083
3 0.178058 0.478429 0.015211 0.054083
3 0.153486 0.478429 0.047973 0.074884
3 0.134180 0.490909 0.056163 0.074884
3 0.417337 0.470108 0.044463 0.049923
3 0.315541 0.470108 0.051483 0.058243
9 0.512698 0.453467 0.012871 0.029122
9 0.500412 0.455547 0.009361 0.029122
9 0.492807 0.455547 0.008190 0.024961
3 0.079187 0.473228 0.023401 0.031202
9 0.751392 0.443067 0.015211 0.083205
