3 0.168021 0.542115 0.088944 0.102015
3 0.208667 0.505560 0.068860 0.076511
3 0.282788 0.497908 0.044950 0.061209
3 0.322478 0.484306 0.028692 0.037406
3 0.343519 0.480906 0.015302 0.030605
4 0.211537 0.419697 0.021041 0.037406
4 0.450156 0.422247 0.020084 0.032305
3 0.394207 0.476655 0.015302 0.025504
3 0.402815 0.478355 0.019128 0.032305
3 0.417161 0.496208 0.040168 0.068010
3 0.449678 0.508960 0.053558 0.090113
3 0.479326 0.530213 0.087988 0.119018
3 0.358821 0.472405 0.013389 0.020403
4 0.152718 0.380591 0.020084 0.034005
4 0.150806 0.343185 0.020084 0.034005
4 0.597441 0.273475 0.029648 0.017003
4 0.840364 0.234369 0.046863 0.020403
3 0.973854 0.508054 0.046052 0.041327
4 0.426725 0.436699 0.011477 0.027204
2 0.422421 0.355937 0.014346 0.032305
2 0.398033 0.377190 0.011477 0.030605
3 0.407119 0.452852 0.016259 0.018703
4 0.839876 0.305816 0.024968 0.088776
