2 0.407109 0.341250 0.010547 0.030000
2 0.487793 0.334687 0.009492 0.020625
2 0.560039 0.325312 0.008437 0.024375
2 0.401308 0.354375 0.009492 0.018750
2 0.466699 0.333750 0.007383 0.018750
4 0.699785 0.275625 0.024258 0.048750
4 0.699258 0.312187 0.014766 0.028125
4 0.580078 0.320625 0.018984 0.015000
4 0.396562 0.319687 0.021094 0.016875
2 0.427148 0.318750 0.010547 0.018750
2 0.379160 0.352500 0.011602 0.018750
3 0.579168 0.402562 0.018984 0.054375
3 0.606063 0.409125 0.034805 0.045000
3 0.645614 0.416625 0.050625 0.060000
3 0.675672 0.397875 0.013711 0.022500
3 0.463153 0.381000 0.018984 0.026250
3 0.440477 0.380062 0.024258 0.031875
3 0.357684 0.396000 0.056953 0.075000
3 0.284911 0.388500 0.101250 0.120000
3 0.532617 0.412500 0.088594 0.157500
3 0.167168 0.390000 0.152930 0.131250
3 0.787496 0.457579 0.210222 0.215085
