9 0.388907 0.216097 0.012292 0.036421
9 0.618358 0.220953 0.009560 0.036421
9 0.231159 0.265873 0.010926 0.019424
9 0.067265 0.206385 0.010926 0.021853
9 0.412125 0.305935 0.009560 0.021853
9 0.700988 0.321718 0.013658 0.019424
9 0.219550 0.290153 0.009560 0.019424
9 0.049510 0.244020 0.013658 0.029137
9 0.685282 0.324146 0.009560 0.024281
2 0.383649 0.379991 0.025950 0.080126
2 0.570078 0.370279 0.024584 0.050989
2 0.475156 0.410342 0.176186 0.267087
2 0.729192 0.409128 0.080581 0.099550
2 0.892403 0.438265 0.136578 0.138399
2 0.964107 0.457689 0.069655 0.123831
2 0.131457 0.381205 0.150236 0.196673
2 0.031754 0.412770 0.062826 0.172392
9 0.604601 0.218525 0.010926 0.053417
