3 0.474375 0.281101 0.016059 0.028550
3 0.489287 0.280082 0.027530 0.055060
3 0.515670 0.288239 0.041295 0.055060
3 0.519111 0.296396 0.036707 0.046903
3 0.550083 0.296396 0.066531 0.075453
3 0.570730 0.310671 0.059649 0.079532
3 0.606290 0.318828 0.073414 0.083610
3 0.646439 0.325965 0.080296 0.122356
3 0.704367 0.344319 0.134210 0.138671
3 0.391784 0.283141 0.018353 0.024471
3 0.383181 0.283141 0.021795 0.032628
3 0.378019 0.287219 0.020648 0.036707
3 0.332135 0.281101 0.016059 0.024471
3 0.323532 0.299455 0.030971 0.053021
3 0.294855 0.296396 0.047031 0.071375
3 0.279369 0.305573 0.043589 0.065257
3 0.243809 0.299455 0.057355 0.101964
3 0.192764 0.310671 0.092914 0.116239
3 0.089525 0.341260 0.152563 0.132553
3 0.021534 0.352476 0.043068 0.175378
9 0.144012 0.272944 0.016059 0.044864
3 0.353930 0.292317 0.039001 0.067296
3 0.407270 0.292317 0.030971 0.046903
3 0.447418 0.296396 0.035560 0.042825
3 0.859224 0.385104 0.230566 0.236556
3 0.987125 0.452400 0.022942 0.228399
2 0.564995 0.103684 0.013765 0.032628
4 0.504773 0.196471 0.010324 0.034668
4 0.348195 0.081252 0.039001 0.024471
4 0.339018 0.104704 0.018353 0.026511
