2 0.367779 0.338745 0.007005 0.019926
2 0.416115 0.341236 0.008406 0.019926
2 0.446238 0.346218 0.012610 0.014945
4 0.460249 0.349954 0.009807 0.022417
4 0.515591 0.343727 0.011208 0.014945
4 0.449741 0.363653 0.011208 0.014945
3 0.390196 0.364899 0.012610 0.017435
3 0.404907 0.367389 0.011208 0.017435
3 0.378987 0.377353 0.012610 0.022417
3 0.367078 0.381089 0.014011 0.024908
3 0.429425 0.369880 0.015412 0.017435
3 0.455345 0.383579 0.019615 0.029889
3 0.465853 0.392297 0.015412 0.032380
3 0.474960 0.388561 0.016813 0.029889
3 0.491773 0.398524 0.044834 0.054797
3 0.348164 0.378598 0.012610 0.024908
3 0.346062 0.383579 0.014011 0.019926
3 0.332052 0.384825 0.014011 0.022417
3 0.294223 0.386070 0.014011 0.029889
3 0.304731 0.387316 0.015412 0.022417
3 0.267603 0.391052 0.016813 0.029889
1 0.274608 0.378598 0.022417 0.044834
3 0.308934 0.378598 0.021016 0.039852
3 0.531002 0.380466 0.033625 0.017435
3 0.596852 0.419073 0.056042 0.084686
3 0.522596 0.417828 0.058845 0.062269
3 0.407709 0.432772 0.084064 0.122048
3 0.568831 0.431527 0.086866 0.089668
3 0.219266 0.415337 0.099475 0.117066
3 0.109983 0.411601 0.113486 0.109594
3 0.760076 0.447717 0.158320 0.161900
3 0.900742 0.509613 0.197550 0.234133
9 0.832090 0.474493 0.051839 0.236624
2 0.565188 0.326292 0.014011 0.014945
