4 0.104792 0.410719 0.028269 0.013864
4 0.103330 0.429782 0.015597 0.020796
4 0.281719 0.412452 0.019496 0.024262
4 0.282207 0.468774 0.016572 0.012131
4 0.641911 0.403787 0.014622 0.024262
4 0.617053 0.409853 0.037043 0.032927
4 0.642398 0.441046 0.019496 0.012131
2 0.745728 0.316271 0.013647 0.043325
2 0.773023 0.421117 0.015597 0.024262
2 0.654096 0.485238 0.009748 0.017330
2 0.570750 0.395989 0.006824 0.029461
2 0.562464 0.397722 0.005849 0.029461
2 0.386999 0.407253 0.007798 0.024262
2 0.271971 0.500835 0.011698 0.017330
9 0.187163 0.571887 0.019496 0.093582
9 0.671643 0.557157 0.019496 0.102247
9 0.703811 0.549358 0.021446 0.107445
9 0.624364 0.546759 0.012673 0.060655
9 0.140372 0.565822 0.019496 0.084917
9 0.234929 0.556290 0.009748 0.058922
9 0.249063 0.554557 0.010723 0.058922
9 0.256862 0.562356 0.012673 0.057189
9 0.745241 0.524230 0.010723 0.036393
9 0.730131 0.543293 0.013647 0.060655
9 0.719408 0.539827 0.009748 0.050257
1 0.069699 0.538960 0.139398 0.225289
1 0.873915 0.600482 0.248576 0.403787
3 0.369606 0.551958 0.073778 0.084917
3 0.431840 0.549358 0.040942 0.055456
3 0.558077 0.544159 0.047766 0.069320
3 0.489541 0.538709 0.056164 0.097550
3 0.522984 0.548492 0.020471 0.046791
7 0.361654 0.508633 0.056539 0.039859
1 0.402108 0.523364 0.024370 0.058922
1 0.421117 0.507767 0.011698 0.031194
