4 0.820859 0.305156 0.019775 0.056250
9 0.980381 0.459843 0.019775 0.126562
9 0.986313 0.461015 0.026367 0.119531
0 0.891392 0.482109 0.047461 0.124219
6 0.897324 0.516093 0.075146 0.140625
3 0.364048 0.429375 0.023730 0.046875
3 0.349546 0.435234 0.029004 0.058594
9 0.231553 0.410625 0.014502 0.042187
9 0.212437 0.404765 0.015820 0.044531
3 0.420078 0.404765 0.011865 0.025781
3 0.408213 0.416484 0.022412 0.044531
3 0.494566 0.424687 0.026367 0.037500
3 0.575645 0.424687 0.048779 0.075000
3 0.855796 0.464531 0.155566 0.150000
1 0.485337 0.397734 0.036914 0.072656
1 0.447105 0.382500 0.036914 0.032812
1 0.542027 0.391875 0.050098 0.032812
3 0.553233 0.421172 0.019775 0.035156
1 0.667271 0.341484 0.073828 0.035156
1 0.290220 0.402422 0.092285 0.161719
3 0.520933 0.432890 0.050098 0.082031
3 0.446446 0.444609 0.064600 0.110156
3 0.162999 0.459843 0.151611 0.168750
1 0.678477 0.490312 0.217529 0.285937
