4 0.192830 0.287297 0.030830 0.054697
4 0.360191 0.371727 0.010723 0.036393
4 0.591221 0.356996 0.014622 0.027728
4 0.634113 0.337933 0.010723 0.041592
4 0.746703 0.252150 0.038992 0.015597
3 0.542968 0.407253 0.009748 0.013864
3 0.549304 0.406387 0.010723 0.025995
3 0.556615 0.411586 0.011698 0.039859
3 0.569288 0.407253 0.021446 0.045058
3 0.592683 0.417651 0.033143 0.062388
3 0.576599 0.414185 0.016572 0.051990
3 0.458160 0.402921 0.015597 0.029461
3 0.466933 0.402054 0.005849 0.024262
3 0.449386 0.408986 0.017547 0.031194
3 0.434764 0.408986 0.019496 0.034660
3 0.419655 0.409853 0.018521 0.043325
3 0.399184 0.411586 0.024370 0.050257
3 0.335334 0.403787 0.027295 0.038126
3 0.482042 0.404654 0.026320 0.039859
3 0.526396 0.406387 0.017547 0.022529
3 0.638987 0.424583 0.088708 0.097048
3 0.366040 0.420250 0.057514 0.060655
3 0.077010 0.453177 0.154020 0.310206
4 0.193297 0.322087 0.020330 0.010630
