3 0.156885 0.476953 0.026367 0.049219
3 0.208960 0.481640 0.038232 0.058594
3 0.234009 0.483984 0.025049 0.044531
3 0.251147 0.479297 0.022412 0.035156
3 0.017139 0.453515 0.034277 0.053906
3 0.054712 0.475781 0.061963 0.070312
3 0.284765 0.480468 0.007910 0.023437
3 0.293994 0.478125 0.013184 0.023437
3 0.301904 0.476953 0.010547 0.016406
3 0.395639 0.546093 0.011865 0.028125
3 0.404868 0.540234 0.011865 0.016406
1 0.094922 0.434765 0.084375 0.114844
1 0.271582 0.464062 0.034277 0.060937
3 0.093603 0.496875 0.089648 0.093750
3 0.429258 0.549609 0.015820 0.025781
3 0.383115 0.548437 0.021094 0.032812
1 0.446396 0.540234 0.015820 0.039844
3 0.409482 0.546093 0.013184 0.018750
3 0.462085 0.544921 0.014502 0.021094
3 0.013184 0.505078 0.026367 0.105469
3 0.178638 0.485156 0.048779 0.065625
4 0.172705 0.421875 0.026367 0.028125
4 0.218188 0.421875 0.027686 0.032812
4 0.337104 0.447656 0.048779 0.046875
4 0.302168 0.430078 0.029004 0.025781
4 0.316011 0.421875 0.017139 0.014062
4 0.279492 0.363281 0.036914 0.051562
4 0.301245 0.441797 0.019775 0.035156
1 0.214892 0.450000 0.031641 0.037500
9 0.647256 0.563628 0.014355 0.044444
4 0.952382 0.430078 0.026367 0.035156
