9 0.472866 0.446030 0.006018 0.029118
9 0.467908 0.448845 0.003899 0.017330
9 0.543455 0.447112 0.002924 0.017330
9 0.539069 0.445379 0.005849 0.017330
2 0.459866 0.497369 0.013647 0.019063
2 0.407470 0.503434 0.011698 0.019063
2 0.397234 0.502568 0.012673 0.020796
2 0.381637 0.506900 0.014622 0.019063
2 0.368477 0.509500 0.013647 0.017330
2 0.359217 0.509500 0.012673 0.024262
2 0.346057 0.513832 0.013647 0.022529
2 0.328510 0.514699 0.023395 0.027728
2 0.317787 0.519031 0.011698 0.025995
2 0.298779 0.524230 0.016572 0.029461
2 0.281719 0.522497 0.029244 0.025995
2 0.533220 0.492170 0.005849 0.013864
2 0.541993 0.491303 0.013647 0.019063
2 0.524934 0.496502 0.014622 0.019063
2 0.661895 0.490437 0.013647 0.020796
2 0.677004 0.479172 0.010723 0.012131
2 0.674567 0.488704 0.013647 0.017330
2 0.691626 0.485238 0.014622 0.024262
2 0.699912 0.467041 0.013647 0.015597
2 0.706736 0.482638 0.015597 0.029461
2 0.717459 0.482638 0.015597 0.025995
2 0.743291 0.470507 0.028269 0.019063
2 0.744753 0.486104 0.027295 0.025995
2 0.769611 0.497369 0.028269 0.006932
2 0.793006 0.476573 0.032169 0.048524
2 0.833948 0.479172 0.039967 0.039859
2 0.888440 0.479172 0.064337 0.057189
2 0.950340 0.484371 0.014622 0.053723
2 0.977635 0.476573 0.043866 0.065854
2 0.263686 0.530295 0.016572 0.020796
2 0.062875 0.535494 0.026320 0.027728
2 0.040455 0.540693 0.034118 0.051990
2 0.012185 0.555424 0.022421 0.074519
2 0.135620 0.585999 0.238828 0.242619
2 0.632407 0.500835 0.048740 0.053723
