2 0.326953 0.316875 0.010547 0.056250
2 0.454570 0.235312 0.010547 0.058125
2 0.612246 0.290625 0.015820 0.063750
2 0.823711 0.239062 0.014766 0.054375
2 0.514160 0.462187 0.007383 0.016875
2 0.531035 0.463125 0.007383 0.015000
2 0.856933 0.342187 0.022148 0.031875
2 0.831621 0.346233 0.017930 0.038783
2 0.858804 0.102533 0.037391 0.040066
3 0.310605 0.538125 0.039023 0.063750
3 0.604863 0.498750 0.013711 0.030000
1 0.715078 0.439687 0.168750 0.245625
3 0.530086 0.496125 0.008437 0.011250
3 0.520594 0.496125 0.008437 0.015000
3 0.436565 0.520044 0.079102 0.103125
3 0.151875 0.638437 0.301641 0.564375
3 0.919160 0.562500 0.159258 0.281250
