2 0.417251 0.519102 0.010810 0.021619
2 0.409820 0.521504 0.009458 0.026423
2 0.395632 0.520303 0.018917 0.033630
2 0.388876 0.523906 0.016214 0.031228
2 0.378742 0.526308 0.017566 0.031228
2 0.362527 0.523906 0.025673 0.036032
2 0.498593 0.498684 0.010810 0.019217
2 0.521564 0.480668 0.029726 0.050445
2 0.460760 0.505890 0.013512 0.019217
2 0.149308 0.565703 0.112150 0.112900
2 0.267403 0.550089 0.063506 0.067260
2 0.348475 0.532073 0.036482 0.040836
2 0.487108 0.509253 0.028375 0.033630
2 0.587773 0.517660 0.205383 0.170552
2 0.665872 0.476824 0.102691 0.213790
9 0.434817 0.465534 0.005405 0.024982
9 0.457787 0.455205 0.002702 0.021619
9 0.460760 0.454244 0.005405 0.021619
9 0.454004 0.457127 0.005405 0.021619
9 0.548723 0.042998 0.015404 0.085996
9 0.582098 0.044199 0.018917 0.088399
9 0.565073 0.039395 0.018917 0.078790
9 0.817612 0.350232 0.025673 0.048043
9 0.540481 0.446317 0.005405 0.024021
9 0.534400 0.445116 0.004054 0.021619
9 0.546426 0.448719 0.005405 0.019217
2 0.451588 0.506810 0.011353 0.029153
9 0.420683 0.472051 0.008830 0.022425
