9 0.573651 0.529347 0.019630 0.029388
2 0.312606 0.640627 0.010332 0.023878
2 0.320354 0.643382 0.011365 0.033061
2 0.326553 0.644300 0.011365 0.027551
2 0.332752 0.644300 0.011365 0.027551
2 0.248550 0.643382 0.022730 0.047755
2 0.219621 0.650729 0.047526 0.066122
2 0.117338 0.670933 0.039260 0.077143
2 0.151432 0.653484 0.035128 0.045918
2 0.901435 0.620423 0.151875 0.090000
2 0.062580 0.673688 0.092985 0.097347
2 0.188109 0.666341 0.058890 0.067959
2 0.284194 0.648892 0.056824 0.084490
2 0.349799 0.644300 0.035128 0.038571
2 0.757825 0.625014 0.147742 0.099184
9 0.702273 0.023158 0.035605 0.046317
9 0.742461 0.016837 0.044770 0.030612
9 0.678014 0.010348 0.021524 0.019898
