9 0.832970 0.303137 0.019579 0.027348
9 0.812692 0.204933 0.018180 0.074586
9 0.788918 0.201204 0.015383 0.067127
2 0.356787 0.421231 0.012586 0.024862
2 0.340006 0.417502 0.015383 0.017403
2 0.323224 0.418745 0.018180 0.024862
2 0.310637 0.421231 0.018180 0.024862
2 0.294555 0.426516 0.027970 0.040404
2 0.253300 0.417502 0.034962 0.057182
2 0.221135 0.428690 0.048947 0.054696
2 0.482651 0.418745 0.012586 0.029834
2 0.492440 0.421231 0.015383 0.029834
2 0.504327 0.417502 0.019579 0.037293
2 0.549089 0.437134 0.016761 0.056668
2 0.578447 0.436148 0.050345 0.064641
2 0.423215 0.424961 0.114675 0.201381
2 0.683333 0.426204 0.111878 0.134254
