9 0.504528 0.174796 0.014464 0.067959
9 0.514515 0.175408 0.010332 0.064286
9 0.489719 0.176326 0.014464 0.069796
9 0.684987 0.430714 0.020663 0.027551
9 0.672589 0.431633 0.012398 0.033061
9 0.118026 0.429796 0.019630 0.040408
2 0.513224 0.523928 0.012398 0.025714
2 0.524589 0.536786 0.016531 0.040408
2 0.537503 0.539541 0.029962 0.056939
2 0.228882 0.550714 0.051241 0.107143
2 0.384410 0.534883 0.029962 0.031224
2 0.289876 0.556006 0.134311 0.168980
2 0.466975 0.565714 0.112438 0.157959
2 0.568136 0.540918 0.071288 0.104694
2 0.975995 0.554388 0.045459 0.097347
2 0.978061 0.730102 0.041327 0.281020
2 0.411125 0.530160 0.017564 0.027551
