2 0.645364 0.548788 0.042071 0.069183
2 0.479711 0.533235 0.038915 0.089070
2 0.299122 0.564682 0.167441 0.086011
2 0.140411 0.534765 0.165127 0.093490
9 0.412963 0.409488 0.019984 0.033657
9 0.516036 0.483345 0.007362 0.020568
9 0.853653 0.383310 0.015776 0.059834
9 0.595444 0.217126 0.016828 0.086467
9 0.610247 0.217833 0.008569 0.069183
9 0.578018 0.218300 0.015921 0.086946
9 0.839501 0.379342 0.008414 0.046745
9 0.943585 0.314662 0.037864 0.074792
2 0.561643 0.646018 0.198784 0.295430
9 0.485555 0.482063 0.008534 0.013516
9 0.333831 0.493068 0.004207 0.016828
