3 0.027537 0.728061 0.054692 0.201939
3 0.095902 0.587061 0.035760 0.050485
3 0.038581 0.692705 0.072572 0.127147
3 0.126403 0.719817 0.100970 0.110319
3 0.183199 0.698314 0.061002 0.097230
3 0.225269 0.700184 0.029449 0.059834
3 0.241046 0.682421 0.054692 0.076662
3 0.289427 0.686161 0.031553 0.043006
3 0.311514 0.685226 0.016828 0.037396
3 0.327291 0.687096 0.012621 0.026177
3 0.343593 0.687096 0.013673 0.018698
3 0.863691 0.834810 0.271356 0.321607
4 0.671744 0.531902 0.026294 0.026177
6 0.603379 0.740385 0.091504 0.140236
3 0.546058 0.723557 0.092555 0.121537
3 0.500306 0.707664 0.055744 0.089751
3 0.480323 0.695510 0.049433 0.084141
3 0.453503 0.699249 0.023139 0.050485
3 0.454028 0.665593 0.022087 0.013089
3 0.416691 0.693640 0.056795 0.099100
3 0.378301 0.691770 0.013673 0.013089
2 0.338860 0.631936 0.008414 0.013089
2 0.383560 0.632871 0.005259 0.014958
4 0.222114 0.573972 0.018932 0.013089
