2 0.119188 0.507402 0.193730 0.195591
9 0.595741 0.318189 0.013155 0.021260
9 0.456422 0.335197 0.011959 0.029764
9 0.496484 0.405354 0.008371 0.017008
9 0.525783 0.395788 0.007175 0.023386
9 0.310527 0.303307 0.021526 0.042520
2 0.506051 0.438307 0.017938 0.027638
2 0.526978 0.431929 0.023917 0.023386
2 0.562257 0.446811 0.051422 0.070157
2 0.297970 0.448228 0.034680 0.023386
2 0.345805 0.446811 0.027505 0.023386
2 0.776317 0.467008 0.202101 0.274961
2 0.619060 0.428386 0.026309 0.036142
2 0.546112 0.426260 0.014350 0.019134
2 0.418753 0.440433 0.025113 0.031890
2 0.453433 0.437244 0.020330 0.017008
2 0.479144 0.435118 0.019134 0.017008
2 0.491700 0.432992 0.010763 0.021260
2 0.385866 0.461693 0.038268 0.040394
9 0.207049 0.316772 0.016742 0.038268
2 0.216616 0.464528 0.071752 0.104173
