2 0.071727 0.555108 0.141895 0.256417
2 0.211674 0.503131 0.122404 0.121971
2 0.258063 0.476104 0.088880 0.109497
2 0.302892 0.469173 0.044440 0.087320
2 0.323163 0.460857 0.035084 0.076232
2 0.359806 0.442839 0.031965 0.048511
2 0.376569 0.438681 0.010915 0.034651
2 0.378518 0.434522 0.017932 0.037423
2 0.384755 0.431750 0.011695 0.034651
2 0.484784 0.418583 0.010915 0.022177
2 0.518698 0.434522 0.064711 0.079004
2 0.536630 0.482341 0.086541 0.138604
2 0.673458 0.494122 0.247927 0.392248
2 0.821201 0.575205 0.356298 0.523922
2 0.438784 0.480262 0.115388 0.189887
