9 0.582896 0.281719 0.010547 0.042187
9 0.436558 0.314531 0.010547 0.037500
9 0.573008 0.281719 0.009229 0.046875
9 0.653428 0.333281 0.009229 0.032812
9 0.625742 0.409453 0.011865 0.021094
9 0.783945 0.287578 0.019775 0.044531
9 0.803062 0.404765 0.013184 0.030469
9 0.414146 0.442265 0.013184 0.021094
9 0.174864 0.320390 0.030322 0.044531
2 0.441831 0.464531 0.026367 0.037500
2 0.538072 0.456328 0.010547 0.021094
2 0.551914 0.480937 0.032959 0.070312
2 0.826792 0.548906 0.197754 0.168750
2 0.204527 0.552421 0.276855 0.330469
2 0.593443 0.502031 0.084375 0.121875
2 0.491270 0.491484 0.093603 0.161719
2 0.946103 0.572343 0.106787 0.253125
2 0.087852 0.735234 0.175342 0.372656
2 0.960605 0.804374 0.077783 0.257812
9 0.374814 0.398068 0.010723 0.015597
