3 0.459329 0.370687 0.021446 0.025995
3 0.371597 0.376752 0.037043 0.031194
3 0.437884 0.368954 0.019496 0.025995
3 0.419850 0.374153 0.020471 0.025995
3 0.327803 0.379334 0.037188 0.046755
3 0.285814 0.380218 0.048740 0.051990
3 0.617736 0.376926 0.010723 0.022529
3 0.627484 0.379525 0.016572 0.041592
3 0.641894 0.384477 0.042892 0.051990
3 0.763745 0.426935 0.037043 0.084917
3 0.810535 0.447731 0.060438 0.081451
4 0.414903 0.316147 0.011698 0.013864
4 0.404667 0.316147 0.004874 0.017330
2 0.559662 0.324812 0.010723 0.017330
3 0.604990 0.367270 0.017547 0.019063
