4 0.633138 0.356476 0.016572 0.029461
4 0.632650 0.312285 0.029244 0.048524
4 0.554666 0.247298 0.031194 0.036393
4 0.555153 0.301887 0.006824 0.017330
4 0.521522 0.294955 0.015597 0.024262
4 0.508362 0.249897 0.032169 0.034660
4 0.474731 0.247298 0.027295 0.032927
4 0.530783 0.122523 0.090657 0.150770
4 0.425016 0.125988 0.089682 0.154236
4 0.325098 0.131187 0.073111 0.147304
4 0.509825 0.315751 0.009748 0.013864
3 0.316325 0.340879 0.020471 0.022529
3 0.530783 0.351277 0.030219 0.043325
3 0.482530 0.383338 0.050690 0.062388
