9 0.543051 0.597156 0.007198 0.017062
9 0.466874 0.605687 0.005998 0.017062
7 0.504063 0.627014 0.010797 0.021327
2 0.495065 0.644075 0.011996 0.025592
2 0.462675 0.651540 0.009597 0.027725
2 0.452478 0.647274 0.008398 0.019194
2 0.445880 0.652606 0.009597 0.025592
2 0.437483 0.654739 0.007198 0.021327
2 0.430885 0.652606 0.013196 0.025592
2 0.421887 0.648341 0.011996 0.025592
2 0.411690 0.652606 0.010797 0.034123
2 0.393096 0.654739 0.033590 0.038389
2 0.314279 0.652554 0.067899 0.085204
7 0.546650 0.638744 0.016795 0.044787
7 0.568844 0.627014 0.013196 0.025592
2 0.552049 0.649407 0.013196 0.027725
2 0.571243 0.657938 0.022793 0.031991
2 0.595836 0.666469 0.040788 0.070379
2 0.606632 0.676066 0.038389 0.072512
2 0.622228 0.683530 0.033590 0.074645
2 0.672613 0.685663 0.095972 0.134360
2 0.717599 0.719786 0.094772 0.142891
2 0.848960 0.750710 0.235130 0.281516
2 0.931078 0.801895 0.137844 0.392417
2 0.063387 0.721919 0.126775 0.151422
2 0.038001 0.632346 0.047986 0.027725
2 0.509461 0.646208 0.016795 0.029858
2 0.480723 0.654140 0.022412 0.030469
