4 0.193123 0.425063 0.008608 0.010202
4 0.321758 0.448017 0.021041 0.045907
4 0.532642 0.431864 0.021997 0.040806
4 0.532642 0.469270 0.014346 0.027204
4 0.421564 0.473520 0.010520 0.015302
4 0.456131 0.469270 0.006695 0.013602
3 0.108482 0.506432 0.074599 0.078212
3 0.353319 0.522585 0.045907 0.056108
3 0.237117 0.503032 0.035387 0.027204
3 0.026301 0.497688 0.052602 0.098615
3 0.644130 0.512991 0.085119 0.061209
3 0.941568 0.512991 0.048776 0.047607
3 0.719207 0.508740 0.047820 0.045907
4 0.578617 0.385107 0.017215 0.022103
4 0.592531 0.137218 0.067050 0.121971
3 0.276807 0.503882 0.021041 0.022103
