9 0.333067 0.060234 0.014502 0.067969
9 0.606626 0.281719 0.005273 0.018750
9 0.501157 0.282890 0.005273 0.025781
9 0.206504 0.289922 0.022412 0.035156
9 0.355479 0.062578 0.014502 0.077344
2 0.464721 0.351562 0.011865 0.035156
2 0.450879 0.357422 0.021094 0.037500
2 0.478564 0.349219 0.015820 0.030469
2 0.632153 0.355078 0.025049 0.046875
2 0.646655 0.355078 0.025049 0.056250
2 0.724438 0.369140 0.038232 0.060937
2 0.557006 0.331640 0.017139 0.028125
2 0.541845 0.346875 0.018457 0.035156
2 0.502295 0.349219 0.018457 0.025781
2 0.315747 0.375000 0.051416 0.067969
2 0.579419 0.351562 0.011865 0.025781
2 0.671226 0.359062 0.039551 0.070312
2 0.772739 0.378984 0.094922 0.091406
2 0.518296 0.355547 0.023730 0.044531
2 0.594761 0.353203 0.023730 0.049219
2 0.362071 0.418828 0.275537 0.199219
2 0.849204 0.380156 0.058008 0.107812
2 0.521592 0.328594 0.017139 0.018750
2 0.563120 0.354375 0.018457 0.042187
