4 0.952233 0.243479 0.060268 0.035204
4 0.729241 0.441561 0.018941 0.043122
4 0.364190 0.561582 0.008610 0.004592
3 0.989702 0.419418 0.012915 0.055102
3 0.274649 0.596174 0.037883 0.032143
3 0.362899 0.599235 0.028412 0.038265
3 0.441677 0.609949 0.037883 0.050510
3 0.461910 0.613776 0.033578 0.048980
3 0.498071 0.613010 0.055963 0.075000
3 0.529927 0.619133 0.043909 0.084184
3 0.313049 0.586225 0.037883 0.061225
3 0.425836 0.575510 0.013776 0.015306
3 0.158144 0.682606 0.238489 0.194388
3 0.586665 0.623266 0.106760 0.107143
3 0.395960 0.611021 0.049075 0.061225
3 0.330096 0.604898 0.036161 0.039796
3 0.228961 0.576931 0.027274 0.017864
