4 0.863309 0.354562 0.033708 0.016646
4 0.851605 0.326264 0.014045 0.036621
4 0.221914 0.462762 0.009363 0.009988
4 0.201782 0.471917 0.027154 0.011652
2 0.533248 0.301295 0.014045 0.063255
2 0.326784 0.368712 0.009363 0.041615
2 0.209741 0.415321 0.014982 0.031628
2 0.859096 0.421147 0.017791 0.036621
2 0.838964 0.243033 0.026218 0.116523
2 0.543548 0.293804 0.008427 0.054932
2 0.518735 0.248859 0.016854 0.031628
2 0.517330 0.302959 0.012172 0.063255
2 0.829601 0.273829 0.022472 0.098212
2 0.341297 0.377035 0.012172 0.041615
2 0.767802 0.494390 0.011236 0.019975
2 0.752821 0.497719 0.011236 0.019975
4 0.754225 0.459433 0.012172 0.026634
3 0.728476 0.559310 0.020600 0.019975
3 0.697576 0.562639 0.028090 0.036621
3 0.650759 0.558477 0.020600 0.034957
3 0.590365 0.572626 0.010300 0.046609
3 0.580533 0.560974 0.028090 0.036621
3 0.553848 0.565968 0.034645 0.033292
3 0.529503 0.573459 0.019663 0.028298
3 0.779975 0.583446 0.099252 0.201418
3 0.623605 0.565968 0.059926 0.079901
3 0.461618 0.585111 0.127343 0.161467
3 0.025281 0.658354 0.050563 0.261344
3 0.886250 0.587608 0.225659 0.629223
