9 0.578061 0.258216 0.009748 0.038126
9 0.373839 0.279012 0.008773 0.024262
9 0.565876 0.257349 0.010723 0.039859
9 0.380175 0.285077 0.007798 0.025995
9 0.109178 0.240886 0.011698 0.048524
9 0.684803 0.285944 0.008773 0.034660
9 0.746703 0.352664 0.015597 0.022529
2 0.678466 0.419384 0.040942 0.041592
2 0.751089 0.413319 0.065312 0.046791
2 0.580011 0.441046 0.068237 0.095315
2 0.446462 0.409853 0.015597 0.032927
2 0.140372 0.411586 0.107229 0.064121
2 0.040942 0.408120 0.079934 0.064121
2 0.507387 0.459243 0.114053 0.166367
2 0.318275 0.532895 0.314863 0.389923
