4 0.661997 0.418828 0.015820 0.021094
4 0.660679 0.374297 0.034277 0.044531
4 0.787241 0.378984 0.023730 0.039844
4 0.598716 0.424687 0.021094 0.042187
4 0.298130 0.412968 0.026367 0.065625
4 0.102354 0.402422 0.027686 0.044531
3 0.432603 0.496172 0.026367 0.030469
3 0.408872 0.503203 0.029004 0.044531
3 0.524229 0.482109 0.009229 0.021094
3 0.530821 0.487968 0.011865 0.028125
3 0.539390 0.489140 0.015820 0.039844
3 0.559824 0.492656 0.032959 0.056250
3 0.685068 0.532500 0.117334 0.140625
3 0.754282 0.571171 0.142383 0.171094
3 0.219688 0.543046 0.093603 0.138281
3 0.114219 0.592265 0.159521 0.157031
3 0.389097 0.518437 0.034277 0.046875
3 0.500498 0.511406 0.046143 0.070312
3 0.572349 0.513750 0.034277 0.042187
3 0.029095 0.581718 0.058189 0.262500
3 0.885459 0.594609 0.228076 0.400781
4 0.351524 0.445781 0.017139 0.028125
7 0.460288 0.479765 0.034277 0.067969
