9 0.295325 0.440403 0.008398 0.027725
9 0.316918 0.434004 0.005998 0.036256
9 0.369103 0.428673 0.009597 0.012796
9 0.278530 0.435071 0.008398 0.034123
9 0.265934 0.436137 0.009597 0.031991
2 0.358394 0.481990 0.013196 0.021327
2 0.361393 0.502251 0.019194 0.014929
2 0.390784 0.476658 0.013196 0.019194
2 0.335001 0.503317 0.021594 0.021327
2 0.281017 0.506516 0.019194 0.014929
2 0.272619 0.526777 0.019194 0.021327
2 0.264821 0.545971 0.020394 0.025592
2 0.219235 0.585426 0.089973 0.113033
2 0.009372 0.868771 0.018744 0.262322
2 0.108343 0.659766 0.216686 0.236730
2 0.363642 0.722681 0.281916 0.435071
