2 0.365354 0.575154 0.018721 0.033282
2 0.348973 0.577235 0.025742 0.037442
2 0.319137 0.580355 0.047973 0.056163
2 0.272334 0.582435 0.040952 0.056163
2 0.224946 0.587635 0.056163 0.054083
2 0.399286 0.573074 0.014041 0.020801
2 0.509273 0.580355 0.016381 0.027042
7 0.529164 0.576195 0.021061 0.035362
2 0.535600 0.589715 0.015211 0.020801
2 0.546715 0.585555 0.014041 0.024961
2 0.559001 0.590755 0.031592 0.035362
2 0.582987 0.599076 0.025742 0.031202
2 0.597613 0.613637 0.026912 0.043683
2 0.643246 0.611557 0.071374 0.110247
2 0.493477 0.577235 0.019891 0.029122
2 0.470661 0.579315 0.021061 0.033282
2 0.450770 0.575154 0.016381 0.024961
2 0.422688 0.577235 0.032762 0.045763
2 0.129439 0.561634 0.095946 0.133128
2 0.061794 0.621809 0.123589 0.214253
9 0.519072 0.526123 0.009361 0.018721
9 0.416691 0.509482 0.010531 0.018721
9 0.507957 0.559405 0.010531 0.014561
9 0.451793 0.555245 0.008190 0.018721
