9 0.734030 0.265148 0.021446 0.031194
9 0.715996 0.265148 0.016572 0.027728
9 0.380175 0.336200 0.007798 0.020796
9 0.470832 0.324936 0.005849 0.022529
2 0.612179 0.422850 0.083833 0.097048
2 0.580498 0.399455 0.055564 0.081451
2 0.546867 0.408986 0.015597 0.048524
2 0.541506 0.402054 0.030219 0.055456
2 0.520060 0.399455 0.022421 0.060655
2 0.497152 0.402921 0.023395 0.043325
2 0.413319 0.395122 0.035093 0.034660
2 0.346057 0.395989 0.042892 0.029461
2 0.465958 0.397722 0.023395 0.025995
9 0.013160 0.247818 0.016572 0.031194
