4 0.616814 0.333680 0.012895 0.028019
4 0.618963 0.364246 0.014328 0.028019
4 0.479983 0.354057 0.011462 0.022925
4 0.133351 0.309118 0.018626 0.038208
3 0.525474 0.420920 0.018626 0.035660
3 0.638664 0.422194 0.021492 0.017830
3 0.359271 0.413279 0.014328 0.015283
3 0.366435 0.424741 0.017193 0.022925
3 0.387210 0.426015 0.027223 0.025472
3 0.416582 0.412005 0.025790 0.022925
3 0.400821 0.428562 0.014328 0.030566
3 0.749107 0.458066 0.118921 0.140094
3 0.580755 0.424953 0.051580 0.073868
3 0.492264 0.421193 0.063043 0.104434
3 0.321353 0.437349 0.078189 0.084057
3 0.121787 0.444991 0.048715 0.043302
3 0.050676 0.438114 0.101352 0.157925
3 0.876634 0.510708 0.246732 0.354057
3 0.158663 0.441934 0.022925 0.038208
4 0.323433 0.266179 0.017193 0.073868
2 0.444982 0.330768 0.014328 0.030566
2 0.429938 0.356240 0.015761 0.025472
2 0.602588 0.332042 0.011462 0.028019
9 0.197724 0.428434 0.020059 0.071321
2 0.691892 0.354821 0.012895 0.022925
3 0.940540 0.705442 0.118920 0.309706
