4 0.076033 0.350252 0.046863 0.074811
4 0.286918 0.402110 0.022953 0.042506
4 0.111420 0.142821 0.027735 0.057809
4 0.666605 0.472670 0.015302 0.057809
2 0.483456 0.229534 0.006695 0.051008
2 0.574792 0.040806 0.015302 0.074811
2 0.594398 0.236335 0.010520 0.064610
2 0.082250 0.233218 0.028692 0.054975
2 0.035865 0.223016 0.023910 0.065176
2 0.308436 0.371505 0.012433 0.035705
9 0.738335 0.518577 0.019128 0.074811
3 0.963087 0.617192 0.070773 0.302645
3 0.436115 0.499024 0.053558 0.086713
3 0.566184 0.488823 0.019128 0.025504
3 0.574792 0.504975 0.015302 0.047607
3 0.478674 0.477771 0.014346 0.027204
3 0.480109 0.493073 0.017215 0.040806
7 0.521234 0.470120 0.065035 0.117317
3 0.534623 0.516877 0.072686 0.088413
3 0.600614 0.521978 0.065035 0.085013
4 0.148241 0.371505 0.028692 0.039106
3 0.463850 0.469270 0.012433 0.022103
