2 0.771863 0.663824 0.452528 0.464955
2 0.084066 0.518326 0.168132 0.237216
2 0.231795 0.491995 0.114709 0.131533
2 0.291096 0.490140 0.045884 0.090748
2 0.336385 0.480929 0.049899 0.071375
2 0.361621 0.481439 0.015486 0.033648
2 0.373092 0.479230 0.009750 0.032628
2 0.381121 0.481269 0.005162 0.024471
2 0.387717 0.480249 0.006883 0.018353
2 0.403776 0.474641 0.022942 0.027530
2 0.431593 0.476171 0.009750 0.022432
2 0.440770 0.478720 0.006309 0.035687
2 0.449510 0.480963 0.012618 0.021412
2 0.456392 0.462609 0.020648 0.025491
2 0.454671 0.498297 0.022942 0.066276
2 0.477900 0.497787 0.034986 0.099924
2 0.499408 0.510023 0.052766 0.144789
2 0.574543 0.544690 0.176652 0.246752
