4 0.308075 0.597219 0.023133 0.042914
2 0.408654 0.497980 0.011064 0.044702
7 0.110436 0.691987 0.138800 0.103709
3 0.276392 0.664271 0.012070 0.023245
3 0.290473 0.660695 0.016093 0.019669
3 0.305058 0.660695 0.015087 0.019669
3 0.432793 0.660695 0.021122 0.041126
3 0.439834 0.639238 0.015087 0.026821
1 0.471014 0.630298 0.039226 0.080464
3 0.511245 0.641921 0.021122 0.039338
3 0.537899 0.638344 0.020116 0.028609
3 0.570084 0.636556 0.052301 0.060795
3 0.762694 0.601689 0.083481 0.091192
3 0.851707 0.721490 0.293692 0.545364
4 0.666138 0.469371 0.021122 0.041126
4 0.625403 0.468477 0.024139 0.017881
2 0.590703 0.472053 0.013075 0.042914
2 0.709387 0.543576 0.015087 0.032185
2 0.713410 0.581126 0.007041 0.025033
