9 0.666629 0.541957 0.005002 0.019565
9 0.672132 0.543735 0.006003 0.016008
9 0.778685 0.589091 0.009004 0.017787
9 0.507551 0.571304 0.005002 0.017787
9 0.440017 0.614882 0.010005 0.012451
9 0.777184 0.528617 0.008004 0.024901
2 0.531513 0.630278 0.016008 0.034306
2 0.526010 0.643874 0.019009 0.028459
2 0.568531 0.635688 0.022011 0.029873
2 0.591542 0.630534 0.008004 0.019565
2 0.584539 0.637648 0.012006 0.023123
2 0.645619 0.648676 0.039019 0.055138
2 0.699646 0.651344 0.071035 0.085376
7 0.720156 0.623775 0.070035 0.112055
2 0.988848 0.628760 0.020890 0.059397
2 0.955968 0.630822 0.055418 0.058831
2 0.927258 0.636225 0.052026 0.048024
