9 0.389436 0.429782 0.006824 0.038126
9 0.594145 0.414185 0.008773 0.031194
9 0.683340 0.523364 0.009748 0.013864
9 0.495690 0.514699 0.004874 0.017330
9 0.430378 0.512966 0.006824 0.013864
9 0.436714 0.537227 0.003899 0.013864
9 0.583422 0.412452 0.008773 0.027728
2 0.652634 0.609147 0.133549 0.157702
2 0.905109 0.636874 0.188138 0.147304
2 0.589271 0.586618 0.020471 0.032927
2 0.566363 0.578819 0.025345 0.027728
2 0.541018 0.573620 0.017547 0.020796
2 0.522984 0.568421 0.012673 0.020796
2 0.509337 0.569288 0.016572 0.019063
2 0.495690 0.566688 0.012673 0.017330
2 0.467420 0.566688 0.008773 0.017330
2 0.448412 0.564089 0.011698 0.015597
