2 0.143244 0.207316 0.022956 0.081620
4 0.147376 0.284855 0.033056 0.060399
4 0.523849 0.315871 0.009182 0.034281
2 0.619345 0.154262 0.018365 0.073458
2 0.656074 0.259553 0.031220 0.035913
3 0.364843 0.338180 0.011019 0.014692
3 0.394685 0.346342 0.011937 0.008162
3 0.374943 0.349607 0.009182 0.014692
3 0.351529 0.352056 0.026629 0.039178
3 0.303781 0.365931 0.059685 0.093047
3 0.397899 0.392866 0.058767 0.091415
3 0.683621 0.362394 0.037647 0.019589
3 0.574811 0.356681 0.022037 0.011427
3 0.609704 0.355048 0.022037 0.017956
