2 0.062388 0.606547 0.124775 0.121309
2 0.889512 0.611746 0.213483 0.273813
2 0.511287 0.569288 0.043866 0.064121
2 0.453773 0.571887 0.034118 0.055456
2 0.166692 0.595283 0.072136 0.074519
2 0.230055 0.589217 0.050690 0.065854
2 0.272459 0.580552 0.034118 0.065854
2 0.311939 0.577086 0.035093 0.051990
2 0.339721 0.569288 0.028269 0.050257
2 0.747678 0.577086 0.087733 0.176765
2 0.672617 0.583152 0.074085 0.088383
2 0.630701 0.577953 0.038992 0.071053
2 0.608767 0.572754 0.036068 0.057189
2 0.585860 0.574487 0.013647 0.036393
2 0.401621 0.564955 0.027295 0.027728
9 0.554666 0.474840 0.009748 0.027728
9 0.402108 0.454910 0.010723 0.029461
9 0.369452 0.532895 0.009748 0.012131
9 0.608280 0.524230 0.007798 0.015597
