4 0.554595 0.204739 0.032390 0.089573
4 0.525204 0.254858 0.016795 0.019194
2 0.625827 0.088507 0.014396 0.036256
2 0.337400 0.318839 0.009597 0.017062
3 0.355694 0.342298 0.013196 0.023460
3 0.342498 0.342298 0.017995 0.027725
3 0.328103 0.344431 0.013196 0.019194
3 0.320905 0.345497 0.020394 0.025592
3 0.305309 0.348696 0.015595 0.027725
3 0.282516 0.352962 0.017995 0.023460
3 0.255524 0.350829 0.031191 0.049052
3 0.229132 0.382820 0.057583 0.113033
3 0.171549 0.403080 0.100770 0.174881
3 0.071379 0.444668 0.142758 0.386019
3 0.364812 0.344431 0.008398 0.019194
3 0.373209 0.345497 0.008398 0.021327
3 0.380407 0.347630 0.010797 0.021327
3 0.391204 0.349763 0.015595 0.034123
3 0.420595 0.356161 0.047986 0.072512
3 0.455385 0.368957 0.059982 0.081043
3 0.502171 0.387085 0.079176 0.134360
3 0.568151 0.420142 0.131961 0.196208
3 0.747138 0.472180 0.345497 0.336967
