2 0.214349 0.597156 0.016795 0.017062
2 0.231144 0.603554 0.016795 0.029858
2 0.245540 0.601421 0.021594 0.029858
2 0.264734 0.607820 0.026392 0.038389
2 0.286327 0.603554 0.016795 0.034123
2 0.306721 0.604620 0.014396 0.036256
2 0.321117 0.602488 0.021594 0.031990
2 0.334913 0.600355 0.020394 0.027725
2 0.347509 0.601421 0.019194 0.025592
2 0.369703 0.601421 0.022793 0.029858
2 0.388897 0.601421 0.037189 0.029858
2 0.427885 0.597156 0.031191 0.025592
2 0.439882 0.600355 0.033590 0.027725
2 0.483669 0.611019 0.027592 0.061848
2 0.705003 0.608886 0.059982 0.044787
2 0.859157 0.597156 0.051585 0.051185
2 0.984520 0.584360 0.028791 0.051185
