2 0.344410 0.420236 0.026309 0.046772
2 0.567040 0.386221 0.015546 0.021260
2 0.553288 0.398976 0.028701 0.046772
2 0.542525 0.413858 0.043051 0.110551
2 0.593947 0.379843 0.016742 0.029764
2 0.584380 0.381969 0.011959 0.025512
2 0.648957 0.395788 0.033484 0.048898
2 0.612483 0.398976 0.049031 0.072283
2 0.385268 0.431221 0.087298 0.125433
2 0.477948 0.470551 0.141112 0.216850
2 0.169414 0.501378 0.191339 0.184961
2 0.302754 0.431221 0.082515 0.082913
2 0.603115 0.356102 0.007175 0.019134
9 0.581590 0.308268 0.007175 0.017008
9 0.470972 0.311457 0.008371 0.019134
9 0.464395 0.310394 0.007175 0.021260
2 0.766750 0.442205 0.127958 0.110551
