3 0.495231 0.334915 0.014692 0.021221
3 0.480999 0.339813 0.008264 0.017956
3 0.473653 0.341445 0.013773 0.017956
3 0.463093 0.343894 0.016528 0.029383
3 0.562874 0.345254 0.009182 0.016324
3 0.577566 0.351784 0.014692 0.022854
3 0.442652 0.348635 0.028465 0.035913
3 0.296129 0.357987 0.054175 0.037545
3 0.678374 0.380584 0.067031 0.078356
3 0.728907 0.378315 0.042239 0.052237
3 0.754746 0.399688 0.086056 0.098248
3 0.824402 0.418309 0.123043 0.125695
3 0.606687 0.344788 0.018365 0.017956
3 0.024588 0.415419 0.049176 0.199154
4 0.906802 0.234675 0.038566 0.073458
2 0.464842 0.259063 0.008264 0.024486
2 0.594312 0.281100 0.010101 0.019589
4 0.291297 0.252533 0.010101 0.024486
3 0.537688 0.337792 0.011019 0.014692
