2 0.464350 0.428572 0.006888 0.024490
2 0.595217 0.414031 0.006888 0.029082
2 0.618894 0.519133 0.014636 0.016837
2 0.458753 0.425510 0.006027 0.024490
2 0.471237 0.427806 0.008610 0.026020
2 0.585746 0.410204 0.008610 0.036735
2 0.387149 0.492092 0.008610 0.019898
4 0.621764 0.485459 0.011193 0.013776
4 0.609567 0.413265 0.020663 0.030612
9 0.600239 0.558929 0.007749 0.032143
9 0.615163 0.568623 0.007749 0.038265
3 0.643144 0.576276 0.036161 0.068878
3 0.416566 0.541837 0.018080 0.042857
3 0.384710 0.543368 0.040466 0.079592
3 0.377392 0.546429 0.029273 0.076531
3 0.355007 0.551021 0.053380 0.104082
3 0.310236 0.560204 0.080931 0.128571
3 0.222848 0.572449 0.161001 0.177551
3 0.093702 0.605613 0.186830 0.327551
3 0.493910 0.607908 0.185969 0.258674
7 0.824938 0.521553 0.350124 0.598072
