9 0.176238 0.207932 0.014240 0.067511
9 0.205668 0.210464 0.019937 0.059072
9 0.799782 0.027342 0.042722 0.047257
9 0.847725 0.020697 0.039873 0.040294
9 0.191333 0.204557 0.012152 0.064135
2 0.500633 0.536427 0.011392 0.021941
2 0.472152 0.537271 0.011392 0.020253
2 0.517247 0.535583 0.014241 0.023629
2 0.531487 0.544866 0.019937 0.032067
2 0.541930 0.549086 0.016139 0.037131
2 0.550949 0.554993 0.013291 0.045570
2 0.496835 0.536427 0.011392 0.025316
2 0.450791 0.534458 0.012342 0.030380
2 0.455063 0.527707 0.018987 0.043882
2 0.420886 0.546273 0.045570 0.077637
2 0.484782 0.540422 0.014241 0.020253
2 0.052283 0.514261 0.085569 0.062447
9 0.070253 0.412377 0.007595 0.033755
7 0.262975 0.515330 0.362658 0.469198
7 0.595253 0.533052 0.089240 0.140084
7 0.452373 0.511955 0.023734 0.057384
