9 0.308039 0.258216 0.035093 0.024262
9 0.448899 0.269480 0.034118 0.022529
9 0.960186 0.210558 0.017547 0.060655
2 0.003412 0.551091 0.006824 0.114377
2 0.099430 0.497369 0.081884 0.093582
2 0.185701 0.482638 0.028269 0.039859
2 0.327048 0.486104 0.049715 0.064121
2 0.377251 0.496502 0.033143 0.046791
2 0.415268 0.493036 0.038992 0.032927
2 0.636062 0.505167 0.039967 0.043325
5 0.591221 0.480039 0.030219 0.051990
5 0.912092 0.495636 0.174810 0.110911
9 0.701374 0.414185 0.014622 0.031194
9 0.722820 0.415052 0.014622 0.032927
9 0.193987 0.369994 0.017547 0.036393
9 0.214945 0.367394 0.020471 0.034660
