9 0.812488 0.385615 0.077185 0.056827
9 0.187212 0.219588 0.017932 0.066530
9 0.167721 0.385219 0.016373 0.026335
9 0.660234 0.374824 0.005458 0.011088
9 0.626710 0.410861 0.003898 0.016632
9 0.575643 0.401852 0.004678 0.012474
9 0.870572 0.187016 0.017152 0.065144
9 0.846403 0.193253 0.018711 0.060986
9 0.662573 0.411752 0.005458 0.012474
9 0.472777 0.397099 0.003119 0.018018
9 0.476675 0.396406 0.004678 0.016632
5 0.432625 0.444918 0.047558 0.085934
7 0.562826 0.438681 0.031965 0.076232
2 0.542828 0.442146 0.008576 0.022177
2 0.578166 0.461412 0.019998 0.046848
2 0.517217 0.441868 0.048338 0.060986
2 0.714545 0.455036 0.024169 0.020791
2 0.692325 0.458501 0.024949 0.024949
2 0.735206 0.457115 0.017152 0.024949
2 0.477338 0.532238 0.148912 0.202361
2 0.602471 0.469866 0.048338 0.063758
2 0.902674 0.501052 0.193352 0.345123
