9 0.297911 0.262057 0.015024 0.060701
9 0.446782 0.521859 0.009560 0.021853
9 0.411954 0.527929 0.005463 0.019424
9 0.375761 0.501221 0.006829 0.024281
9 0.347080 0.497579 0.006829 0.021853
2 0.471366 0.552210 0.012292 0.024281
2 0.482975 0.565564 0.027316 0.050989
2 0.442685 0.561922 0.009560 0.033993
2 0.432441 0.564350 0.021853 0.033993
2 0.425612 0.565564 0.010926 0.041277
2 0.408540 0.569207 0.025950 0.058273
2 0.491853 0.618982 0.045071 0.152968
2 0.492536 0.657831 0.040974 0.206385
2 0.317032 0.560708 0.015024 0.060701
2 0.334788 0.563136 0.031413 0.070414
2 0.139481 0.595915 0.066923 0.058273
2 0.269913 0.576491 0.038242 0.038849
2 0.218696 0.576491 0.055997 0.058273
2 0.071191 0.600771 0.105165 0.077698
2 0.371664 0.566778 0.055997 0.087410
2 0.457025 0.565564 0.027316 0.036421
2 0.663941 0.719746 0.337349 0.548741
