2 0.447465 0.254773 0.013658 0.036421
2 0.525997 0.251131 0.009560 0.038849
2 0.172942 0.195285 0.010926 0.053417
2 0.082801 0.245061 0.010926 0.021853
2 0.294497 0.366464 0.010926 0.021853
2 0.319764 0.376176 0.012292 0.021853
2 0.376444 0.353109 0.008195 0.019424
2 0.404443 0.391958 0.009560 0.019424
2 0.185234 0.197713 0.016389 0.058273
2 0.162016 0.192857 0.013658 0.067986
2 0.079386 0.292408 0.012292 0.024281
2 0.073240 0.345825 0.013658 0.024281
2 0.088264 0.347039 0.010926 0.026709
2 0.676234 0.214710 0.015024 0.063130
2 0.694672 0.208640 0.019121 0.055845
4 0.543070 0.269341 0.038242 0.021853
4 0.572434 0.277839 0.023218 0.024281
4 0.243963 0.143082 0.062826 0.080126
4 0.140846 0.211068 0.025950 0.050989
4 0.202990 0.349467 0.021853 0.031565
4 0.349811 0.350681 0.017755 0.014568
4 0.281522 0.371320 0.012292 0.021853
4 0.280156 0.394386 0.012292 0.019424
3 0.391468 0.405312 0.019121 0.031565
3 0.405126 0.406527 0.010926 0.019424
3 0.413320 0.402884 0.013658 0.021853
3 0.376444 0.406527 0.024584 0.038849
3 0.457708 0.406527 0.028681 0.048561
3 0.428344 0.416239 0.038242 0.053417
3 0.475463 0.408955 0.015024 0.029137
3 0.499365 0.411383 0.016389 0.029137
3 0.511657 0.411383 0.019121 0.043705
3 0.538972 0.421095 0.046437 0.058273
3 0.839445 0.461158 0.319593 0.696853
3 0.354592 0.405312 0.013658 0.016996
3 0.340934 0.404098 0.016389 0.019424
3 0.300643 0.396814 0.017755 0.029137
9 0.200941 0.423523 0.015024 0.058273
9 0.009731 0.433235 0.017755 0.072842
2 0.462488 0.350681 0.010926 0.019424
4 0.487755 0.349467 0.012292 0.016996
