9 0.211997 0.198862 0.010729 0.048744
9 0.185771 0.195683 0.008345 0.055102
9 0.460552 0.044152 0.016690 0.078414
9 0.502872 0.044152 0.015497 0.074176
9 0.128549 0.346154 0.017882 0.033909
9 0.552941 0.333438 0.015497 0.033909
9 0.862294 0.223234 0.042916 0.076295
9 0.201268 0.196742 0.008345 0.048744
9 0.483798 0.044152 0.013113 0.086892
2 0.357435 0.411499 0.013113 0.019074
2 0.345201 0.415990 0.007153 0.021193
2 0.333876 0.410692 0.010729 0.027551
2 0.325531 0.413114 0.017882 0.031790
2 0.396462 0.409935 0.007153 0.025432
2 0.836777 0.401458 0.113251 0.080534
2 0.251621 0.496070 0.168088 0.205573
2 0.660515 0.421374 0.110866 0.073136
2 0.963737 0.393283 0.071527 0.084772
2 0.415125 0.415589 0.038713 0.052941
