4 0.486963 0.415071 0.033682 0.035383
4 0.480073 0.445691 0.021434 0.014970
3 0.409265 0.462702 0.005358 0.016331
3 0.420747 0.459980 0.019137 0.024496
3 0.404289 0.462021 0.009186 0.020413
3 0.378262 0.462702 0.012248 0.019052
3 0.320084 0.466104 0.029089 0.047631
3 0.489259 0.476311 0.026027 0.043548
3 0.477777 0.482435 0.024496 0.055796
3 0.257696 0.500126 0.124776 0.137450
3 0.160477 0.490600 0.124776 0.137450
3 0.360655 0.466104 0.024496 0.031300
3 0.775632 0.511694 0.089563 0.087097
3 0.707503 0.514415 0.078846 0.108871
7 0.541772 0.441608 0.097984 0.167389
3 0.444095 0.509924 0.079612 0.115675
3 0.607146 0.509244 0.136259 0.187802
4 0.621691 0.407177 0.009186 0.021774
3 0.852318 0.749692 0.291106 0.496211
