4 0.020471 0.353530 0.035093 0.065854
4 0.685412 0.316147 0.045816 0.083184
4 0.548939 0.382867 0.030219 0.060655
4 0.415877 0.472116 0.009748 0.020796
4 0.214580 0.459986 0.014622 0.017330
4 0.222865 0.443522 0.021446 0.032927
3 0.357754 0.507333 0.011698 0.022529
3 0.365066 0.509933 0.012673 0.024262
3 0.386999 0.535928 0.054589 0.090116
3 0.328998 0.503001 0.032169 0.027728
3 0.306090 0.506467 0.015597 0.020796
3 0.292930 0.509933 0.018521 0.034660
3 0.292930 0.512532 0.010723 0.025995
3 0.269534 0.503001 0.014622 0.020796
3 0.282694 0.515998 0.027295 0.039859
3 0.327048 0.533328 0.039967 0.060655
3 0.420142 0.550658 0.076035 0.105712
3 0.217870 0.496935 0.014622 0.019063
