4 0.614129 0.376059 0.031194 0.079718
4 0.524934 0.418518 0.010723 0.025995
4 0.265635 0.400321 0.012673 0.010398
4 0.226155 0.413319 0.011698 0.008665
2 0.259786 0.455777 0.008773 0.017330
2 0.435252 0.401188 0.006824 0.019063
2 0.441588 0.400321 0.005849 0.024262
3 0.326592 0.459138 0.025283 0.031403
3 0.467420 0.458376 0.014622 0.032927
3 0.506900 0.494769 0.087733 0.140372
3 0.774972 0.633408 0.331435 0.289410
1 0.386511 0.415052 0.071161 0.036393
3 0.404860 0.555424 0.147541 0.258216
3 0.553203 0.529429 0.123801 0.150770
3 0.258324 0.675867 0.331435 0.429782
1 0.094556 0.451444 0.189113 0.355263
3 0.915832 0.735655 0.166692 0.414185
4 0.637608 0.471562 0.011865 0.023437
9 0.620469 0.498515 0.017139 0.086719
