3 0.365976 0.607500 0.052734 0.075000
3 0.368086 0.620625 0.029531 0.071250
3 0.242473 0.603750 0.030586 0.060000
3 0.207141 0.583125 0.010547 0.015000
3 0.239836 0.612187 0.027422 0.058125
3 0.226652 0.618750 0.039023 0.071250
3 0.193430 0.632812 0.063281 0.118125
3 0.162949 0.649687 0.085430 0.140625
3 0.070137 0.613687 0.140273 0.414375
3 0.789310 0.753691 0.417368 0.489375
3 0.398355 0.624375 0.070664 0.093750
3 0.295101 0.597187 0.023203 0.031875
4 0.471023 0.484687 0.021094 0.046875
4 0.469441 0.521250 0.017930 0.018750
4 0.469969 0.501562 0.016875 0.028125
4 0.322207 0.558750 0.009492 0.026250
4 0.781312 0.423750 0.044297 0.060000
4 0.735539 0.428437 0.021094 0.058125
