2 0.011097 0.541284 0.020487 0.157824
2 0.921392 0.635978 0.155699 0.318076
2 0.062997 0.535214 0.088776 0.121403
2 0.200258 0.491509 0.057363 0.048561
2 0.432441 0.493937 0.040974 0.077698
5 0.465220 0.472084 0.032779 0.058273
2 0.323178 0.502435 0.043705 0.055845
2 0.402394 0.520645 0.051900 0.082554
2 0.364835 0.478154 0.015024 0.021853
2 0.559459 0.491509 0.054631 0.029137
2 0.625700 0.484224 0.045071 0.029137
2 0.683062 0.486652 0.042339 0.024281
9 0.317032 0.386235 0.006829 0.026709
9 0.430392 0.372881 0.006829 0.029137
9 0.424246 0.376176 0.008195 0.026709
9 0.310886 0.384674 0.008195 0.033993
9 0.227574 0.390744 0.005463 0.036421
2 0.234207 0.481382 0.021982 0.024868
