2 0.393711 0.129375 0.025049 0.103125
2 0.367344 0.382500 0.011865 0.037500
2 0.579600 0.455156 0.009229 0.037500
2 0.107627 0.341484 0.025049 0.049219
2 0.141246 0.343828 0.023730 0.058594
2 0.488633 0.396562 0.011865 0.032812
2 0.587510 0.294609 0.019775 0.067969
2 0.549278 0.348515 0.019775 0.053906
2 0.563780 0.437578 0.014502 0.053906
2 0.590147 0.439922 0.011865 0.035156
2 0.630357 0.457500 0.013184 0.037500
2 0.026548 0.076641 0.029004 0.096094
4 0.393052 0.059062 0.018457 0.037500
4 0.499180 0.366093 0.022412 0.028125
4 0.495225 0.482109 0.025049 0.039844
4 0.493247 0.525468 0.021094 0.037500
4 0.124107 0.450468 0.029004 0.046875
4 0.122789 0.505547 0.023730 0.044531
4 0.835361 0.443437 0.019775 0.032812
9 0.536753 0.527812 0.018457 0.060937
9 0.510386 0.525468 0.013184 0.065625
9 0.474790 0.519609 0.015820 0.067969
9 0.462925 0.510234 0.013184 0.063281
0 0.703526 0.537187 0.027686 0.098437
0 0.082579 0.516093 0.022412 0.084375
6 0.081260 0.525468 0.040869 0.089062
5 0.711436 0.562968 0.038232 0.103125
3 0.321861 0.517265 0.026367 0.044531
3 0.292198 0.531328 0.048779 0.082031
3 0.574986 0.532500 0.065918 0.051562
3 0.735166 0.530156 0.064600 0.056250
3 0.797129 0.540703 0.056689 0.039844
3 0.824155 0.541875 0.044824 0.051562
3 0.855796 0.560625 0.097559 0.075000
7 0.217710 0.484453 0.113379 0.105469
3 0.234849 0.559453 0.116016 0.142969
3 0.387119 0.554765 0.143701 0.217969
3 0.648814 0.559453 0.110742 0.171094
7 0.018548 0.464531 0.037095 0.206250
4 0.030504 0.011953 0.023730 0.023906
