9 0.926903 0.545339 0.057333 0.326580
9 0.746712 0.517258 0.036272 0.257935
9 0.576467 0.469415 0.021061 0.087365
9 0.634970 0.466295 0.018721 0.089445
9 0.606304 0.461094 0.012871 0.074884
9 0.542535 0.451734 0.014041 0.076965
4 0.506263 0.430933 0.009361 0.039522
9 0.499827 0.426772 0.008190 0.047843
3 0.029063 0.437173 0.058126 0.089445
3 0.086792 0.442027 0.059674 0.072804
3 0.169867 0.435786 0.104136 0.106086
3 0.227786 0.437866 0.035102 0.052003
3 0.267568 0.434746 0.035102 0.045763
3 0.353568 0.445147 0.033932 0.049923
3 0.327242 0.446187 0.030422 0.039522
3 0.446589 0.443067 0.014041 0.041602
3 0.453609 0.445147 0.014041 0.041602
1 0.474671 0.436826 0.032762 0.079045
2 0.895896 0.268336 0.046803 0.070724
2 0.833882 0.277697 0.039782 0.072804
2 0.273419 0.358822 0.009361 0.022881
2 0.497487 0.334900 0.015211 0.029122
2 0.240657 0.369222 0.014041 0.018721
2 0.432548 0.366102 0.009361 0.024961
2 0.457705 0.384823 0.010531 0.020801
3 0.407977 0.486749 0.095946 0.137288
4 0.873791 0.048051 0.065212 0.035085
