4 0.103060 0.393247 0.021119 0.047340
4 0.204524 0.408918 0.012855 0.014692
4 0.261913 0.426874 0.010101 0.014692
4 0.328026 0.442382 0.011937 0.009794
4 0.135657 0.391778 0.022037 0.032648
2 0.364296 0.444015 0.011019 0.019589
2 0.341799 0.441729 0.010101 0.026119
4 0.621400 0.340357 0.016528 0.021221
3 0.263379 0.488634 0.017446 0.032648
3 0.243637 0.492715 0.022037 0.031016
3 0.215631 0.487001 0.032138 0.055502
3 0.179820 0.482920 0.039484 0.070193
3 0.139877 0.496796 0.071622 0.081620
3 0.069159 0.515715 0.103760 0.094680
3 0.337055 0.485233 0.011937 0.012243
3 0.291997 0.490538 0.036729 0.029383
3 0.349570 0.484661 0.010101 0.011427
3 0.358752 0.484661 0.010101 0.017956
3 0.369312 0.483029 0.014692 0.014692
3 0.383085 0.483845 0.011019 0.016324
3 0.399613 0.481397 0.020201 0.027751
3 0.421191 0.485478 0.021119 0.032648
3 0.457002 0.478132 0.052339 0.066929
3 0.479040 0.496905 0.054175 0.078356
3 0.505642 0.507888 0.063305 0.097058
3 0.559792 0.520504 0.089068 0.130593
3 0.705592 0.520193 0.244383 0.281862
3 0.870439 0.562908 0.256371 0.471765
