2 0.232164 0.263886 0.019651 0.031192
2 0.509385 0.272620 0.015440 0.021211
2 0.473241 0.315665 0.013335 0.017468
2 0.813657 0.328766 0.007018 0.023706
2 0.772600 0.354968 0.006316 0.011229
2 0.499789 0.371455 0.009522 0.016755
4 0.472216 0.341243 0.017546 0.028697
4 0.505552 0.342491 0.011229 0.008734
4 0.510816 0.356839 0.009124 0.012477
3 0.666220 0.415926 0.059655 0.051155
3 0.732543 0.412183 0.044917 0.031192
3 0.775705 0.412807 0.040004 0.044917
3 0.832954 0.399528 0.054041 0.068623
3 0.140754 0.410757 0.040004 0.038678
3 0.110575 0.420739 0.037197 0.031192
3 0.076186 0.421362 0.042811 0.029945
3 0.042147 0.422610 0.040706 0.032440
3 0.011267 0.423234 0.022458 0.041174
3 0.306003 0.460516 0.183878 0.280077
4 0.435921 0.403538 0.011931 0.014972
4 0.463643 0.362988 0.008422 0.016220
