2 0.355518 0.406109 0.085761 0.141376
9 0.180878 0.204440 0.010915 0.048511
9 0.196860 0.207212 0.011695 0.045739
9 0.300943 0.222459 0.007796 0.045739
9 0.398789 0.237705 0.008576 0.040195
2 0.023389 0.422048 0.046779 0.051283
2 0.491177 0.390862 0.015593 0.024949
2 0.076153 0.404723 0.018711 0.008316
2 0.128000 0.406109 0.022610 0.019405
2 0.050425 0.412346 0.010915 0.012474
2 0.229744 0.404723 0.021830 0.011088
2 0.145932 0.403337 0.008576 0.013860
2 0.316284 0.395020 0.015593 0.024949
2 0.388012 0.387397 0.009356 0.018018
2 0.506518 0.392248 0.007796 0.013860
2 0.517433 0.388783 0.006237 0.006930
2 0.655170 0.381160 0.020271 0.011088
2 0.767829 0.379774 0.008576 0.011088
2 0.739372 0.381853 0.012474 0.004158
2 0.790049 0.374230 0.023389 0.016632
2 0.835268 0.374923 0.014034 0.012474
2 0.721050 0.380467 0.011695 0.006930
9 0.308274 0.218851 0.003432 0.042712
2 0.286417 0.394322 0.015445 0.028983
2 0.273547 0.391271 0.010297 0.019831
5 0.692704 0.377542 0.035180 0.016780
