9 0.705203 0.236857 0.010737 0.015617
9 0.606217 0.150096 0.006024 0.029499
9 0.596465 0.150096 0.009575 0.029499
9 0.501207 0.166581 0.006832 0.031234
9 0.493398 0.163978 0.008785 0.029499
9 0.349917 0.203020 0.008785 0.020823
9 0.339181 0.201285 0.010737 0.020823
9 0.409945 0.228181 0.009761 0.015617
2 0.516824 0.281105 0.010737 0.027763
2 0.353822 0.269826 0.061492 0.043380
2 0.428490 0.299325 0.062468 0.095437
2 0.596861 0.284576 0.030258 0.034704
2 0.634439 0.294987 0.066372 0.111054
2 0.552450 0.309736 0.078085 0.137082
2 0.389448 0.315810 0.093702 0.111054
