9 0.249304 0.419010 0.014328 0.028019
9 0.550428 0.410944 0.007164 0.030566
9 0.700393 0.496274 0.027223 0.028019
9 0.345301 0.390991 0.008597 0.028019
9 0.559025 0.412217 0.010029 0.038208
2 0.134682 0.487783 0.074505 0.058585
2 0.205605 0.483963 0.070206 0.056038
2 0.250021 0.504340 0.021492 0.040755
2 0.261483 0.508161 0.030088 0.038208
2 0.282975 0.505614 0.024357 0.043302
2 0.457536 0.510283 0.022925 0.035660
2 0.509116 0.538302 0.060177 0.086604
2 0.779912 0.576085 0.065908 0.053491
2 0.825761 0.590095 0.071639 0.066226
2 0.918892 0.692831 0.160472 0.183396
2 0.011462 0.460614 0.022925 0.109528
7 0.373957 0.563350 0.171934 0.272547
2 0.568099 0.581180 0.107459 0.140094
2 0.682722 0.595189 0.078803 0.086604
