2 0.251534 0.660402 0.007018 0.016220
2 0.248376 0.672879 0.010527 0.023706
2 0.241709 0.679741 0.016844 0.024954
2 0.234690 0.685980 0.019651 0.024954
2 0.229778 0.695337 0.026669 0.028697
2 0.205214 0.710933 0.029477 0.059889
2 0.199950 0.718419 0.020353 0.059889
2 0.180299 0.721539 0.045619 0.078604
2 0.171877 0.727777 0.027371 0.078604
2 0.317014 0.674750 0.010527 0.032440
2 0.321225 0.680365 0.018949 0.036183
2 0.331051 0.690346 0.027371 0.038678
2 0.350702 0.705319 0.020353 0.048660
2 0.361931 0.710309 0.027371 0.051155
2 0.363686 0.715924 0.022458 0.054898
2 0.404041 0.707190 0.075095 0.107301
2 0.426850 0.732144 0.070183 0.087338
2 0.483698 0.743872 0.081412 0.119778
2 0.259254 0.653415 0.008422 0.013725
2 0.131873 0.743872 0.090535 0.114787
2 0.562162 0.782551 0.189493 0.197135
2 0.024119 0.808752 0.047771 0.217098
2 0.851220 0.803175 0.296825 0.390451
7 0.287257 0.679117 0.054041 0.123521
