2 0.247616 0.698969 0.015077 0.028866
2 0.270232 0.704124 0.039433 0.076289
2 0.455799 0.707423 0.041753 0.101031
2 0.624549 0.729072 0.093943 0.148454
2 0.359768 0.706392 0.032474 0.045361
2 0.334833 0.699175 0.015077 0.026804
7 0.145554 0.702062 0.077706 0.076289
9 0.186727 0.629124 0.006959 0.029381
9 0.339588 0.605155 0.006959 0.026804
9 0.298415 0.654021 0.005799 0.016495
9 0.301314 0.655052 0.006959 0.018557
9 0.346546 0.604536 0.006959 0.024742
2 0.310245 0.714433 0.054510 0.088660
2 0.522835 0.743299 0.139175 0.195876
2 0.779961 0.778351 0.221521 0.195876
2 0.945812 0.840550 0.105541 0.210309
2 0.235670 0.708248 0.023196 0.030928
