4 0.007569 0.153613 0.013876 0.082973
4 0.850827 0.041487 0.070639 0.078488
2 0.177229 0.119078 0.021444 0.096429
2 0.543356 0.272467 0.007569 0.031395
2 0.373002 0.356337 0.006307 0.024668
2 0.437334 0.351852 0.003784 0.020183
2 0.432919 0.348488 0.005046 0.026910
4 0.815129 0.295116 0.005046 0.022425
4 0.818283 0.316420 0.016398 0.011213
4 0.838465 0.206536 0.023967 0.020183
4 0.839727 0.244659 0.018921 0.056063
4 0.552123 0.320457 0.016398 0.011213
4 0.544555 0.333912 0.016398 0.011213
2 0.554015 0.355216 0.017660 0.022425
4 0.508604 0.347367 0.012614 0.006728
4 0.509235 0.372035 0.008830 0.024668
4 0.477069 0.383247 0.012614 0.011213
4 0.631467 0.319784 0.015137 0.013455
4 0.632097 0.343330 0.013876 0.029153
4 0.463256 0.383471 0.010091 0.015698
2 0.912322 0.255648 0.011353 0.029153
2 0.895292 0.340864 0.012614 0.015698
2 0.811408 0.340864 0.011353 0.015698
9 0.669603 0.407392 0.018921 0.094186
9 0.650051 0.424211 0.022706 0.082973
3 0.988392 0.383635 0.022706 0.065033
3 0.946765 0.383635 0.068117 0.087458
3 0.840175 0.402696 0.079469 0.094186
2 0.882994 0.133430 0.034058 0.096429
