9 0.886118 0.426328 0.021094 0.044531
9 0.223643 0.331640 0.009229 0.063281
9 0.588169 0.253125 0.013184 0.065625
9 0.602671 0.263672 0.015820 0.105469
9 0.576963 0.251953 0.011865 0.067969
9 0.479405 0.461718 0.006592 0.023437
9 0.461607 0.485156 0.005273 0.023437
9 0.523570 0.478125 0.002637 0.023437
9 0.508408 0.479297 0.003955 0.021094
2 0.845908 0.522656 0.135791 0.070312
2 0.778013 0.522656 0.105469 0.070312
2 0.977744 0.533203 0.040869 0.053906
9 0.213755 0.330469 0.007910 0.065625
9 0.232212 0.339844 0.005273 0.070312
9 0.142564 0.450000 0.013184 0.028125
9 0.619810 0.367445 0.015820 0.052609
2 0.519615 0.501562 0.026367 0.028125
2 0.482041 0.500390 0.011865 0.021094
2 0.464243 0.502734 0.015820 0.025781
2 0.498521 0.519140 0.031641 0.049219
2 0.426011 0.505078 0.018457 0.035156
2 0.393711 0.503906 0.019775 0.032812
2 0.372618 0.510937 0.025049 0.037500
2 0.338340 0.509765 0.038232 0.053906
2 0.280332 0.522656 0.101514 0.060937
9 0.155827 0.449307 0.005850 0.020801
9 0.635555 0.454507 0.010531 0.022881
