3 0.477536 0.545160 0.022472 0.061591
3 0.510308 0.526850 0.044945 0.061591
3 0.560870 0.566800 0.078653 0.128175
3 0.619860 0.531011 0.043072 0.033292
3 0.667613 0.547657 0.061799 0.063255
3 0.726603 0.547657 0.082398 0.109864
3 0.802447 0.564303 0.112361 0.103206
3 0.269199 0.548490 0.085207 0.104871
3 0.182587 0.581782 0.114234 0.118187
3 0.602069 0.593434 0.123597 0.128175
7 0.406373 0.513533 0.121725 0.254686
3 0.029963 0.675832 0.059926 0.199753
3 0.030431 0.555980 0.058990 0.093218
3 0.983161 0.608416 0.029963 0.084895
