9 0.384522 0.459251 0.008057 0.023276
9 0.439914 0.428813 0.008057 0.030438
9 0.286327 0.460146 0.007050 0.025066
9 0.278773 0.493269 0.006043 0.023276
9 0.250070 0.424337 0.007050 0.032228
9 0.234963 0.459251 0.007050 0.037599
9 0.269206 0.516545 0.007050 0.023276
9 0.327115 0.499536 0.008057 0.010743
9 0.322080 0.512069 0.006043 0.014324
9 0.359344 0.513860 0.008057 0.010743
9 0.340712 0.512964 0.005036 0.016114
9 0.375458 0.513860 0.008057 0.014324
9 0.380997 0.498641 0.015107 0.012533
9 0.549691 0.512964 0.010071 0.019695
9 0.392579 0.461041 0.006043 0.019695
9 0.989303 0.311539 0.019135 0.071618
2 0.390061 0.553249 0.013093 0.021485
7 0.251077 0.536240 0.027192 0.034019
2 0.231438 0.546983 0.010071 0.016114
7 0.115881 0.546759 0.026712 0.040733
2 0.077347 0.552354 0.036257 0.034019
2 0.407182 0.543402 0.011078 0.037599
2 0.413225 0.553249 0.011078 0.025066
2 0.346251 0.590849 0.090642 0.132493
5 0.467610 0.538031 0.105749 0.170093
7 0.728960 0.537135 0.070499 0.071618
