4 0.711610 0.364795 0.015597 0.029461
4 0.716484 0.402921 0.015597 0.032927
4 0.723307 0.432381 0.042892 0.025995
4 0.602431 0.542426 0.021446 0.045058
2 0.753526 0.496502 0.021446 0.029461
2 0.270022 0.250417 0.017547 0.084917
2 0.289518 0.258216 0.021446 0.072786
2 0.183751 0.573620 0.020471 0.038126
2 0.204710 0.574487 0.011698 0.036393
2 0.451336 0.547625 0.007798 0.031194
2 0.512749 0.539827 0.007798 0.025995
2 0.469857 0.570154 0.007798 0.024262
2 0.512262 0.565822 0.006824 0.019063
3 0.319250 0.675000 0.090657 0.105712
3 0.490816 0.641207 0.038018 0.062388
3 0.617541 0.641207 0.088708 0.114377
3 0.366528 0.655937 0.035093 0.081451
3 0.389436 0.657670 0.018521 0.057189
3 0.406495 0.659403 0.017547 0.046791
3 0.416730 0.642940 0.026320 0.034660
3 0.429403 0.629942 0.020471 0.036393
3 0.443050 0.624744 0.012673 0.029461
3 0.569288 0.641207 0.019496 0.069320
3 0.557590 0.636874 0.015597 0.050257
3 0.534195 0.621278 0.031194 0.050257
