3 0.289286 0.377206 0.021271 0.032143
3 0.346186 0.414076 0.067004 0.105882
3 0.076576 0.353887 0.061686 0.085084
4 0.282904 0.159454 0.061686 0.034034
4 0.407340 0.257773 0.029779 0.052941
4 0.355580 0.323319 0.010636 0.026471
4 0.356112 0.352626 0.013826 0.013235
3 0.607606 0.380987 0.060622 0.062395
3 0.669292 0.397059 0.009572 0.037815
3 0.690563 0.397059 0.018080 0.037815
3 0.773520 0.396113 0.022335 0.058613
3 0.889234 0.404622 0.138900 0.064286
3 0.156874 0.379097 0.041478 0.047269
7 0.172827 0.363025 0.032970 0.071849
3 0.210216 0.371092 0.021258 0.031493
3 0.228521 0.372142 0.015353 0.025194
2 0.206673 0.143293 0.018896 0.079782
2 0.416888 0.170587 0.018896 0.113375
