3 0.038992 0.684532 0.077985 0.155969
3 0.261249 0.636874 0.079934 0.091849
3 0.322661 0.632542 0.044841 0.055456
3 0.357267 0.623877 0.030219 0.048524
3 0.397234 0.614346 0.024370 0.025995
3 0.413806 0.610013 0.012673 0.031194
3 0.431352 0.606547 0.014622 0.027728
3 0.866991 0.698396 0.263973 0.592683
3 0.612871 0.633300 0.102764 0.136689
3 0.553203 0.605681 0.045816 0.105712
3 0.525421 0.601348 0.027295 0.069320
3 0.504463 0.602215 0.014622 0.039859
3 0.469857 0.603081 0.015597 0.020796
2 0.398209 0.512099 0.008773 0.029461
2 0.493740 0.514699 0.006824 0.017330
2 0.448931 0.564868 0.006994 0.014211
2 0.484901 0.557763 0.006994 0.014211
