2 0.549483 0.393258 0.007749 0.019898
2 0.438418 0.375656 0.007749 0.024490
2 0.628938 0.413635 0.007749 0.026020
4 0.657719 0.427588 0.009471 0.029082
4 0.581093 0.408455 0.014636 0.012245
4 0.396415 0.393149 0.015497 0.012245
9 0.405148 0.468805 0.006888 0.030612
9 0.394386 0.465744 0.006027 0.018367
9 0.338423 0.468805 0.006027 0.018367
9 0.331965 0.468040 0.006888 0.016837
4 0.489953 0.438193 0.009471 0.018367
3 0.185826 0.495919 0.062851 0.063265
4 0.264174 0.435714 0.011193 0.018367
3 0.110922 0.512245 0.086958 0.067347
3 0.308945 0.488010 0.019802 0.029082
3 0.278380 0.489541 0.041327 0.053571
3 0.335204 0.485715 0.024107 0.024490
3 0.357159 0.479592 0.021524 0.024490
3 0.401068 0.473470 0.042188 0.018367
3 0.495345 0.485715 0.037883 0.061225
3 0.663808 0.482653 0.032717 0.042857
3 0.622481 0.479592 0.048214 0.073469
3 0.940129 0.542887 0.116528 0.227611
3 0.453751 0.511285 0.086958 0.116327
3 0.557710 0.510504 0.095568 0.160684
3 0.722586 0.495183 0.068878 0.084184
4 0.087024 0.334851 0.041724 0.093250
