9 0.724941 0.547672 0.033056 0.164873
9 0.763048 0.546040 0.037647 0.155079
9 0.963575 0.547704 0.034681 0.132225
9 0.953015 0.533013 0.035599 0.168138
3 0.435011 0.536654 0.007346 0.011427
3 0.409760 0.537470 0.006428 0.013059
3 0.400577 0.539102 0.015610 0.026119
3 0.442816 0.535021 0.010101 0.017956
3 0.388640 0.547264 0.022956 0.032648
3 0.344565 0.552978 0.015610 0.031016
3 0.331710 0.562772 0.023874 0.037545
3 0.312886 0.566037 0.030302 0.044075
3 0.289472 0.572567 0.034893 0.050605
3 0.274780 0.580729 0.023874 0.060399
3 0.253202 0.575831 0.037647 0.066929
3 0.131613 0.620859 0.062440 0.111004
3 0.054551 0.635549 0.109102 0.158343
3 0.191975 0.621131 0.145998 0.155079
3 0.365685 0.553794 0.033056 0.052237
3 0.420778 0.545632 0.025710 0.039178
3 0.455097 0.539061 0.025022 0.039096
4 0.399659 0.508086 0.012855 0.009794
4 0.579953 0.390145 0.016528 0.029383
