3 0.504219 0.539394 0.011698 0.013864
3 0.491059 0.531595 0.014622 0.022529
3 0.476925 0.531595 0.017547 0.032927
3 0.471076 0.535928 0.019496 0.024262
3 0.467177 0.538527 0.015597 0.025995
3 0.461328 0.541993 0.013647 0.025995
3 0.451092 0.538527 0.018521 0.039859
3 0.447193 0.546326 0.014622 0.038126
3 0.438907 0.546326 0.015597 0.045058
3 0.452555 0.522930 0.017547 0.008665
3 0.574893 0.541127 0.016572 0.020796
3 0.576355 0.543726 0.011698 0.029461
3 0.584154 0.545459 0.009748 0.036393
3 0.590490 0.546326 0.014622 0.038126
3 0.708198 0.528129 0.053614 0.046791
3 0.609499 0.550658 0.035093 0.043325
3 0.752308 0.568855 0.082859 0.124775
3 0.341670 0.554124 0.061413 0.098781
3 0.554666 0.535783 0.021446 0.022529
9 0.549987 0.538960 0.005849 0.020796
9 0.573382 0.544159 0.005849 0.027728
1 0.201907 0.508757 0.071161 0.131707
3 0.289152 0.586123 0.099430 0.116110
3 0.665916 0.573992 0.112103 0.143838
3 0.414415 0.545397 0.036068 0.051990
3 0.050324 0.602586 0.099430 0.214891
3 0.878673 0.564991 0.241276 0.280342
3 0.535779 0.540074 0.023395 0.027480
4 0.654340 0.442346 0.016572 0.010398
4 0.671625 0.444636 0.020471 0.014854
4 0.284278 0.408738 0.019496 0.017330
3 0.981311 0.660440 0.035102 0.197612
