2 0.234554 0.174331 0.023917 0.068032
2 0.652510 0.037205 0.022721 0.070157
2 0.678722 0.032953 0.022528 0.065906
2 0.810962 0.315709 0.019134 0.023386
4 0.790034 0.241299 0.041855 0.019134
4 0.810364 0.209410 0.041855 0.019134
4 0.743993 0.116929 0.081319 0.038268
4 0.088061 0.159449 0.072948 0.029764
4 0.166390 0.162638 0.031093 0.057402
4 0.182497 0.319765 0.015473 0.022995
3 0.600837 0.439623 0.033484 0.053150
3 0.570941 0.424741 0.021526 0.044646
3 0.551807 0.423678 0.014350 0.034016
3 0.535663 0.420489 0.017938 0.027638
3 0.646280 0.448539 0.066969 0.082089
3 0.282139 0.414111 0.080123 0.065906
3 0.401726 0.415174 0.022721 0.029764
3 0.428633 0.414111 0.023917 0.019134
3 0.448962 0.416237 0.014350 0.019134
1 0.453148 0.392852 0.015546 0.027638
3 0.504570 0.409100 0.037072 0.055276
3 0.480055 0.411985 0.011959 0.023386
3 0.465705 0.405304 0.011959 0.019134
2 0.402922 0.359595 0.010763 0.017008
2 0.500385 0.360658 0.009567 0.019134
9 0.382244 0.401811 0.010763 0.029764
