2 0.428917 0.648780 0.016742 0.014882
2 0.413969 0.651969 0.013155 0.012756
2 0.397825 0.656221 0.014350 0.017008
2 0.382279 0.663662 0.019134 0.019134
2 0.360753 0.667914 0.021526 0.031890
2 0.324877 0.666851 0.047835 0.106299
2 0.270465 0.695551 0.070556 0.108425
2 0.181373 0.700866 0.121978 0.182835
2 0.447653 0.640099 0.013553 0.018780
2 0.477350 0.642402 0.022721 0.031890
2 0.489309 0.647717 0.027505 0.034016
2 0.507247 0.655158 0.034680 0.048898
2 0.540731 0.654095 0.049031 0.080787
2 0.577803 0.661536 0.094473 0.112677
2 0.662111 0.702992 0.172205 0.233858
2 0.842089 0.725315 0.312121 0.397559
2 0.086900 0.730630 0.172205 0.259370
2 0.458615 0.643110 0.013155 0.017008
