4 0.361904 0.349425 0.033695 0.073213
4 0.360455 0.402670 0.034942 0.051027
4 0.352967 0.552794 0.039934 0.077650
4 0.152984 0.581450 0.016847 0.038825
4 0.612540 0.595871 0.014975 0.034388
3 0.241867 0.650199 0.048670 0.031060
3 0.363854 0.666284 0.013103 0.021076
3 0.521797 0.652814 0.018719 0.021076
3 0.547068 0.652259 0.015599 0.022186
3 0.611649 0.653923 0.031199 0.025514
3 0.952026 0.658915 0.028703 0.019967
9 0.165540 0.665682 0.010608 0.049918
5 0.155244 0.670674 0.011232 0.033279
5 0.056033 0.683985 0.024959 0.037716
9 0.009859 0.667568 0.017471 0.078094
9 0.405693 0.654663 0.006864 0.023295
9 0.426908 0.652999 0.005616 0.031060
