9 0.368755 0.385714 0.012614 0.040365
9 0.356141 0.388704 0.012614 0.040365
9 0.480391 0.482890 0.013876 0.022425
9 0.304423 0.513164 0.015137 0.020183
9 0.193418 0.522134 0.010091 0.020183
9 0.273518 0.519892 0.011353 0.020183
9 0.057184 0.482890 0.035320 0.049336
9 0.417320 0.499709 0.008830 0.020183
9 0.945854 0.411129 0.034058 0.049336
9 0.584458 0.393189 0.010091 0.040365
2 0.193418 0.608845 0.065594 0.051578
2 0.034479 0.629028 0.065594 0.065033
7 0.107010 0.591652 0.089561 0.100914
2 0.269103 0.594269 0.050457 0.049336
2 0.301269 0.577450 0.018921 0.029153
2 0.491113 0.559510 0.020183 0.029153
2 0.412905 0.568480 0.010091 0.020183
2 0.396506 0.572965 0.025228 0.033638
2 0.646898 0.607724 0.122358 0.130066
2 0.627977 0.547176 0.046673 0.040365
2 0.601756 0.557156 0.025951 0.060325
2 0.568690 0.555025 0.034058 0.042608
7 0.479760 0.550539 0.020183 0.038123
7 0.454531 0.549044 0.022706 0.051578
7 0.431826 0.551287 0.022706 0.047093
7 0.379477 0.559510 0.029013 0.038123
2 0.820974 0.778156 0.354459 0.435050
