9 0.353501 0.357890 0.005273 0.021094
9 0.493247 0.342656 0.007910 0.028125
9 0.558506 0.417656 0.006592 0.018750
2 0.205186 0.435234 0.040869 0.049219
2 0.151133 0.428203 0.046143 0.053906
2 0.289561 0.448125 0.025049 0.032812
2 0.371299 0.444609 0.014502 0.030469
2 0.407554 0.448125 0.015820 0.028125
2 0.424034 0.458672 0.022412 0.035156
2 0.468858 0.458672 0.022412 0.044531
2 0.482041 0.451640 0.014502 0.030469
2 0.723301 0.487265 0.090967 0.165469
7 0.501817 0.443437 0.035596 0.065625
7 0.603330 0.459843 0.080420 0.121875
7 0.658042 0.476250 0.102832 0.121875
2 0.513682 0.459843 0.019775 0.028125
2 0.033050 0.429991 0.066099 0.048107
7 0.869639 0.376640 0.259717 0.625781
2 0.446446 0.477422 0.048779 0.067969
2 0.389097 0.452812 0.029004 0.046875
