2 0.474131 0.383672 0.006592 0.025781
2 0.391734 0.393047 0.007910 0.021094
4 0.397007 0.377812 0.018457 0.014062
4 0.647495 0.412968 0.018457 0.014062
3 0.538072 0.425859 0.026367 0.021094
3 0.629038 0.421172 0.015820 0.030469
3 0.776035 0.458672 0.104150 0.086719
3 0.793833 0.472734 0.100195 0.091406
3 0.831406 0.466875 0.125244 0.103125
3 0.860410 0.475078 0.117334 0.091406
3 0.909849 0.492656 0.147656 0.093750
3 0.981699 0.527812 0.035596 0.056250
1 0.751646 0.444609 0.137109 0.100781
3 0.141905 0.435234 0.025049 0.025781
3 0.298130 0.422343 0.021094 0.028125
3 0.429966 0.422343 0.013184 0.023437
3 0.459629 0.423515 0.014502 0.016406
3 0.481382 0.420000 0.013184 0.023437
