9 0.466858 0.043683 0.014041 0.079045
9 0.147429 0.143529 0.014041 0.054083
9 0.445095 0.032242 0.021061 0.060324
9 0.643890 0.192412 0.015211 0.060324
9 0.665536 0.261056 0.016381 0.056163
9 0.551454 0.228814 0.015211 0.054083
2 0.483707 0.379623 0.030422 0.039522
2 0.417013 0.377543 0.032762 0.043683
2 0.700521 0.400735 0.078395 0.027664
2 0.354063 0.355701 0.014041 0.016641
2 0.309016 0.371302 0.080735 0.089445
2 0.263383 0.373382 0.045633 0.060324
2 0.218686 0.372134 0.036272 0.047843
2 0.335693 0.499022 0.207102 0.276657
2 0.825367 0.408384 0.086585 0.042130
