4 0.146494 0.379276 0.020330 0.034016
2 0.135731 0.460276 0.015546 0.014882
2 0.220039 0.449646 0.014350 0.023386
2 0.426924 0.401811 0.009567 0.025512
2 0.319296 0.452835 0.011959 0.017008
2 0.495089 0.456024 0.011959 0.014882
4 0.484924 0.390118 0.013155 0.019134
4 0.486718 0.439016 0.014350 0.010630
4 0.522594 0.422008 0.021526 0.014882
3 0.425728 0.485788 0.016742 0.023386
3 0.407790 0.485788 0.016742 0.031890
3 0.395832 0.491102 0.014350 0.034016
3 0.385069 0.502795 0.031093 0.074409
3 0.279235 0.520866 0.039464 0.076535
3 0.337234 0.537874 0.098061 0.157323
3 0.462202 0.522992 0.077731 0.123307
3 0.096432 0.594000 0.192535 0.318898
9 0.510276 0.482599 0.013155 0.029764
9 0.682242 0.486851 0.015546 0.063780
9 0.663108 0.493228 0.017938 0.063780
9 0.650551 0.496417 0.011959 0.057402
9 0.637995 0.502795 0.010763 0.048898
9 0.621851 0.504921 0.019134 0.078661
9 0.597933 0.503858 0.014350 0.055276
9 0.582985 0.496417 0.013155 0.053150
9 0.568037 0.503858 0.014350 0.051024
9 0.535150 0.509173 0.013155 0.048898
9 0.550099 0.482599 0.014350 0.029764
9 0.722901 0.503858 0.013155 0.085039
9 0.707953 0.494291 0.011959 0.070157
9 0.743829 0.499606 0.026309 0.097795
9 0.905151 0.497480 0.029897 0.148819
9 0.849663 0.497480 0.020330 0.140315
9 0.831127 0.505984 0.011959 0.106299
9 0.816777 0.501732 0.021526 0.110551
9 0.797045 0.484725 0.017938 0.068032
9 0.775519 0.527244 0.017938 0.114803
