2 0.203799 0.049576 0.022231 0.076965
2 0.678848 0.246148 0.019891 0.083205
2 0.032969 0.431279 0.024571 0.041602
2 0.068656 0.445840 0.011701 0.024961
2 0.242412 0.063097 0.033932 0.091525
2 0.954984 0.499923 0.017551 0.029122
2 0.988331 0.496803 0.021061 0.039522
4 0.973706 0.377196 0.050313 0.029122
4 0.960835 0.345994 0.043293 0.033282
4 0.073337 0.421919 0.028082 0.027042
9 0.764263 0.626811 0.031592 0.124807
9 0.692889 0.619530 0.026912 0.122727
9 0.728576 0.635131 0.025742 0.137288
9 0.641991 0.596649 0.016381 0.060324
9 0.101418 0.604970 0.039782 0.160170
9 0.894141 0.624731 0.031592 0.108166
9 0.864304 0.635131 0.039782 0.137288
9 0.321976 0.572728 0.022231 0.087365
9 0.305010 0.574808 0.023401 0.112327
9 0.292725 0.568567 0.017551 0.062404
9 0.131840 0.589369 0.025742 0.120647
9 0.086207 0.577928 0.023401 0.097766
9 0.010927 0.600809 0.021853 0.168490
0 0.264643 0.604970 0.057333 0.160170
0 0.911692 0.650732 0.054993 0.214253
5 0.266983 0.634091 0.083075 0.122727
5 0.901161 0.686094 0.125198 0.147689
3 0.424943 0.606010 0.031592 0.120647
3 0.370534 0.588329 0.081905 0.101926
3 0.519133 0.614330 0.180191 0.361942
9 0.615664 0.578968 0.012871 0.058243
9 0.625025 0.581048 0.012871 0.049923
