2 0.480542 0.587109 0.014502 0.030469
2 0.466699 0.595312 0.015820 0.037500
2 0.408691 0.600000 0.026367 0.037500
2 0.394189 0.598828 0.015820 0.039844
2 0.371777 0.600000 0.036914 0.056250
2 0.264990 0.615234 0.063281 0.082031
2 0.335522 0.610546 0.061963 0.067969
2 0.138428 0.637500 0.203027 0.196875
2 0.504272 0.581250 0.009229 0.018750
2 0.576123 0.578906 0.015820 0.028125
2 0.570849 0.587109 0.021094 0.025781
2 0.588647 0.579609 0.014502 0.021094
2 0.615014 0.578437 0.014502 0.018750
2 0.600512 0.581953 0.022412 0.030469
2 0.630175 0.583125 0.021094 0.028125
2 0.675659 0.587812 0.019775 0.046875
2 0.696752 0.591328 0.040869 0.067969
2 0.731689 0.599531 0.055371 0.075000
2 0.779150 0.603046 0.092285 0.100781
9 0.584033 0.508593 0.005273 0.028125
9 0.448901 0.291094 0.014502 0.075000
9 0.651269 0.544218 0.007910 0.018750
9 0.630835 0.139453 0.017139 0.096094
9 0.655883 0.140625 0.025049 0.093750
