4 0.802402 0.411328 0.017139 0.049219
4 0.795151 0.447656 0.023730 0.014062
4 0.650132 0.468750 0.013184 0.042187
4 0.454356 0.461718 0.022412 0.042187
4 0.452378 0.421875 0.023730 0.032812
4 0.435899 0.499218 0.022412 0.037500
4 0.395030 0.473437 0.035596 0.037500
4 0.419419 0.526172 0.010547 0.021094
2 0.589488 0.492187 0.007910 0.023437
2 0.533457 0.494531 0.003955 0.018750
2 0.476768 0.485156 0.009229 0.023437
2 0.450401 0.530859 0.006592 0.025781
2 0.641563 0.541406 0.003955 0.018750
3 0.535435 0.544922 0.013184 0.025781
3 0.515659 0.547265 0.010547 0.016406
3 0.506431 0.542578 0.010547 0.016406
3 0.497202 0.548437 0.013184 0.018750
3 0.482700 0.554296 0.010547 0.025781
3 0.474131 0.556640 0.019775 0.025781
1 0.453037 0.557812 0.014502 0.032812
3 0.510386 0.561328 0.021094 0.025781
3 0.470176 0.581250 0.019775 0.037500
3 0.410191 0.571875 0.015820 0.018750
3 0.426670 0.571875 0.014502 0.018750
3 0.393052 0.578906 0.010547 0.018750
3 0.341636 0.581250 0.034277 0.018750
3 0.122129 0.619921 0.075146 0.063281
4 0.351524 0.473437 0.030322 0.056250
4 0.288243 0.482812 0.027686 0.046875
3 0.613877 0.582421 0.017139 0.058594
3 0.636289 0.589453 0.032959 0.067969
3 0.668589 0.584765 0.044824 0.110156
3 0.741099 0.582421 0.129199 0.203906
9 0.758897 0.603515 0.059326 0.194531
9 0.973130 0.569531 0.031641 0.168750
9 0.920395 0.557812 0.021094 0.112500
9 0.897324 0.557812 0.025049 0.121875
3 0.992246 0.846562 0.014502 0.253125
