2 0.063363 0.653338 0.124775 0.370860
2 0.120389 0.633408 0.049715 0.088383
2 0.159381 0.594416 0.071161 0.058922
2 0.361166 0.568421 0.038018 0.058922
2 0.338258 0.592683 0.040942 0.103980
2 0.329485 0.600482 0.031194 0.109178
2 0.262711 0.613479 0.143297 0.183697
2 0.439638 0.657670 0.185213 0.296342
2 0.595364 0.552824 0.017547 0.029461
2 0.567582 0.552824 0.038018 0.032927
9 0.240534 0.506034 0.006824 0.022529
9 0.232735 0.506034 0.004874 0.029461
9 0.398940 0.505167 0.003899 0.017330
9 0.475950 0.493036 0.003899 0.013864
9 0.403327 0.502568 0.006824 0.019063
9 0.469126 0.491303 0.003899 0.017330
