2 0.447356 0.396847 0.010790 0.045560
2 0.277745 0.500555 0.007418 0.032371
2 0.287295 0.499836 0.008093 0.032371
2 0.438360 0.398526 0.012139 0.045560
2 0.576545 0.474658 0.011465 0.037167
2 0.042757 0.559783 0.008093 0.034769
2 0.066024 0.563979 0.022255 0.033570
2 0.081198 0.566377 0.013488 0.038366
2 0.446049 0.565777 0.004046 0.013188
2 0.439878 0.564698 0.007418 0.017984
2 0.208120 0.613735 0.009442 0.017984
2 0.609827 0.418428 0.009442 0.027575
2 0.559921 0.505351 0.010116 0.028774
3 0.387949 0.614454 0.008767 0.011989
3 0.402111 0.623446 0.030348 0.029973
3 0.457075 0.619849 0.060696 0.070737
3 0.207210 0.667807 0.020906 0.034769
3 0.131340 0.683393 0.074184 0.053952
3 0.375135 0.654618 0.043836 0.101909
3 0.507992 0.660613 0.100486 0.190631
3 0.765009 0.661212 0.468034 0.672602
3 0.069800 0.792496 0.139601 0.270959
3 0.294039 0.710369 0.179391 0.312922
4 0.381943 0.585879 0.010790 0.021581
