2 0.341559 0.605155 0.015077 0.041237
2 0.331701 0.605155 0.020876 0.041237
2 0.309665 0.611340 0.023196 0.045361
2 0.220667 0.616297 0.049324 0.060189
2 0.380992 0.634021 0.086985 0.134021
2 0.431443 0.653608 0.095103 0.193814
2 0.661227 0.738035 0.487143 0.478570
2 0.021456 0.656701 0.042912 0.080412
2 0.169330 0.632990 0.071907 0.065979
2 0.954492 0.559921 0.084375 0.086719
2 0.826611 0.547031 0.060644 0.056250
2 0.982177 0.600000 0.034277 0.145312
2 0.282888 0.612912 0.023218 0.033993
2 0.258987 0.617768 0.019121 0.043705
