9 0.077582 0.040284 0.021266 0.063011
9 0.095746 0.041859 0.020380 0.059860
9 0.061632 0.038709 0.012405 0.053559
9 0.708459 0.096091 0.008861 0.047258
9 0.721307 0.203209 0.022152 0.034656
2 0.325636 0.302338 0.039874 0.051984
2 0.412030 0.273308 0.010633 0.017328
2 0.514594 0.267401 0.011962 0.016540
2 0.487790 0.265432 0.008861 0.018903
2 0.281775 0.310214 0.047849 0.074037
2 0.316332 0.307851 0.023038 0.056709
2 0.368612 0.295362 0.028355 0.042532
2 0.416460 0.286135 0.015950 0.026779
2 0.451017 0.275671 0.014177 0.018903
2 0.436840 0.272520 0.015950 0.015753
2 0.437726 0.286698 0.024810 0.040957
2 0.495765 0.267007 0.011519 0.020478
2 0.529879 0.277246 0.019494 0.028355
5 0.595128 0.258343 0.077089 0.144924
