9 0.050925 0.211660 0.015007 0.046245
9 0.264531 0.324605 0.028014 0.033794
9 0.601697 0.334387 0.024012 0.032016
9 0.452624 0.353063 0.010005 0.026680
9 0.423109 0.347727 0.013006 0.019565
9 0.388092 0.118281 0.017008 0.062253
9 0.441118 0.031126 0.015007 0.062253
9 0.406326 0.128571 0.021010 0.056917
9 0.792068 0.257609 0.016008 0.051581
9 0.837091 0.266502 0.046023 0.094269
2 0.481405 0.420652 0.015007 0.033794
2 0.490909 0.419763 0.014007 0.042688
2 0.499914 0.421542 0.012006 0.042688
2 0.506917 0.423320 0.016008 0.056917
2 0.535431 0.436660 0.053026 0.076482
2 0.837581 0.378854 0.041020 0.024901
2 0.824657 0.546048 0.349173 0.329051
2 0.953099 0.722579 0.093802 0.312154
2 0.369433 0.541601 0.284140 0.375297
2 0.031641 0.426878 0.063281 0.103162
9 0.010332 0.205214 0.020663 0.065816
9 0.452440 0.040673 0.012915 0.064286
