3 0.483658 0.356578 0.015024 0.019424
3 0.498682 0.351722 0.017755 0.033993
3 0.506193 0.352936 0.019121 0.031565
3 0.516437 0.359006 0.017755 0.033993
3 0.541704 0.362648 0.051900 0.070414
3 0.586092 0.378430 0.066923 0.097122
3 0.651649 0.402711 0.121555 0.165108
3 0.760229 0.454914 0.221257 0.240378
3 0.472049 0.354150 0.010926 0.024281
3 0.462488 0.346866 0.016389 0.038849
3 0.453611 0.348080 0.015024 0.046133
3 0.448831 0.350508 0.024584 0.055845
3 0.423564 0.355364 0.045071 0.070414
3 0.418783 0.368718 0.030047 0.067986
3 0.410589 0.371146 0.032779 0.082554
3 0.124713 0.538682 0.249426 0.582734
3 0.881784 0.531398 0.234915 0.286511
4 0.775253 0.309231 0.049168 0.099550
4 0.393516 0.281308 0.012292 0.024281
4 0.320447 0.299518 0.013658 0.026709
4 0.836713 0.293448 0.016389 0.033993
