2 0.548618 0.295312 0.005273 0.037500
2 0.469517 0.328125 0.005273 0.028125
2 0.615855 0.372656 0.007910 0.028125
2 0.419419 0.386718 0.010547 0.023437
4 0.440513 0.384375 0.010547 0.023437
4 0.591465 0.326953 0.017139 0.025781
4 0.572349 0.357422 0.010547 0.030469
2 0.383824 0.332812 0.007910 0.018750
4 0.374595 0.339844 0.015820 0.014062
4 0.411509 0.363281 0.010547 0.009375
3 0.486656 0.414843 0.021094 0.018750
3 0.541367 0.411328 0.014502 0.044531
3 0.551255 0.414843 0.021094 0.051562
3 0.584214 0.421875 0.065918 0.103125
3 0.379209 0.458203 0.056689 0.119531
3 0.291538 0.482812 0.147656 0.168750
3 0.187388 0.447656 0.063281 0.089062
3 0.070713 0.561328 0.138428 0.358594
