4 0.863275 0.345511 0.024535 0.049122
4 0.376276 0.473453 0.015597 0.045058
4 0.664819 0.531509 0.009748 0.032927
4 0.649222 0.562702 0.007798 0.019063
4 0.613154 0.541040 0.005849 0.013864
4 0.224206 0.570501 0.009748 0.017330
4 0.426966 0.550571 0.007798 0.015597
2 0.222256 0.529776 0.007798 0.029461
2 0.426478 0.510713 0.004874 0.022529
2 0.384074 0.533242 0.005849 0.022529
2 0.333872 0.535841 0.006824 0.017330
2 0.485454 0.526310 0.003899 0.022529
2 0.602919 0.539307 0.006824 0.017330
4 0.333384 0.568768 0.007798 0.010398
2 0.038505 0.529776 0.004874 0.019063
2 0.043866 0.530642 0.009748 0.020796
2 0.653609 0.584365 0.006824 0.013864
3 0.086270 0.607760 0.082859 0.077985
3 0.161331 0.603428 0.063363 0.062388
3 0.209096 0.609493 0.045816 0.046791
3 0.245164 0.607760 0.038018 0.039859
3 0.351906 0.609493 0.040942 0.053723
3 0.388948 0.608627 0.021446 0.031194
3 0.330460 0.603428 0.009748 0.020796
3 0.312426 0.602561 0.012673 0.019063
3 0.413319 0.607760 0.011698 0.015597
3 0.956774 0.620758 0.084808 0.083184
3 0.868554 0.617292 0.089682 0.062388
3 0.824200 0.612959 0.055564 0.046791
3 0.792519 0.611226 0.042892 0.043325
3 0.767174 0.613826 0.042892 0.041592
1 0.591708 0.599095 0.025345 0.050257
1 0.555153 0.598229 0.022421 0.045058
1 0.534195 0.598229 0.025345 0.055456
1 0.427453 0.599962 0.012673 0.027728
