2 0.331144 0.408223 0.024171 0.042971
2 0.297405 0.418070 0.051364 0.059085
2 0.267695 0.401061 0.022157 0.021485
2 0.247552 0.402852 0.020143 0.025066
2 0.203239 0.416280 0.046328 0.048342
2 0.159932 0.410909 0.024171 0.041180
2 0.102526 0.401061 0.032228 0.025066
2 0.077347 0.406432 0.040285 0.032228
2 0.059723 0.413594 0.037264 0.053714
2 0.022459 0.418070 0.043307 0.066247
2 0.011884 0.448508 0.020143 0.094894
2 0.116626 0.434184 0.078556 0.069828
7 0.427325 0.307958 0.170205 0.451194
2 0.524513 0.435975 0.040285 0.066247
9 0.318051 0.315119 0.008057 0.021485
9 0.309994 0.313329 0.006043 0.025066
9 0.533073 0.356300 0.005036 0.021485
2 0.569330 0.388528 0.023164 0.025066
