3 0.163264 0.490376 0.168178 0.167797
3 0.363618 0.472834 0.088379 0.135763
3 0.964683 0.549867 0.066928 0.054915
7 0.861288 0.504105 0.081515 0.085424
3 0.701261 0.482749 0.015445 0.030508
3 0.569980 0.473596 0.044619 0.027458
3 0.536945 0.468257 0.035180 0.022881
3 0.490181 0.462918 0.042903 0.027458
3 0.464010 0.455291 0.009439 0.012203
4 0.983989 0.501054 0.011155 0.027458
3 0.418534 0.441562 0.036896 0.024407
4 0.105345 0.295122 0.024883 0.021356
4 0.106632 0.330207 0.029174 0.036610
2 0.249498 0.356139 0.004290 0.024407
2 0.285965 0.360715 0.003432 0.018305
2 0.310419 0.363003 0.004290 0.019831
2 0.323290 0.365291 0.002574 0.015254
2 0.346457 0.366054 0.006006 0.019831
4 0.432692 0.350800 0.013729 0.019831
4 0.447707 0.355376 0.012871 0.019831
4 0.445991 0.379783 0.011155 0.022881
4 0.430546 0.373681 0.018019 0.016780
4 0.429688 0.392749 0.009439 0.018305
4 0.444704 0.395800 0.008581 0.015254
