2 0.052095 0.406982 0.103711 0.156250
2 0.224361 0.414014 0.065039 0.079687
2 0.362349 0.404639 0.024609 0.032812
2 0.350044 0.424170 0.029883 0.065625
2 0.454634 0.424951 0.015820 0.039062
2 0.466499 0.426514 0.021973 0.035937
2 0.485396 0.431982 0.038672 0.050000
2 0.518355 0.435107 0.030762 0.065625
5 0.577242 0.421826 0.101074 0.132812
5 0.294673 0.389795 0.089648 0.162500
2 0.404537 0.457764 0.094922 0.154687
2 0.147896 0.443701 0.200391 0.232812
2 0.629976 0.467920 0.118652 0.112500
2 0.810152 0.517139 0.215332 0.198437
