3 0.376391 0.517968 0.030322 0.042187
3 0.408691 0.517968 0.021094 0.032812
3 0.083057 0.549609 0.029004 0.044531
3 0.205005 0.536718 0.093603 0.089062
2 0.121948 0.305859 0.014502 0.058594
2 0.462085 0.172266 0.019775 0.039844
2 0.433740 0.165234 0.021094 0.086719
2 0.376391 0.450000 0.009229 0.018750
2 0.461425 0.440625 0.010547 0.014062
2 0.479223 0.466406 0.006592 0.018750
2 0.654565 0.339844 0.022412 0.060937
2 0.671044 0.396093 0.018457 0.037500
4 0.261035 0.475781 0.010547 0.018750
4 0.318384 0.462890 0.009229 0.021094
4 0.220825 0.450000 0.035596 0.060937
4 0.397485 0.454687 0.009229 0.018750
4 0.652587 0.237890 0.029004 0.016406
4 0.678955 0.316406 0.034277 0.023437
3 0.974926 0.488672 0.048779 0.114844
9 0.702685 0.481640 0.026367 0.077344
3 0.506909 0.631171 0.230713 0.330469
4 0.032959 0.216183 0.044824 0.090179
2 0.686530 0.390775 0.012433 0.018703
