4 0.164743 0.211425 0.056539 0.055456
4 0.166205 0.265148 0.055564 0.045058
4 0.572700 0.397722 0.036068 0.015597
4 0.930454 0.440180 0.014622 0.013864
4 0.919731 0.440180 0.012673 0.017330
4 0.922168 0.456643 0.015597 0.019063
2 0.423554 0.335334 0.014622 0.043325
2 0.523959 0.401188 0.010723 0.039859
2 0.409434 0.334467 0.011669 0.041592
3 0.360679 0.568421 0.085783 0.107445
3 0.478143 0.559756 0.071161 0.100514
3 0.592683 0.553691 0.081884 0.119576
3 0.800805 0.606547 0.326561 0.370860
3 0.180709 0.627540 0.281955 0.322731
3 0.945723 0.574487 0.107548 0.227022
3 0.548817 0.536361 0.025345 0.036393
3 0.531270 0.535494 0.021446 0.031194
2 0.507875 0.480039 0.009748 0.024262
2 0.440613 0.486971 0.011698 0.017330
2 0.456210 0.505167 0.011698 0.022529
2 0.992246 0.321328 0.014502 0.072656
9 0.685068 0.512578 0.014502 0.035156
9 0.669248 0.523125 0.019775 0.051562
