9 0.279473 0.047174 0.030047 0.087410
9 0.243963 0.037461 0.032779 0.067986
9 0.211184 0.394386 0.021853 0.043705
9 0.868809 0.421095 0.023218 0.033993
9 0.835347 0.425084 0.010926 0.031565
9 0.551264 0.488213 0.010926 0.016996
9 0.535558 0.440866 0.009560 0.024281
9 0.465903 0.437224 0.009560 0.021853
9 0.474098 0.462719 0.009560 0.019424
9 0.492536 0.472431 0.008195 0.019424
7 0.470683 0.487867 0.021853 0.050989
2 0.448831 0.502435 0.013658 0.021853
2 0.437221 0.512147 0.015024 0.036421
2 0.418783 0.520645 0.024584 0.043705
2 0.403077 0.515789 0.017755 0.072842
2 0.501413 0.502435 0.015024 0.021853
2 0.517120 0.507291 0.013658 0.026709
2 0.528729 0.507291 0.025950 0.026709
2 0.549899 0.514575 0.016389 0.046133
2 0.556727 0.520645 0.013658 0.033993
2 0.573800 0.523073 0.023218 0.048561
2 0.595652 0.526715 0.036876 0.060701
2 0.649601 0.529144 0.090142 0.080126
2 0.349811 0.518217 0.099702 0.145684
9 0.424246 0.481796 0.008195 0.019424
