3 0.282310 0.650859 0.013184 0.021094
3 0.288902 0.668437 0.018457 0.032812
3 0.259898 0.655546 0.018457 0.025781
3 0.236827 0.648515 0.017139 0.030469
3 0.217051 0.654375 0.027686 0.032812
3 0.184751 0.634453 0.036914 0.039844
3 0.335704 0.661406 0.009229 0.018750
3 0.411509 0.684843 0.015820 0.028125
3 0.420078 0.687187 0.019775 0.028125
3 0.429307 0.694218 0.022412 0.037500
3 0.442491 0.704765 0.027686 0.044531
1 0.393711 0.668437 0.022412 0.046875
3 0.368003 0.662578 0.013184 0.021094
3 0.351524 0.669609 0.014502 0.025781
3 0.373936 0.691875 0.022412 0.037500
3 0.468858 0.718828 0.046143 0.063281
3 0.572349 0.787968 0.113379 0.140625
3 0.310655 0.673125 0.048779 0.079687
3 0.121470 0.664921 0.116016 0.128906
1 0.819541 0.857109 0.359912 0.283594
