3 0.421353 0.715464 0.010438 0.012371
3 0.358956 0.707217 0.010438 0.020619
3 0.349678 0.708248 0.012758 0.022680
3 0.291108 0.707217 0.023196 0.041237
3 0.271392 0.708248 0.025515 0.047423
3 0.251675 0.711340 0.027835 0.045361
3 0.235438 0.712371 0.030155 0.051546
3 0.210387 0.709278 0.032474 0.053608
3 0.188930 0.714433 0.033634 0.063918
1 0.142539 0.706186 0.068428 0.088660
3 0.071907 0.717526 0.104381 0.086598
3 0.395490 0.714433 0.009278 0.014433
3 0.335760 0.708248 0.019716 0.026804
3 0.385632 0.714433 0.012758 0.014433
3 0.369974 0.713402 0.013918 0.012371
3 0.403608 0.712371 0.013918 0.014433
4 0.514601 0.612371 0.015077 0.024742
