4 0.205826 0.241863 0.063931 0.115041
4 0.176980 0.300770 0.040542 0.055441
4 0.475389 0.545405 0.017932 0.030493
4 0.524117 0.572433 0.010915 0.020791
4 0.545167 0.601540 0.006237 0.012474
4 0.658995 0.586640 0.010915 0.014553
4 0.657728 0.605005 0.009356 0.018018
4 0.607441 0.614014 0.010135 0.013860
4 0.517139 0.512279 0.010135 0.016632
4 0.532342 0.534456 0.009356 0.016632
2 0.586137 0.609856 0.006237 0.008316
2 0.644611 0.617479 0.009356 0.012474
3 0.624764 0.640118 0.009356 0.020791
3 0.616578 0.636653 0.013254 0.016632
3 0.608391 0.638039 0.012474 0.019405
3 0.600595 0.633881 0.009356 0.016632
3 0.592409 0.633881 0.011695 0.016632
3 0.577206 0.633188 0.012474 0.023563
3 0.650492 0.656057 0.037423 0.049897
3 0.559274 0.624178 0.009356 0.013860
3 0.571358 0.625564 0.010135 0.016632
9 0.549863 0.621594 0.009356 0.030493
