3 0.567379 0.278725 0.006888 0.010714
3 0.592347 0.276429 0.006888 0.009184
3 0.577280 0.277959 0.007749 0.009184
3 0.572114 0.282551 0.007749 0.006122
3 0.558339 0.280255 0.007749 0.010714
3 0.563074 0.284082 0.008610 0.015306
3 0.585890 0.285612 0.009471 0.018367
3 0.691187 0.307041 0.018941 0.019592
3 0.616713 0.333980 0.024968 0.033673
3 0.631952 0.361225 0.047870 0.067347
3 0.550160 0.348980 0.043393 0.058163
3 0.574439 0.295408 0.010332 0.015306
3 0.554637 0.288521 0.008610 0.013776
1 0.143782 0.272143 0.024107 0.009184
1 0.115370 0.269847 0.024107 0.010714
1 0.096859 0.269082 0.021524 0.012245
1 0.007749 0.268316 0.015497 0.010714
4 0.810947 0.265867 0.038744 0.072551
4 0.700743 0.216429 0.031856 0.052041
4 0.666305 0.213367 0.035300 0.052041
4 0.619812 0.274592 0.007749 0.018367
4 0.606037 0.280714 0.007749 0.012245
4 0.537159 0.273061 0.006027 0.012245
4 0.541894 0.281480 0.010332 0.013776
4 0.538881 0.298316 0.016358 0.022959
4 0.502290 0.267704 0.012054 0.013776
4 0.463116 0.221786 0.026690 0.044388
4 0.436426 0.279184 0.009471 0.024490
1 0.062851 0.268470 0.027551 0.012245
