3 0.632009 0.434032 0.017147 0.052258
3 0.644869 0.435484 0.018372 0.060968
3 0.658954 0.439839 0.022046 0.078387
3 0.679776 0.440927 0.044093 0.106694
3 0.746527 0.443105 0.116356 0.172016
3 0.769186 0.482298 0.075938 0.206855
3 0.899652 0.489919 0.199691 0.605323
3 0.505242 0.431129 0.045318 0.052258
1 0.490501 0.406867 0.047680 0.070298
3 0.461762 0.433307 0.022046 0.052258
3 0.442165 0.434395 0.024496 0.067500
3 0.572606 0.437661 0.094309 0.156774
9 0.241910 0.398468 0.025721 0.039194
9 0.215577 0.395202 0.026946 0.050081
3 0.117065 0.498629 0.233768 0.204677
3 0.330096 0.473589 0.224138 0.254758
