2 0.382899 0.331279 0.010797 0.034123
2 0.621628 0.307820 0.010797 0.034123
2 0.184358 0.364336 0.009597 0.023460
2 0.506462 0.412322 0.008398 0.021327
3 0.504663 0.464573 0.016795 0.023460
3 0.479470 0.460308 0.023993 0.027725
3 0.450079 0.456042 0.017995 0.027725
3 0.477071 0.481635 0.045586 0.031991
3 0.162164 0.470971 0.097171 0.066114
3 0.080782 0.548815 0.161565 0.319905
3 0.357106 0.507968 0.213537 0.414395
9 0.663016 0.477369 0.011996 0.066114
9 0.682210 0.483767 0.011996 0.061848
9 0.699005 0.473104 0.011996 0.070379
9 0.709802 0.484834 0.009597 0.072512
2 0.790178 0.239573 0.016795 0.042654
7 0.862699 0.470971 0.274603 0.471327
7 0.569443 0.430450 0.117565 0.258057
