9 0.383405 0.295378 0.014041 0.058243
9 0.497487 0.499230 0.008190 0.024961
9 0.402126 0.507550 0.009361 0.016641
9 0.427868 0.528352 0.009361 0.016641
9 0.507433 0.525231 0.009361 0.018721
9 0.608059 0.462828 0.014041 0.031202
9 0.598113 0.465948 0.010531 0.033282
9 0.596943 0.523151 0.010531 0.031202
2 0.519718 0.565794 0.015211 0.033282
2 0.492807 0.543953 0.019891 0.010401
2 0.477011 0.552273 0.014041 0.027042
2 0.464725 0.547073 0.012871 0.020801
2 0.448929 0.551233 0.014041 0.020801
2 0.439569 0.561634 0.014041 0.020801
2 0.434303 0.540832 0.012871 0.016641
2 0.421432 0.558513 0.019891 0.027042
2 0.403881 0.562674 0.015211 0.027042
5 0.324902 0.549153 0.098286 0.124807
7 0.138861 0.572034 0.109987 0.128968
2 0.224276 0.576195 0.088925 0.099846
2 0.496902 0.576195 0.042123 0.054083
2 0.064165 0.725964 0.128330 0.366102
2 0.983651 0.583475 0.030422 0.076965
5 0.381650 0.546033 0.029252 0.093606
9 0.605719 0.418105 0.021061 0.037442
