2 0.453712 0.409039 0.045443 0.029764
2 0.483010 0.412228 0.017938 0.023386
2 0.548783 0.404788 0.044247 0.029764
2 0.674349 0.399473 0.017938 0.031890
2 0.802905 0.392032 0.011959 0.042520
2 0.786761 0.402662 0.027505 0.038268
2 0.855523 0.397347 0.105236 0.193465
2 0.575451 0.409252 0.011959 0.010630
2 0.625677 0.407126 0.014350 0.014882
2 0.712378 0.437953 0.087298 0.140315
2 0.967755 0.463996 0.062185 0.127559
9 0.665500 0.335906 0.008371 0.017008
2 0.607845 0.406011 0.013776 0.018367
2 0.377105 0.413664 0.013776 0.024490
