9 0.376340 0.278841 0.008608 0.032305
9 0.804804 0.098615 0.019128 0.069710
9 0.871751 0.302645 0.011477 0.022103
9 0.878446 0.353653 0.011477 0.022103
9 0.366298 0.285642 0.008608 0.039106
9 0.783763 0.104566 0.021041 0.081612
9 0.296003 0.386808 0.011477 0.017003
9 0.864579 0.350252 0.006695 0.018703
2 0.585790 0.445041 0.008608 0.022103
2 0.596311 0.445041 0.010520 0.028904
2 0.628828 0.442491 0.037299 0.040806
2 0.662780 0.450142 0.015302 0.039106
2 0.744360 0.445126 0.155892 0.088413
2 0.525824 0.445976 0.017215 0.022103
2 0.471310 0.441726 0.011477 0.051008
2 0.392886 0.453627 0.034430 0.044207
2 0.299638 0.457878 0.161630 0.107116
2 0.054514 0.491883 0.021041 0.056108
2 0.021997 0.490183 0.043994 0.059509
2 0.930378 0.603080 0.137720 0.416562
2 0.507366 0.443256 0.021997 0.042506
2 0.547535 0.443766 0.012433 0.017003
2 0.449504 0.442066 0.042081 0.054408
2 0.184584 0.479471 0.168325 0.176826
2 0.969303 0.402110 0.058340 0.083312
