3 0.144833 0.509984 0.289667 0.613119
3 0.853682 0.433878 0.292637 0.429610
3 0.471709 0.384800 0.104824 0.157903
3 0.418497 0.370574 0.022405 0.038409
2 0.092821 0.149368 0.032007 0.119494
2 0.471309 0.160037 0.017604 0.061170
2 0.863799 0.102424 0.029607 0.110959
2 0.610141 0.161460 0.018404 0.066860
2 0.488513 0.157192 0.016804 0.075395
2 0.312472 0.268151 0.008802 0.055479
2 0.873402 0.184932 0.021605 0.034141
2 0.851797 0.187065 0.028006 0.041254
4 0.515319 0.274552 0.012803 0.039831
2 0.616142 0.276686 0.011203 0.021338
4 0.634146 0.211960 0.013603 0.014226
4 0.533723 0.163593 0.049611 0.028451
