2 0.068447 0.283929 0.020663 0.056633
2 0.815769 0.238776 0.029273 0.027551
4 0.798119 0.183674 0.028412 0.021429
9 0.788935 0.320408 0.015497 0.048980
9 0.773438 0.327296 0.015497 0.047449
9 0.756218 0.336480 0.012054 0.071939
9 0.744595 0.337245 0.009471 0.064286
9 0.739430 0.338776 0.009471 0.058163
2 0.505820 0.325765 0.004305 0.016837
9 0.041183 0.437245 0.018080 0.110204
9 0.135890 0.414541 0.021524 0.096429
9 0.094133 0.413776 0.010332 0.055102
9 0.082079 0.410714 0.012054 0.064286
3 0.497497 0.352551 0.018080 0.027551
3 0.516869 0.364031 0.036161 0.062755
3 0.475973 0.366327 0.033578 0.052041
3 0.013950 0.498971 0.027900 0.140294
3 0.877328 0.391072 0.241072 0.316837
3 0.628938 0.360204 0.205772 0.324490
1 0.293591 0.266327 0.326308 0.529592
