4 0.771186 0.063996 0.038236 0.028550
4 0.783804 0.110900 0.022177 0.024471
4 0.644156 0.210952 0.013765 0.014955
4 0.637656 0.240861 0.022177 0.012236
2 0.304281 0.027883 0.016824 0.055767
2 0.328752 0.027897 0.019883 0.055740
2 0.536329 0.140710 0.007647 0.044864
2 0.528700 0.138962 0.006883 0.042145
2 0.544759 0.141001 0.006883 0.046224
2 0.797951 0.176836 0.032119 0.050302
4 0.608724 0.312689 0.007647 0.012236
4 0.614459 0.329003 0.006883 0.009517
4 0.679461 0.286858 0.011471 0.023112
3 0.066284 0.417825 0.132569 0.255589
3 0.746645 0.388595 0.154475 0.180816
3 0.872190 0.435778 0.253890 0.335801
3 0.477591 0.501715 0.331892 0.448640
