9 0.374589 0.368202 0.008412 0.047583
9 0.442268 0.364804 0.007647 0.035347
9 0.509946 0.355967 0.006883 0.025831
9 0.509564 0.395393 0.006118 0.017674
9 0.614586 0.339879 0.006118 0.024471
9 0.577497 0.390181 0.006883 0.019033
9 0.661235 0.375906 0.007647 0.042145
9 0.186976 0.353474 0.006883 0.027190
9 0.196153 0.354154 0.008412 0.033988
9 0.292508 0.351435 0.006883 0.020393
9 0.608724 0.341239 0.004588 0.024471
2 0.549330 0.440257 0.013765 0.020393
2 0.551624 0.447054 0.009177 0.023112
2 0.558506 0.450453 0.015295 0.035347
2 0.566918 0.454532 0.015295 0.046224
2 0.584507 0.455891 0.035177 0.065257
2 0.603625 0.470846 0.059649 0.087009
2 0.861339 0.417825 0.056590 0.032628
2 0.869368 0.437538 0.066531 0.055740
2 0.933223 0.432620 0.119298 0.081889
2 0.967636 0.436858 0.064237 0.087009
2 0.057737 0.709668 0.115474 0.236556
2 0.211830 0.489653 0.065767 0.063897
2 0.272626 0.470619 0.042060 0.033988
2 0.318509 0.465861 0.025236 0.024471
2 0.497201 0.497810 0.118533 0.186254
2 0.738090 0.503474 0.230183 0.263746
2 0.407982 0.476737 0.063472 0.097885
2 0.354197 0.476057 0.049707 0.085650
2 0.441503 0.453625 0.024471 0.051662
7 0.095813 0.468580 0.155940 0.146828
9 0.301032 0.349946 0.009060 0.021963
9 0.382570 0.394604 0.006589 0.017570
