4 0.142308 0.439547 0.016742 0.027638
4 0.252926 0.436358 0.017938 0.025512
3 0.389255 0.486319 0.063381 0.044646
4 0.474161 0.383209 0.046639 0.072283
4 0.550697 0.302421 0.056206 0.051024
3 0.498078 0.462189 0.037072 0.038268
4 0.541130 0.413291 0.015546 0.021260
3 0.603913 0.449433 0.038268 0.038268
3 0.649953 0.451559 0.046639 0.042520
4 0.676860 0.401599 0.009567 0.027638
4 0.687623 0.388843 0.021526 0.036142
4 0.740839 0.364394 0.046639 0.068032
4 0.468421 0.449433 0.008371 0.017008
3 0.743470 0.502583 0.151875 0.153071
