9 0.406236 0.371953 0.013184 0.039844
9 0.459629 0.380156 0.009229 0.037500
9 0.419419 0.441093 0.010547 0.028125
9 0.516319 0.450468 0.011865 0.028125
9 0.556529 0.431718 0.015820 0.028125
2 0.342954 0.486093 0.031641 0.050625
2 0.316587 0.495000 0.039551 0.042187
2 0.182774 0.469218 0.032959 0.046875
2 0.248033 0.490312 0.113379 0.070312
2 0.091148 0.475078 0.065918 0.072656
2 0.503794 0.505547 0.031641 0.067969
2 0.522251 0.509062 0.026367 0.070312
2 0.536094 0.507890 0.030322 0.077344
2 0.576963 0.509062 0.080420 0.117187
2 0.654087 0.533672 0.121289 0.189844
2 0.810972 0.568828 0.326953 0.321094
7 0.476768 0.489140 0.032959 0.044531
2 0.023162 0.459843 0.046324 0.065625
2 0.009319 0.471562 0.018638 0.079687
2 0.926987 0.721171 0.145019 0.325781
