4 0.462925 0.343359 0.050098 0.110156
4 0.464243 0.242578 0.047461 0.086719
4 0.802402 0.364453 0.017139 0.053906
4 0.632993 0.430078 0.007910 0.021094
2 0.549937 0.467578 0.002637 0.025781
3 0.571030 0.489843 0.007910 0.023437
3 0.540708 0.483984 0.005273 0.021094
3 0.549937 0.488672 0.010547 0.016406
3 0.560484 0.492187 0.013184 0.032812
3 0.532798 0.487500 0.010547 0.018750
3 0.517637 0.491015 0.017139 0.035156
3 0.493247 0.481640 0.021094 0.030469
3 0.582237 0.487500 0.006592 0.028125
3 0.588828 0.493359 0.009229 0.035156
3 0.606626 0.501562 0.036914 0.051562
3 0.698911 0.515625 0.047461 0.060937
3 0.454356 0.507422 0.069873 0.096094
3 0.415464 0.502734 0.031641 0.049219
3 0.366685 0.510937 0.073828 0.093750
3 0.270445 0.510937 0.092285 0.089062
3 0.098399 0.544922 0.196435 0.175781
