4 0.478631 0.426316 0.017547 0.017330
4 0.566851 0.435847 0.010723 0.039859
3 0.292442 0.484785 0.050690 0.066759
3 0.321199 0.482638 0.016572 0.043325
3 0.225668 0.478306 0.043866 0.048524
3 0.342645 0.489570 0.024370 0.029461
3 0.362629 0.483505 0.025345 0.031194
3 0.379688 0.488704 0.014622 0.027728
3 0.395285 0.482638 0.014622 0.025995
3 0.407470 0.478306 0.009748 0.017330
9 0.415268 0.481772 0.007798 0.027728
9 0.448899 0.475706 0.004874 0.015597
3 0.472782 0.479172 0.021446 0.032927
4 0.627289 0.400321 0.008773 0.010398
3 0.892924 0.584885 0.212508 0.292876
3 0.749627 0.525096 0.169617 0.173299
3 0.667743 0.521631 0.056539 0.097048
3 0.637037 0.503434 0.075060 0.098781
3 0.524934 0.485133 0.020471 0.030984
3 0.512262 0.480039 0.006824 0.020796
3 0.501051 0.479172 0.015597 0.022529
3 0.485454 0.472240 0.009748 0.025995
