2 0.082266 0.584250 0.164531 0.283500
2 0.188156 0.583786 0.070875 0.124429
2 0.243000 0.574071 0.045562 0.066000
2 0.364689 0.599315 0.114373 0.176457
2 0.486281 0.586250 0.028687 0.043500
2 0.459422 0.583250 0.022781 0.046500
2 0.436219 0.584000 0.020250 0.039000
2 0.426094 0.584750 0.008437 0.037500
9 0.233297 0.499750 0.010969 0.019500
9 0.261984 0.505750 0.010969 0.013500
9 0.233719 0.514250 0.008438 0.011500
2 0.273491 0.526950 0.015187 0.022500
9 0.322450 0.505984 0.010763 0.017008
9 0.372677 0.507047 0.013155 0.019134
