3 0.413900 0.320438 0.009941 0.017674
3 0.424223 0.324517 0.010706 0.017674
3 0.435312 0.325196 0.014530 0.019033
3 0.458636 0.315000 0.030589 0.047583
3 0.481960 0.323837 0.043589 0.046224
3 0.513697 0.329955 0.048943 0.063897
3 0.299955 0.327915 0.011471 0.013595
3 0.316397 0.325876 0.012236 0.014955
3 0.363810 0.321798 0.012236 0.017674
3 0.283896 0.339471 0.016059 0.023112
3 0.118714 0.367341 0.028295 0.065257
3 0.066331 0.380937 0.053531 0.059819
3 0.025136 0.387734 0.050271 0.154985
3 0.161922 0.368021 0.104003 0.085650
3 0.399370 0.328595 0.016059 0.020393
3 0.558815 0.331994 0.082591 0.103323
3 0.202452 0.106994 0.032119 0.061178
3 0.919614 0.300725 0.156005 0.190332
2 0.730655 0.156623 0.027530 0.042145
4 0.714681 0.065611 0.029060 0.024471
