4 0.685736 0.349934 0.022981 0.071053
4 0.194640 0.460954 0.031974 0.030197
3 0.414459 0.624375 0.011990 0.023092
3 0.402968 0.631480 0.010991 0.030197
3 0.390479 0.632368 0.015987 0.035526
3 0.366498 0.641250 0.035970 0.067500
3 0.326032 0.655461 0.060950 0.103026
3 0.263583 0.692763 0.151875 0.163421
6 0.116659 0.701361 0.080025 0.124910
3 0.437440 0.615493 0.013988 0.019539
3 0.444434 0.623487 0.015987 0.017763
3 0.453427 0.628816 0.021982 0.024868
3 0.468914 0.636809 0.018984 0.037303
3 0.491895 0.642138 0.024979 0.040855
3 0.512378 0.650132 0.033972 0.060395
3 0.542853 0.660789 0.056953 0.074605
3 0.600306 0.684770 0.079934 0.111908
3 0.726202 0.717632 0.213824 0.255789
