4 0.403120 0.072000 0.020846 0.042353
2 0.406098 0.164647 0.023824 0.116471
4 0.428433 0.134206 0.023824 0.055588
2 0.428433 0.195088 0.023824 0.050294
9 0.388975 0.380383 0.031268 0.108529
9 0.429177 0.401559 0.031268 0.150882
9 0.511815 0.388324 0.023824 0.124412
0 0.487992 0.381706 0.035735 0.158824
5 0.493948 0.435971 0.059559 0.076765
4 0.542339 0.365824 0.019357 0.042353
4 0.542339 0.401559 0.025313 0.029118
4 0.665179 0.368471 0.008934 0.037059
4 0.731439 0.359206 0.013401 0.018529
2 0.926494 0.230824 0.016379 0.079412
2 0.957762 0.117265 0.022335 0.143471
4 0.926494 0.172588 0.016379 0.026471
4 0.958507 0.013500 0.026801 0.027000
0 0.897459 0.392294 0.056581 0.201177
0 0.981487 0.349941 0.037026 0.206471
5 0.967441 0.432000 0.059559 0.137647
5 0.917322 0.457727 0.118921 0.094245
4 0.331313 0.390227 0.024357 0.122264
3 0.860727 0.363481 0.034387 0.058585
3 0.824191 0.364755 0.024357 0.035660
