2 0.197276 0.241875 0.014502 0.065625
2 0.148497 0.451640 0.017139 0.030469
2 0.591465 0.416484 0.019775 0.025781
2 0.728574 0.369609 0.017139 0.039844
2 0.184092 0.240703 0.011865 0.053906
2 0.214415 0.240703 0.011865 0.058594
2 0.758237 0.364922 0.026367 0.035156
4 0.745054 0.339140 0.021094 0.030469
9 0.350865 0.491484 0.010547 0.044531
3 0.372618 0.470390 0.009229 0.021094
3 0.362730 0.473906 0.015820 0.028125
3 0.312632 0.487968 0.034277 0.051562
3 0.300767 0.500859 0.031641 0.053906
3 0.273741 0.507890 0.032959 0.058594
3 0.257261 0.521953 0.034277 0.058594
3 0.885459 0.489140 0.112060 0.082031
3 0.226280 0.534843 0.061963 0.070312
3 0.762192 0.575859 0.224121 0.194531
1 0.469517 0.464531 0.195117 0.412500
3 0.944785 0.504375 0.109424 0.089062
