2 0.550600 0.523546 0.028398 0.041136
2 0.565850 0.524481 0.010518 0.039266
2 0.587937 0.517002 0.037864 0.057964
2 0.597403 0.525416 0.037864 0.059834
2 0.605817 0.531960 0.039967 0.061704
2 0.632638 0.540374 0.062054 0.078532
2 0.500115 0.539439 0.091504 0.136496
2 0.451208 0.531025 0.018932 0.044875
2 0.434905 0.537570 0.032605 0.050485
2 0.424914 0.545984 0.023139 0.044875
7 0.401249 0.540374 0.041019 0.063573
2 0.382317 0.554398 0.047329 0.061704
2 0.325697 0.563747 0.077831 0.087881
2 0.938215 0.655741 0.118850 0.360873
9 0.283376 0.122739 0.023139 0.087881
9 0.607846 0.250821 0.015776 0.067313
9 0.720385 0.430189 0.019984 0.028047
9 0.590492 0.250153 0.014725 0.061704
9 0.257082 0.123007 0.018932 0.080402
9 0.498988 0.446483 0.006311 0.016828
9 0.552628 0.450223 0.004207 0.016828
9 0.236046 0.465181 0.016828 0.028047
9 0.257608 0.468921 0.007362 0.024307
