2 0.317784 0.522680 0.025515 0.055670
2 0.196005 0.511340 0.048711 0.098969
2 0.342139 0.534021 0.013918 0.037113
2 0.401289 0.528866 0.027835 0.030928
2 0.264433 0.507217 0.095103 0.144330
2 0.367655 0.515464 0.046392 0.070103
2 0.111340 0.645979 0.222680 0.472165
9 0.173969 0.356701 0.009278 0.037113
9 0.183247 0.355670 0.009278 0.030928
9 0.192526 0.356701 0.009278 0.037113
9 0.277771 0.276289 0.010438 0.049485
9 0.305026 0.278351 0.011598 0.049485
9 0.288209 0.275258 0.010438 0.051546
9 0.499291 0.379382 0.022036 0.041237
9 0.514949 0.380412 0.011598 0.035052
9 0.514369 0.457732 0.015077 0.024742
2 0.769291 0.461856 0.038273 0.028866
2 0.708402 0.470103 0.097423 0.049485
2 0.639974 0.497938 0.053351 0.063918
2 0.595322 0.503093 0.089304 0.065979
2 0.788428 0.660825 0.415206 0.389691
2 0.921804 0.804742 0.153093 0.381443
