3 0.072940 0.616757 0.145881 0.393144
3 0.272249 0.628891 0.320599 0.392450
2 0.386915 0.274576 0.007020 0.037442
2 0.014248 0.268336 0.012871 0.054083
2 0.005661 0.268336 0.011323 0.049923
2 0.726821 0.075925 0.019891 0.081125
2 0.778889 0.252735 0.028082 0.068644
2 0.812236 0.253775 0.024571 0.058243
1 0.057177 0.450427 0.114355 0.110406
3 0.946794 0.347381 0.101796 0.112327
3 0.802875 0.406664 0.120517 0.139368
3 0.898236 0.323459 0.046803 0.072804
3 0.394521 0.455547 0.052653 0.062404
3 0.237731 0.443067 0.052653 0.012481
3 0.196194 0.473228 0.023401 0.031202
3 0.451854 0.437866 0.029252 0.027042
3 0.437813 0.437866 0.008190 0.022881
3 0.423188 0.437866 0.018721 0.035362
3 0.696399 0.402504 0.101796 0.085285
3 0.506263 0.446187 0.128708 0.081125
1 0.430793 0.404584 0.083075 0.047843
9 0.610984 0.412905 0.022231 0.081125
4 0.427807 0.278588 0.037442 0.014561
3 0.496841 0.220345 0.016381 0.014561
3 0.840842 0.026893 0.018721 0.052003
4 0.861903 0.051855 0.049143 0.068644
3 0.834991 0.130899 0.056163 0.064484
3 0.842012 0.189143 0.023401 0.076965
4 0.982420 0.097617 0.030422 0.076965
2 0.507372 0.288543 0.009361 0.037442
4 0.502691 0.351987 0.014041 0.014561
4 0.503276 0.377988 0.012871 0.020801
3 0.162786 0.469514 0.012871 0.020801
3 0.177997 0.464314 0.010531 0.027042
3 0.144650 0.467434 0.018721 0.020801
4 0.984847 0.177664 0.023167 0.024407
