2 0.363402 0.555979 0.016531 0.027551
2 0.383549 0.563326 0.013431 0.031224
2 0.338090 0.556898 0.015497 0.022041
2 0.283332 0.557816 0.021696 0.034898
2 0.266285 0.547714 0.012398 0.044082
2 0.317426 0.569755 0.032028 0.055102
2 0.404520 0.560694 0.036776 0.047510
2 0.466202 0.599143 0.063023 0.069796
5 0.233224 0.537612 0.053724 0.078980
5 0.215143 0.592714 0.073355 0.086327
9 0.639257 0.473326 0.020663 0.034898
9 0.181565 0.497755 0.008265 0.029388
9 0.338090 0.483061 0.007232 0.022041
9 0.481699 0.159796 0.019630 0.073469
9 0.459486 0.167143 0.018597 0.077143
9 0.011094 0.247041 0.014464 0.071633
9 0.153670 0.471122 0.006199 0.020204
