4 0.051177 0.417651 0.077010 0.086650
4 0.055564 0.577086 0.076035 0.086650
4 0.107229 0.480905 0.046791 0.081451
4 0.054589 0.512099 0.019496 0.036393
4 0.401621 0.493036 0.019496 0.032927
4 0.765224 0.356130 0.074085 0.088383
2 0.627776 0.480039 0.017547 0.045058
4 0.650197 0.477439 0.025345 0.043325
4 0.402596 0.544159 0.019496 0.013864
2 0.510312 0.434114 0.008773 0.025995
2 0.587809 0.411586 0.009748 0.036393
4 0.522010 0.436714 0.010723 0.020796
4 0.601944 0.408120 0.014622 0.029461
4 0.770586 0.501701 0.071161 0.084917
4 0.649222 0.544159 0.025345 0.041592
3 0.318275 0.662869 0.154994 0.178498
3 0.567826 0.713126 0.248576 0.355263
3 0.405033 0.599615 0.082859 0.110911
3 0.461572 0.583152 0.057514 0.074519
7 0.539556 0.502568 0.102355 0.083184
