3 0.039967 0.560623 0.079934 0.064121
3 0.023883 0.519031 0.045816 0.046791
3 0.099430 0.536361 0.077985 0.074519
3 0.163768 0.530295 0.111128 0.069320
3 0.258811 0.531162 0.059463 0.050257
3 0.229567 0.523364 0.022421 0.034660
3 0.481068 0.584018 0.098456 0.128241
3 0.324611 0.558023 0.083833 0.114377
3 0.642886 0.593550 0.119901 0.126508
3 0.746215 0.557157 0.061413 0.074519
3 0.392848 0.543293 0.033143 0.039859
1 0.541018 0.517298 0.083833 0.140372
3 0.438176 0.541560 0.016572 0.039859
3 0.429403 0.544159 0.012673 0.041592
3 0.416730 0.546759 0.018521 0.032927
4 0.403570 0.470507 0.015597 0.015597
4 0.410882 0.498235 0.036068 0.039859
4 0.456697 0.486971 0.010723 0.010398
4 0.447437 0.505167 0.035093 0.025995
4 0.606818 0.512966 0.012673 0.024262
3 0.699912 0.559756 0.031194 0.038126
