2 0.427777 0.527836 0.007177 0.022968
2 0.417369 0.530388 0.013637 0.020416
2 0.410551 0.536768 0.011484 0.030624
2 0.401579 0.537406 0.009331 0.037004
2 0.393325 0.537406 0.010048 0.039556
2 0.370357 0.532940 0.033016 0.063800
2 0.328369 0.541872 0.052395 0.081664
2 0.483043 0.528474 0.005742 0.019140
2 0.491297 0.540596 0.010766 0.040832
2 0.502063 0.545062 0.009331 0.047212
2 0.512830 0.542510 0.016508 0.072732
2 0.541755 0.550591 0.041629 0.082940
2 0.275830 0.556971 0.091154 0.118667
2 0.464238 0.526347 0.015790 0.021692
2 0.584461 0.562075 0.106944 0.131427
9 0.471846 0.492533 0.005742 0.010208
9 0.319756 0.409381 0.036605 0.024244
9 0.131706 0.427458 0.015790 0.043384
9 0.442461 0.488218 0.010438 0.022680
