3 0.191343 0.446953 0.018457 0.021094
3 0.209800 0.441797 0.023730 0.025781
3 0.228257 0.448828 0.013184 0.021094
3 0.242759 0.441797 0.015820 0.030469
3 0.253306 0.439453 0.015820 0.030469
3 0.271104 0.441797 0.019775 0.025781
3 0.290879 0.441797 0.017139 0.016406
3 0.322520 0.450000 0.046143 0.065625
1 0.395689 0.452343 0.087012 0.126562
4 0.653469 0.267187 0.017056 0.037500
2 0.470176 0.384375 0.009229 0.028125
2 0.447105 0.397265 0.010547 0.025781
2 0.412827 0.382031 0.007910 0.018750
2 0.376573 0.378515 0.003955 0.025781
2 0.244737 0.365625 0.009229 0.023437
2 0.300108 0.353906 0.009229 0.023437
4 0.277696 0.364453 0.014502 0.016406
2 0.339659 0.367968 0.009229 0.023437
