4 0.072134 0.167774 0.022730 0.027551
4 0.780883 0.219203 0.028929 0.031224
4 0.765386 0.345937 0.012398 0.027551
2 0.785016 0.284240 0.018597 0.036735
2 0.751438 0.286077 0.015497 0.036735
9 0.180016 0.386082 0.015497 0.058775
9 0.159352 0.386082 0.013431 0.058775
9 0.134040 0.381490 0.020663 0.071633
9 0.080316 0.391592 0.020663 0.069796
9 0.045188 0.387000 0.016531 0.097347
2 0.083415 0.276796 0.018597 0.027551
2 0.080832 0.310775 0.017564 0.022041
1 0.026727 0.353020 0.053453 0.146939
2 0.531390 0.295714 0.012398 0.029388
2 0.535523 0.327857 0.010332 0.020204
4 0.524404 0.164781 0.037194 0.018367
9 0.683265 0.387857 0.012398 0.067959
9 0.616626 0.380510 0.011365 0.053265
9 0.601645 0.391531 0.018597 0.064286
3 0.794315 0.398284 0.119847 0.073469
9 0.987856 0.387746 0.019984 0.093803
9 0.644506 0.399620 0.022730 0.073469
3 0.307710 0.364898 0.025829 0.055102
3 0.298929 0.370408 0.026862 0.036735
3 0.282914 0.379592 0.040293 0.040408
3 0.245971 0.390775 0.077988 0.055427
3 0.411011 0.398284 0.192168 0.345306
