4 0.766392 0.437988 0.038982 0.072074
4 0.767951 0.548870 0.028067 0.052669
4 0.398009 0.541940 0.035084 0.049897
4 0.503651 0.607084 0.031186 0.022177
4 0.511837 0.586986 0.005458 0.018018
4 0.398399 0.607777 0.012474 0.042967
4 0.399568 0.652823 0.008576 0.011088
4 0.453364 0.602233 0.007017 0.020791
3 0.354583 0.692464 0.020271 0.041581
3 0.428649 0.688999 0.035864 0.048511
4 0.449310 0.670287 0.008576 0.022177
3 0.527664 0.661278 0.018711 0.020791
3 0.577951 0.678603 0.021050 0.038809
3 0.605629 0.670980 0.034304 0.062372
3 0.639933 0.681376 0.037423 0.055441
3 0.547545 0.668901 0.024169 0.024949
3 0.491800 0.685534 0.046779 0.058214
3 0.390446 0.714640 0.068609 0.094250
3 0.330414 0.693850 0.031186 0.041581
