4 0.231713 0.129494 0.018353 0.034668
4 0.183535 0.160083 0.022942 0.059139
4 0.428439 0.268165 0.008030 0.053021
4 0.451954 0.286518 0.004588 0.016314
4 0.651262 0.313029 0.012618 0.061178
4 0.606525 0.291616 0.030971 0.042825
4 0.641416 0.202908 0.010324 0.018353
2 0.204182 0.031609 0.021795 0.063218
2 0.826480 0.190672 0.018353 0.050982
2 0.069399 0.143089 0.017206 0.059139
2 0.818833 0.247092 0.012618 0.030589
2 0.653078 0.232817 0.009177 0.050982
2 0.514088 0.180816 0.010324 0.044864
2 0.080296 0.148187 0.006883 0.057100
2 0.504032 0.181088 0.009177 0.048943
2 0.542001 0.312825 0.003441 0.016314
2 0.516765 0.312825 0.003441 0.020393
3 0.349863 0.367069 0.061943 0.089728
3 0.385194 0.354834 0.020648 0.032628
3 0.424768 0.357893 0.021795 0.022432
3 0.440254 0.354834 0.013765 0.028550
3 0.499903 0.354834 0.016059 0.028550
3 0.551751 0.347696 0.011471 0.018353
3 0.536266 0.345657 0.026383 0.034668
3 0.575840 0.354834 0.022942 0.036707
3 0.524795 0.366050 0.044737 0.067296
3 0.467440 0.358912 0.047031 0.069335
3 0.399762 0.359932 0.033266 0.034668
7 0.304438 0.351775 0.096356 0.087689
3 0.072539 0.369109 0.118150 0.077492
3 0.693690 0.356873 0.061943 0.106042
3 0.809546 0.407855 0.263831 0.285498
