2 0.386145 0.295408 0.014636 0.053571
2 0.557478 0.344388 0.009471 0.047449
2 0.548868 0.343623 0.007749 0.052041
2 0.568671 0.344388 0.009471 0.047449
2 0.705134 0.465306 0.012054 0.026020
2 0.318559 0.472959 0.013776 0.022959
2 0.544563 0.473725 0.006027 0.018367
2 0.501515 0.476786 0.006027 0.015306
2 0.130437 0.430868 0.012915 0.030612
2 0.695233 0.466837 0.008610 0.026020
3 0.594069 0.536174 0.024107 0.044388
3 0.481282 0.529286 0.015497 0.030612
3 0.758084 0.592806 0.095568 0.172959
3 0.458036 0.541072 0.029273 0.036735
3 0.403364 0.544898 0.050797 0.065816
3 0.532940 0.586225 0.127424 0.188265
3 0.891104 0.574745 0.214381 0.410204
4 0.628938 0.472959 0.007749 0.022959
