3 0.102812 0.574685 0.205624 0.251637
2 0.600614 0.073111 0.019128 0.068010
2 0.631697 0.064610 0.012433 0.051008
2 0.619742 0.065460 0.015302 0.076511
2 0.436593 0.358753 0.012433 0.023804
2 0.524103 0.346001 0.009564 0.022103
2 0.617895 0.347702 0.011345 0.018703
4 0.690993 0.134320 0.073642 0.030605
4 0.610310 0.333250 0.015302 0.020403
4 0.607919 0.351952 0.008608 0.017003
3 0.355909 0.496474 0.072686 0.074811
3 0.453940 0.455668 0.031561 0.044207
3 0.415684 0.471820 0.052602 0.056108
3 0.523278 0.448867 0.030605 0.034005
3 0.550535 0.440365 0.020084 0.023804
3 0.497455 0.441216 0.017215 0.022103
3 0.477849 0.451417 0.018171 0.025504
2 0.778157 0.319648 0.014346 0.020403
2 0.758072 0.326449 0.010520 0.020403
2 0.027735 0.436115 0.017215 0.028904
