9 0.342969 0.441463 0.012006 0.024901
9 0.449022 0.444131 0.008004 0.026680
9 0.396996 0.496601 0.008004 0.017787
5 0.380488 0.518834 0.037018 0.062253
2 0.351974 0.541067 0.020010 0.032016
2 0.333465 0.540178 0.023011 0.037352
2 0.312955 0.542846 0.028014 0.042688
7 0.277437 0.511719 0.051025 0.040909
2 0.287942 0.546403 0.034017 0.056917
2 0.244921 0.543735 0.040020 0.044466
2 0.263430 0.574651 0.055027 0.070724
5 0.108454 0.456581 0.216907 0.233004
7 0.595594 0.502826 0.101050 0.168972
2 0.474034 0.618439 0.188093 0.257905
2 0.723795 0.525963 0.024370 0.129974
2 0.744753 0.519031 0.015597 0.102247
