4 0.651172 0.334467 0.013647 0.031194
3 0.159381 0.434114 0.199836 0.185430
3 0.339721 0.370860 0.082859 0.097048
3 0.502513 0.380392 0.096506 0.154236
3 0.393822 0.362195 0.042892 0.065854
3 0.425016 0.354397 0.035093 0.046791
3 0.448899 0.345732 0.026320 0.043325
3 0.554178 0.365661 0.024370 0.058922
3 0.548329 0.331868 0.016572 0.025995
3 0.567338 0.345732 0.011698 0.025995
3 0.585787 0.343132 0.025490 0.027728
3 0.632163 0.330135 0.014622 0.025995
3 0.614129 0.329268 0.015597 0.020796
4 0.209550 0.142535 0.035989 0.044787
