4 0.958236 0.278145 0.079934 0.220090
4 0.893899 0.163768 0.060438 0.175032
4 0.931429 0.407253 0.135498 0.218357
4 0.327535 0.290276 0.023395 0.019063
4 0.326561 0.350931 0.017547 0.039859
4 0.323149 0.397722 0.041917 0.057189
4 0.416730 0.448845 0.010723 0.027728
3 0.464496 0.512966 0.034118 0.058922
3 0.532245 0.496502 0.025345 0.025995
3 0.606818 0.508633 0.047766 0.032927
3 0.505438 0.493036 0.014622 0.022529
3 0.491303 0.493036 0.011698 0.022529
3 0.248576 0.486971 0.040942 0.045058
3 0.284644 0.487837 0.027295 0.032927
3 0.304140 0.489570 0.011698 0.019063
3 0.080909 0.474840 0.050690 0.027728
3 0.126238 0.478306 0.016572 0.017330
3 0.153045 0.478306 0.017547 0.017330
3 0.031681 0.477439 0.020471 0.019063
4 0.015597 0.399455 0.031194 0.050257
4 0.154994 0.447112 0.011698 0.027728
3 0.216407 0.485238 0.021446 0.045058
3 0.399671 0.486971 0.017547 0.013864
3 0.370427 0.487837 0.013647 0.015597
3 0.339233 0.489570 0.013647 0.015597
3 0.351906 0.488704 0.011698 0.013864
