4 0.281196 0.583293 0.009597 0.010663
4 0.531922 0.481990 0.016795 0.034123
4 0.530722 0.512914 0.016795 0.031991
4 0.041868 0.517180 0.020394 0.027725
4 0.040668 0.554502 0.015595 0.042654
9 0.692344 0.666164 0.039588 0.142891
9 0.620966 0.665098 0.035989 0.140758
9 0.833902 0.672562 0.051585 0.181280
9 0.929874 0.691756 0.101970 0.266587
3 0.057133 0.659004 0.091173 0.132227
1 0.316856 0.600203 0.058783 0.093839
3 0.021968 0.680179 0.043937 0.168483
3 0.448817 0.662051 0.073178 0.089573
3 0.357644 0.650626 0.118765 0.155687
3 0.186305 0.725141 0.245927 0.341279
