9 0.039902 0.250467 0.022942 0.025491
9 0.378581 0.402538 0.009750 0.017334
9 0.391199 0.411715 0.008603 0.017334
9 0.453634 0.391978 0.008603 0.016314
9 0.516724 0.388919 0.008603 0.016314
9 0.017534 0.351047 0.022942 0.034668
9 0.861343 0.378067 0.010897 0.025491
9 0.887726 0.377047 0.013192 0.023452
9 0.638914 0.190298 0.021913 0.046601
2 0.479339 0.459717 0.020183 0.031395
2 0.507721 0.454111 0.031535 0.038123
2 0.543041 0.455232 0.034058 0.053821
2 0.435190 0.457475 0.020183 0.040365
2 0.416899 0.457475 0.021444 0.049336
2 0.403023 0.461960 0.023967 0.062791
2 0.367704 0.472051 0.074424 0.091943
5 0.594129 0.441777 0.078208 0.087458
2 0.455625 0.459000 0.022925 0.045849
