9 0.299553 0.316184 0.013988 0.042632
9 0.493394 0.337500 0.007993 0.042632
9 0.379488 0.447632 0.009992 0.021316
9 0.503386 0.409441 0.009992 0.019539
9 0.418955 0.438750 0.008993 0.017763
9 0.621788 0.418322 0.014988 0.023092
2 0.405466 0.478717 0.017985 0.023092
2 0.393976 0.480493 0.010991 0.026645
2 0.374991 0.480493 0.032973 0.037303
9 0.227113 0.430757 0.016986 0.030197
2 0.477695 0.474486 0.020559 0.028840
2 0.450929 0.487599 0.032973 0.037303
5 0.448931 0.432533 0.040966 0.076382
2 0.521870 0.478717 0.026978 0.030197
2 0.549348 0.468947 0.029975 0.049737
2 0.570830 0.480493 0.030975 0.047961
2 0.793147 0.531118 0.185847 0.181184
2 0.934531 0.555987 0.130892 0.202500
9 0.309996 0.322500 0.007910 0.046875
