3 0.453002 0.557378 0.011921 0.012716
3 0.441081 0.554199 0.014305 0.019074
3 0.422603 0.562676 0.020266 0.019074
3 0.406510 0.563736 0.014305 0.021193
3 0.477440 0.560557 0.010729 0.014835
3 0.498898 0.556319 0.013113 0.014835
3 0.345712 0.567975 0.050069 0.110204
3 0.303392 0.583870 0.091793 0.133516
3 0.597248 0.571154 0.009537 0.010597
4 0.366455 0.482143 0.016690 0.010597
4 0.835789 0.518171 0.032187 0.036028
3 0.177028 0.591287 0.215772 0.250078
3 0.081064 0.654866 0.162127 0.389953
9 0.509389 0.555259 0.008345 0.025432
3 0.468261 0.559497 0.009537 0.012716
3 0.553532 0.559104 0.057311 0.048396
