2 0.304627 0.369994 0.012673 0.029461
2 0.374814 0.343999 0.010723 0.025995
2 0.580985 0.283344 0.011698 0.039859
2 0.677004 0.354397 0.012673 0.025995
3 0.055564 0.531162 0.109178 0.123042
3 0.847108 0.587484 0.302190 0.402054
3 0.467420 0.500835 0.100405 0.142105
3 0.630701 0.500835 0.124775 0.135173
3 0.552716 0.488704 0.056539 0.083184
3 0.413806 0.469641 0.012673 0.031194
3 0.430865 0.447112 0.015597 0.027728
3 0.386999 0.470507 0.033143 0.039859
2 0.295367 0.429782 0.009748 0.020796
4 0.197399 0.320603 0.018521 0.034660
4 0.598532 0.284211 0.023395 0.034660
4 0.754989 0.214891 0.024370 0.048524
4 0.729644 0.321470 0.026320 0.053723
4 0.755476 0.332734 0.019496 0.017330
4 0.673105 0.386457 0.016572 0.027728
9 0.275871 0.473973 0.009748 0.043325
2 0.082371 0.416785 0.012673 0.025995
2 0.665794 0.417651 0.017547 0.024262
