2 0.500997 0.821996 0.033932 0.056163
2 0.465310 0.831357 0.037442 0.062404
2 0.336017 0.857358 0.076055 0.072804
2 0.240072 0.867759 0.132218 0.110247
2 0.413242 0.843837 0.092436 0.095686
2 0.716875 0.818876 0.053823 0.070724
2 0.902331 0.882320 0.193062 0.222573
2 0.597528 0.886480 0.245715 0.222573
9 0.330088 0.492990 0.012714 0.058243
9 0.568977 0.539727 0.008421 0.060455
9 0.066901 0.734284 0.022231 0.037442
9 0.833297 0.687481 0.017551 0.039522
9 0.343620 0.493036 0.012673 0.057189
9 0.584397 0.545892 0.010723 0.072786
9 0.584397 0.540693 0.012673 0.062388
2 0.971862 0.934898 0.053724 0.121224
2 0.672890 0.802125 0.023203 0.033750
2 0.744609 0.798375 0.027422 0.041250
