4 0.756919 0.490312 0.018457 0.028125
4 0.672544 0.536015 0.010547 0.025781
4 0.528184 0.498515 0.035596 0.016406
4 0.342954 0.475078 0.015820 0.025781
2 0.420078 0.497343 0.009229 0.028125
9 0.135313 0.553593 0.022412 0.065625
9 0.275718 0.571171 0.013184 0.049219
9 0.259898 0.566484 0.013184 0.058594
9 0.800425 0.628593 0.029004 0.121875
3 0.584873 0.593437 0.064600 0.103125
3 0.613218 0.618046 0.065918 0.100781
7 0.352774 0.556560 0.140928 0.127808
3 0.484019 0.615703 0.150293 0.264844
3 0.690342 0.650859 0.151611 0.161719
4 0.392059 0.462219 0.012070 0.048278
