3 0.392583 0.523019 0.017193 0.025472
3 0.368226 0.516651 0.011462 0.017830
3 0.413358 0.562501 0.027223 0.038208
3 0.479266 0.581604 0.084534 0.117170
6 0.050147 0.588397 0.100295 0.117170
0 0.160472 0.572689 0.037252 0.119717
6 0.178382 0.582453 0.101728 0.091698
3 0.351032 0.615991 0.134682 0.196132
3 0.572159 0.623633 0.140413 0.185944
2 0.572397 0.495425 0.018626 0.033113
2 0.283691 0.503066 0.017193 0.028019
4 0.189128 0.455307 0.042984 0.022925
4 0.572397 0.423467 0.017193 0.030566
4 0.282779 0.423305 0.025742 0.035362
4 0.258208 0.503390 0.011701 0.024961
