2 0.579434 0.261016 0.019121 0.080126
2 0.346568 0.553598 0.015024 0.043705
2 0.123945 0.603373 0.017755 0.026709
2 0.057704 0.637366 0.016389 0.021853
2 0.594457 0.569380 0.010926 0.016996
2 0.588994 0.598517 0.010926 0.016996
2 0.608798 0.554812 0.012292 0.016996
2 0.312423 0.359353 0.025950 0.048561
4 0.343153 0.468615 0.021853 0.038849
4 0.388224 0.633724 0.030047 0.053417
4 0.124628 0.574236 0.013658 0.026709
4 0.058387 0.611871 0.015024 0.019424
4 0.578068 0.196673 0.019121 0.033993
4 0.909953 0.437051 0.016389 0.048561
4 0.813666 0.497752 0.020487 0.019424
3 0.560996 0.610657 0.012292 0.019424
3 0.573288 0.616727 0.012292 0.031565
3 0.569873 0.633724 0.016389 0.026709
3 0.579434 0.632510 0.019121 0.029137
3 0.588311 0.632510 0.017755 0.033993
3 0.612895 0.636152 0.020487 0.036421
3 0.639528 0.633724 0.040974 0.065558
3 0.686648 0.626439 0.034145 0.050989
3 0.757668 0.625225 0.075118 0.097122
3 0.032437 0.724776 0.017755 0.036421
3 0.056339 0.723562 0.043705 0.058273
3 0.100727 0.715064 0.017755 0.031565
3 0.169699 0.712635 0.098336 0.148112
4 0.534875 0.584989 0.021853 0.050989
