2 0.592124 0.291094 0.007910 0.028125
2 0.401621 0.301640 0.006592 0.025781
2 0.376573 0.289922 0.009229 0.030469
2 0.368662 0.292265 0.006592 0.030469
2 0.588169 0.277031 0.010547 0.037500
4 0.376573 0.318047 0.011865 0.021094
4 0.391734 0.342656 0.007910 0.018750
4 0.400303 0.332109 0.006592 0.021094
4 0.493247 0.246562 0.055371 0.051562
4 0.326475 0.250078 0.056689 0.049219
4 0.250669 0.333281 0.007910 0.018750
3 0.435899 0.364922 0.019775 0.039844
3 0.363389 0.359062 0.019775 0.023437
3 0.332408 0.363750 0.026367 0.032812
3 0.302745 0.368437 0.030322 0.037500
3 0.413487 0.381328 0.040869 0.058594
3 0.487974 0.444609 0.094922 0.133594
7 0.482700 0.342656 0.076465 0.131250
