4 0.694086 0.269128 0.046335 0.018305
4 0.368885 0.391925 0.013729 0.010678
4 0.110612 0.396501 0.024025 0.013729
2 0.065748 0.253111 0.013729 0.050339
2 0.049445 0.250823 0.015445 0.048814
2 0.339895 0.190569 0.012871 0.053390
2 0.389662 0.389528 0.007722 0.016780
2 0.468603 0.397155 0.006006 0.016780
2 0.541108 0.390290 0.010297 0.018305
2 0.659090 0.252240 0.012871 0.047288
2 0.646219 0.252240 0.014587 0.044237
9 0.081622 0.466344 0.018019 0.064068
1 0.403391 0.432567 0.026600 0.048814
1 0.546364 0.433983 0.021451 0.042712
3 0.516761 0.437797 0.015445 0.032034
3 0.528345 0.446949 0.023167 0.035085
3 0.481581 0.437034 0.013729 0.033559
3 0.471713 0.438559 0.012871 0.018305
3 0.498313 0.434746 0.024883 0.047288
3 0.439536 0.443898 0.010297 0.019831
3 0.427524 0.432458 0.020593 0.024407
3 0.426666 0.448474 0.017161 0.022881
3 0.376899 0.450763 0.018877 0.027458
3 0.359309 0.453051 0.023167 0.035085
3 0.339574 0.452288 0.028316 0.036610
3 0.310400 0.446949 0.033464 0.044237
3 0.288091 0.457627 0.023167 0.041186
3 0.255056 0.445424 0.051483 0.074746
3 0.230601 0.464491 0.042044 0.045763
3 0.191989 0.469830 0.060922 0.053390
3 0.558505 0.445881 0.007722 0.025932
3 0.566657 0.447407 0.013729 0.035085
3 0.572663 0.450458 0.018877 0.025932
3 0.580385 0.453508 0.015445 0.028983
3 0.588108 0.454271 0.015445 0.033559
3 0.593685 0.456559 0.016303 0.035085
3 0.645597 0.465712 0.092669 0.166271
3 0.834025 0.461898 0.326059 0.457627
9 0.140549 0.472881 0.024025 0.057966
