4 0.216229 0.308136 0.039470 0.027458
4 0.208506 0.374491 0.022309 0.028983
4 0.208935 0.256271 0.011155 0.021356
4 0.241455 0.155898 0.040157 0.119593
4 0.488231 0.504152 0.005148 0.016780
4 0.442325 0.525508 0.009439 0.016780
4 0.552156 0.524746 0.006006 0.018305
4 0.534566 0.496525 0.008581 0.016780
4 0.539285 0.512542 0.007722 0.006102
4 0.552585 0.481271 0.012013 0.010678
4 0.483512 0.517881 0.007722 0.004576
4 0.483941 0.522458 0.010297 0.004576
3 0.528559 0.540763 0.008581 0.010678
3 0.486944 0.546102 0.012871 0.018305
7 0.498527 0.526271 0.017161 0.024407
3 0.513972 0.562881 0.042903 0.061017
3 0.456483 0.562119 0.027458 0.035085
3 0.377971 0.562119 0.071218 0.093051
4 0.901640 0.344593 0.044619 0.032034
4 0.899671 0.403040 0.034318 0.075431
4 0.904039 0.457950 0.020591 0.027732
