4 0.147160 0.600438 0.017087 0.033595
4 0.336944 0.591798 0.013765 0.024471
4 0.314576 0.598935 0.030971 0.018353
4 0.293928 0.601994 0.012618 0.012236
4 0.281884 0.611171 0.018353 0.010196
4 0.619702 0.548973 0.014912 0.044864
4 0.630600 0.582621 0.013765 0.018353
4 0.641497 0.598935 0.008030 0.018353
4 0.646085 0.612190 0.008030 0.024471
4 0.639203 0.612190 0.008030 0.024471
4 0.642644 0.669290 0.008030 0.024471
2 0.379960 0.590778 0.010324 0.022432
2 0.385122 0.639721 0.009177 0.026511
2 0.278442 0.636662 0.013765 0.024471
3 0.051428 0.801095 0.102091 0.230438
3 0.526898 0.765408 0.261537 0.362991
3 0.931056 0.758270 0.135357 0.165181
3 0.411041 0.687915 0.029824 0.044864
3 0.369172 0.656307 0.030971 0.050982
3 0.334760 0.676699 0.024089 0.038746
3 0.315259 0.687915 0.026383 0.053021
3 0.274537 0.707288 0.055060 0.095846
3 0.186785 0.732779 0.127327 0.150906
3 0.385232 0.685876 0.044737 0.053021
