4 0.744139 0.390874 0.018214 0.027399
4 0.391071 0.355054 0.021016 0.014352
7 0.491773 0.499401 0.036428 0.062269
3 0.620670 0.536762 0.042032 0.077214
3 0.348864 0.544234 0.084064 0.171864
3 0.715942 0.555443 0.145710 0.184317
3 0.865844 0.604365 0.267859 0.373411
3 0.171855 0.553029 0.335524 0.356211
3 0.552579 0.544484 0.112085 0.184317
1 0.451142 0.472832 0.028021 0.176845
1 0.391597 0.472832 0.107882 0.221679
9 0.652194 0.525554 0.015412 0.064760
9 0.633980 0.513100 0.012610 0.044834
2 0.595451 0.366144 0.008406 0.029889
2 0.587220 0.369257 0.005955 0.036116
2 0.601756 0.367389 0.007005 0.037362
9 0.767431 0.601522 0.054641 0.318819
