3 0.510812 0.511020 0.030178 0.047412
3 0.348230 0.489718 0.023160 0.023706
3 0.418412 0.489718 0.020353 0.021211
3 0.443327 0.482856 0.005615 0.014972
3 0.451749 0.485351 0.011229 0.017468
3 0.465434 0.483480 0.009124 0.013725
3 0.474909 0.484103 0.007018 0.012477
4 0.578428 0.425462 0.037197 0.057394
4 0.496666 0.454783 0.005615 0.013725
4 0.501578 0.469755 0.004211 0.011229
4 0.452801 0.401756 0.055444 0.052403
4 0.399463 0.382417 0.016142 0.011229
4 0.405779 0.400508 0.032986 0.032440
3 0.714465 0.492213 0.075797 0.023706
4 0.546261 0.484103 0.005615 0.009982
3 0.528365 0.492837 0.007720 0.022458
